#PH0,PH1,IDX,IDXERR,NORM,NORM_ERR
0.001, 0.017, 1.627, 0.042, 1.762, 0.053
0.017, 0.031, 1.583, 0.063, 0.862, 0.031
0.031, 0.051, 1.463, 0.074, 0.493, 0.020
0.051, 0.075, 1.462, 0.089, 0.334, 0.016
0.075, 0.120, 1.450, 0.097, 0.207, 0.010
0.120, 0.330, 1.342, 0.041, 0.276, 0.008
0.330, 0.370, 1.472, 0.038, 1.064, 0.031
0.370, 0.390, 1.500, 0.040, 1.654, 0.049
0.390, 0.400, 1.536, 0.048, 1.859, 0.059
0.400, 0.410, 1.622, 0.052, 1.572, 0.051
0.410, 0.430, 1.604, 0.051, 0.950, 0.031
0.430, 0.470, 1.656, 0.059, 0.462, 0.016
0.470, 0.650, 1.699, 0.108, 0.090, 0.005
0.650, 0.830, 1.886, 0.462, 0.020, 0.004
0.830, 0.950, 1.503, 0.058, 0.233, 0.008
0.950, 0.960, 1.733, 0.061, 1.271, 0.044
0.960, 0.970, 1.611, 0.050, 1.768, 0.057
0.970, 0.980, 1.649, 0.043, 2.532, 0.076
0.980, 0.984, 1.651, 0.053, 3.208, 0.105
0.984, 0.992, 1.627, 0.039, 3.893, 0.114
0.992, 0.001, 1.594, 0.039, 3.453, 0.101 
 
 
 
 
 
 
 
 
 
 
 
 
 
 
 
 
 
