0.150000006	0.0500000007	0	0	0	0	0	0	0	0
0.25	0.0500000045	0	0	0	0	0	0	0	0
0.350000024	0.049999997	0	0	0	0	0	0	0	0
0.449999988	0.049999997	0	0	0	0	0	0	0	0
0.550000012	0.0500000119	0	0	0	0	0	0	0	0
0.650000036	0.0500000119	4.7681332E-021	0	0	0	0	0	4.62090585E-022	4.30604297E-021
0.75	0.0499999821	1.06588647E-016	0	0	0	0	0	3.34005233E-018	1.03248591E-016
0.850000024	0.0500000119	3.84888281E-014	0	0	0	0	0	6.88758329E-016	3.78000718E-014
0.950000048	0.0499999821	8.63803386E-012	0	0	0	0	0	1.51232867E-013	8.48680154E-012
1.04999995	0.0500000119	3.83544363E-010	0	0	0	0	0	1.35432299E-011	3.70001141E-010
1.1500001	0.0500000119	4.05240197E-009	0	0	0	0	0	3.800113E-010	3.67239084E-009
1.25	0.0500000119	2.50809435E-008	1.90597962E-027	0	0	3.31218687E-028	2.40796421E-027	0.000000003	2.20559073E-008
1.35000014	0.0500000119	8.5613145E-008	1.10361483E-024	0	0	1.87461282E-025	1.60792404E-024	8.91592844E-009	7.66972192E-008
1.45000005	0.0499999523	2.79216749E-007	3.06768008E-021	0	0	5.77672264E-022	3.40165627E-021	4.04330649E-008	2.38783684E-007
1.54999995	0.0500000119	4.5048867E-007	1.5057147E-018	0	0	2.7454489E-019	7.78017908E-019	1.17251439E-007	3.3323721E-007
1.6500001	0.0500000119	0.000000848	2.10046873E-016	0	0	3.76034354E-017	7.86832595E-017	2.73671901E-007	5.74307023E-007
1.75	0.0500000119	1.94678751E-006	1.13585348E-014	0	0	2.11263633E-015	5.13294385E-015	5.66471101E-007	1.38031623E-006
1.85000014	0.0500000119	6.50032553E-006	4.87964941E-014	0	0	9.02763311E-015	6.95733347E-014	7.44674423E-007	5.75565082E-006
1.95000005	0.0499999523	0.000002748	5.98769244E-013	0	0	1.09079039E-013	1.80559262E-013	1.03305058E-006	0.000001715
2.04999995	0.0499999523	6.63591027E-006	6.85828651E-012	0	0	1.47953308E-012	3.90033058E-012	1.82112558E-006	4.81477264E-006
2.1500001	0.0500000715	6.10520328E-006	5.2971974E-011	0	0	9.63913151E-012	1.80284017E-011	0.000002123	3.98216662E-006
2.25	0.0499999523	6.56192151E-006	2.97701142E-010	0	0	5.4707721E-011	7.36410516E-011	2.79213782E-006	3.76935759E-006
2.3499999	0.0499999523	8.67778817E-006	1.29083877E-009	0	0	2.48207732E-010	3.44516332E-010	0.000003627	5.04892432E-006
2.44999981	0.0500000715	1.89305847E-005	3.263674E-009	0	0	6.11300788E-010	2.26585239E-009	4.01165198E-006	1.49127918E-005
2.54999995	0.0499999523	8.42246482E-006	5.80180037E-009	0	0	1.09032139E-009	1.09222154E-009	4.19747857E-006	0.000004217
2.6500001	0.0500000715	1.03432731E-005	1.59227689E-008	0	0	3.55177954E-009	2.86732482E-009	5.70331804E-006	4.61761329E-006
2.75	0.0499999523	9.46093041E-006	3.79359726E-008	0	0	7.074346E-009	5.41617196E-009	5.32319427E-006	4.08730966E-006
2.8499999	0.0499999523	0.000011252	8.02810405E-008	0	0	0.000000015	1.36087071E-008	5.83585052E-006	5.30721627E-006
2.94999981	0.0500000715	1.04442715E-005	1.5375052E-007	0	0	2.87384676E-008	1.81382358E-008	0.000006273	3.97067151E-006
3.04999995	0.0499999523	1.11673489E-005	2.70591755E-007	0	0	5.0125422E-008	3.2059198E-008	6.58848057E-006	4.22609264E-006
3.1500001	0.0500000715	1.48773524E-005	4.43194665E-007	0	0	8.68524026E-008	8.2652555E-008	7.29871181E-006	6.96594088E-006
3.25	0.0499999523	1.12574589E-005	6.09303015E-007	0	0	1.14506186E-007	5.41066498E-008	7.11010853E-006	3.36943435E-006
3.3499999	0.0499999523	1.22518777E-005	8.91511945E-007	0	0	1.82740536E-007	7.17426829E-008	7.96844415E-006	3.13743908E-006
3.44999981	0.0500000715	1.18455282E-005	1.2566984E-006	0	0	2.33445519E-007	9.08637858E-008	7.38263907E-006	2.88188085E-006
3.54999995	0.0499999523	1.22803858E-005	1.70157148E-006	0	0	3.14696138E-007	1.12795249E-007	7.46713704E-006	2.68418603E-006
3.6500001	0.0500000715	1.29369018E-005	2.22481231E-006	0	0	4.09196133E-007	1.44355198E-007	7.50371191E-006	2.6548264E-006
3.75	0.0499999523	1.32338528E-005	2.82174756E-006	0	0	5.16426667E-007	0.000000153	7.51040261E-006	2.23222901E-006
3.8499999	0.0499999523	1.47613264E-005	3.48491062E-006	0	0	6.44530814E-007	2.35937335E-007	7.60424973E-006	2.79169785E-006
3.94999981	0.0500000715	0.000015246	4.20474271E-006	0	0	8.04248202E-007	2.20909982E-007	7.85283919E-006	2.16327157E-006
4.05000019	0.0499999523	0.000014878	4.79878099E-006	0	0	0.000000872	1.92207892E-007	0.000007383	0.000001632
4.14999962	0.0499999523	1.64284775E-005	5.52214533E-006	0	0	1.10974702E-006	2.04854388E-007	8.09338871E-006	1.49834148E-006
4.25	0.0500001907	1.62765809E-005	6.38261054E-006	0	0	1.1486153E-006	2.1234132E-007	7.19840227E-006	1.33461231E-006
4.35000038	0.0499999523	1.70538297E-005	7.26245298E-006	0	0	1.29884302E-006	2.16576822E-007	7.09025289E-006	1.18570358E-006
4.44999981	0.0499999523	1.77940783E-005	8.14953455E-006	0	0	0.000001439	2.19649436E-007	6.92568119E-006	1.06018979E-006
4.55000019	0.0499999523	1.87296046E-005	9.03269483E-006	0	0	1.59993954E-006	2.32879614E-007	6.86234034E-006	1.00174964E-006
4.64999962	0.0499999523	1.9414183E-005	0.000009902	0	0	1.73881585E-006	2.18101917E-007	0.000006711	8.44219642E-007
4.75	0.0500001907	2.02111696E-005	1.07488313E-005	0	0	1.88733929E-006	2.1341161E-007	6.61178592E-006	7.49800847E-007
4.85000038	0.0499999523	2.11052557E-005	0.000011566	0	0	2.06073651E-006	2.07525872E-007	0.000006604	0.000000667
4.94999981	0.0499999523	2.16342996E-005	1.23476138E-005	0	0	2.14894067E-006	2.00341432E-007	6.34422713E-006	5.93176821E-007
5.05000019	0.0499999523	2.21879454E-005	1.30891503E-005	0	0	2.24311475E-006	1.91248262E-007	6.13946077E-006	0.000000525
5.14999962	0.0499999523	2.28172939E-005	1.3787223E-005	0	0	2.35980588E-006	0.000000182	6.02245746E-006	4.65814566E-007
5.25	0.0500001907	2.32815291E-005	1.44395144E-005	0	0	2.43406635E-006	1.7223546E-007	5.82251459E-006	4.1319953E-007
5.35000038	0.0499999523	2.37497607E-005	1.50446458E-005	0	0	2.51429287E-006	1.61610743E-007	5.66408471E-006	3.6512634E-007
5.44999981	0.0499999523	2.4325187E-005	0.000015602	0	0	2.63308789E-006	1.52948587E-007	5.61028901E-006	3.26831895E-007
5.55000019	0.0499999523	2.45752253E-005	1.61117532E-005	0	0	2.65824633E-006	0.000000141	5.37806909E-006	2.86135872E-007
5.64999962	0.0499999523	2.52787086E-005	1.65744641E-005	0	0	2.84192765E-006	1.30617124E-007	5.47914397E-006	2.52556674E-007
5.75	0.0500001907	2.51833244E-005	1.69912528E-005	0	0	0.00000276	1.209266E-007	5.08754965E-006	2.23549392E-007
5.85000038	0.0499999523	2.54190854E-005	1.73635544E-005	0	0	2.79909273E-006	1.1132834E-007	4.94775077E-006	1.9735829E-007
5.94999981	0.0499999523	2.58371601E-005	1.76930844E-005	0	0	2.91430615E-006	1.02107592E-007	4.95360155E-006	1.74061626E-007
6.05000019	0.0499999523	0.000025712	1.79817471E-005	0	0	2.83576628E-006	9.37148954E-008	4.6467776E-006	0.000000154
6.14999962	0.0499999523	2.60106426E-005	1.82315762E-005	0	0	2.92546542E-006	8.55609343E-008	4.63216975E-006	1.35870152E-007
6.25	0.0500001907	2.58121327E-005	1.84447017E-005	0	0	2.83018812E-006	7.78971483E-008	4.33955802E-006	1.1978733E-007
6.35000038	0.0499999523	0.0001719581	1.86232792E-005	0.0001461269	0	2.82625456E-006	0.000000071	4.20477591E-006	1.05899041E-007
6.44999981	0.0499999523	0.0001772975	1.87694732E-005	0.000151286	0	2.86715476E-006	9.31979045E-008	4.14647729E-006	1.35174062E-007
6.55000019	0.0499999523	2.64329083E-005	1.88854301E-005	0	0	2.92972049E-006	0.000000204	4.12559211E-006	2.88140228E-007
6.64999962	0.0499999523	5.51021003E-005	1.89732473E-005	0	0	1.51214863E-005	1.01231805E-007	2.07667053E-005	1.3942774E-007
6.75	0.0500001907	5.64532347E-005	0.000019035	0	0	1.59323827E-005	4.95478716E-008	2.13696912E-005	6.66502231E-008
6.85000038	0.0499999523	2.56455696E-005	1.90725405E-005	0	0	2.80020799E-006	0.000000043	3.67314715E-006	5.66285507E-008
6.94999981	0.0499999523	4.38551106E-005	1.90878563E-005	0	0	1.08027198E-005	3.88022272E-008	1.38757478E-005	0.00000005
7.05000019	0.0499999523	0.000070063	1.90827086E-005	0	4.48097562E-005	2.69619818E-006	0.000000035	3.39513372E-006	4.41777921E-008
7.14999962	0.0499999523	1.73184435E-005	0.000012516	0	0	0.000001732	2.06215613E-008	3.01387513E-006	0.000000036
7.25	0.0500001907	0.000016579	0.000011936	0	0	1.65482629E-006	1.77109918E-008	2.93892822E-006	3.15455821E-008
7.35000038	0.0499999523	1.65838428E-005	1.20951599E-005	0	0	0.000001632	1.61861298E-008	2.81253847E-006	0.000000028
7.44999981	0.0499999523	1.66623322E-005	1.22376268E-005	0	0	1.63942161E-006	1.47118806E-008	2.74585932E-006	2.47123975E-008
7.55000019	0.0499999523	1.67324961E-005	1.23640793E-005	0	0	1.64754226E-006	1.33770959E-008	2.68562894E-006	2.18690737E-008
7.64999962	0.0499999523	1.67766011E-005	1.24752487E-005	0	0	1.64945459E-006	1.21873187E-008	2.62029312E-006	1.94167598E-008
7.75	0.0500001907	1.81857285E-005	1.25718625E-005	0	0	2.19039225E-006	0.000000011	3.39526855E-006	1.71643393E-008
7.85000038	0.0499999523	2.27434048E-005	1.26546547E-005	0	0	4.00257159E-006	0.00000001	0.000006061	1.51869024E-008
7.94999981	0.0499999523	1.67864036E-005	1.27243511E-005	0	0	1.62822414E-006	9.06802278E-009	2.41129328E-006	1.34681377E-008
8.05000019	0.0500001907	1.68754759E-005	1.27816666E-005	0	0	1.66285793E-006	8.18551893E-009	2.41086423E-006	1.19020811E-008
8.15000057	0.0500001907	1.72656164E-005	1.28272986E-005	0	0	1.82605243E-006	7.36843386E-009	2.59439821E-006	1.04992353E-008
8.25	0.0499997139	2.03684449E-005	1.28619276E-005	0	0	3.12942461E-006	6.68216371E-009	4.36107211E-006	9.33909838E-009
8.35000038	0.0500001907	1.67809176E-005	1.2721217E-005	0	0	1.69790781E-006	0.000000006	2.34744925E-006	8.33303382E-009
8.45000076	0.0500001907	1.70331004E-005	1.26730693E-005	0	0	1.83915381E-006	5.30589173E-009	2.50831386E-006	7.25740401E-009
8.55000114	0.0499997139	1.62498018E-005	1.26914756E-005	0	0	1.51590393E-006	4.80346918E-009	2.03116315E-006	6.45486642E-009
8.65000057	0.0500001907	1.71749052E-005	1.27008243E-005	0	0	1.92630296E-006	4.33201697E-009	2.53772146E-006	5.72359138E-009
8.75	0.0499997139	1.69175582E-005	1.27016974E-005	0	0	1.83210591E-006	3.87551058E-009	2.37484073E-006	0.000000005
8.85000038	0.0500001907	1.61620756E-005	1.26946406E-005	0	0	1.5197736E-006	3.50321439E-009	1.93967298E-006	4.48410109E-009
8.95000076	0.0500001907	1.63844888E-005	1.26801851E-005	0	0	1.63774655E-006	3.15249338E-009	2.05942865E-006	0.000000004
9.05000114	0.0499997139	1.63386176E-005	1.26588338E-005	0	0	1.64014989E-006	2.81797319E-009	2.03331115E-006	3.50361407E-009
9.15000057	0.0500001907	1.62073939E-005	1.26310661E-005	0	0	1.60630202E-006	2.54016874E-009	1.96437009E-006	3.11542814E-009
9.25	0.0499997139	1.58576149E-005	1.25973411E-005	0	0	1.47494097E-006	2.2849671E-009	1.78028188E-006	2.76600653E-009
9.35000038	0.0500001907	0.000015745	1.25580909E-005	0	0	1.45188528E-006	0.000000002	1.73059038E-006	2.43596698E-009
9.45000076	0.0500001907	1.56250881E-005	1.25137303E-005	0	0	1.42691033E-006	1.83499194E-009	1.68044596E-006	2.16731033E-009
9.55000114	0.0499997139	1.55451708E-005	1.24646449E-005	0	0	1.4217967E-006	1.6495082E-009	1.65515394E-006	1.92581462E-009
9.65000057	0.0500001907	1.54403115E-005	1.24112012E-005	0	0	1.40659574E-006	1.4699747E-009	1.61934781E-006	1.69722636E-009
9.75	0.0499997139	0.000015263	1.23537538E-005	0	0	1.358757E-006	1.32019684E-009	1.5476387E-006	1.5080841E-009
9.85000038	0.0500001907	1.51705008E-005	1.22926249E-005	0	0	1.35160349E-006	1.1867477E-009	1.523744E-006	1.34177647E-009
9.95000076	0.0500001907	1.50292863E-005	1.22281253E-005	0	0	1.32257435E-006	1.05891595E-009	1.47634239E-006	1.18546184E-009
10.0500011	0.0499997139	1.49374546E-005	1.21672228E-005	0	0	0.000001315	9.47293133E-010	1.45327874E-006	0.000000001
10.1500006	0.0500001907	1.48137169E-005	1.21096455E-005	0	0	1.29038983E-006	8.53102866E-010	1.41189241E-006	9.3614072E-010
10.25	0.0499997139	1.4689057E-005	1.20486266E-005	0	0	1.26644568E-006	7.6228801E-010	1.37239317E-006	8.28457414E-010
10.3500004	0.0500001907	1.45728036E-005	1.19844599E-005	0	0	1.2475233E-006	6.80970891E-010	1.33940625E-006	7.3324874E-010
10.4500008	0.0500001907	1.44487194E-005	1.19174174E-005	0	0	1.22572521E-006	6.12132789E-010	1.30431067E-006	6.53269938E-010
10.5500011	0.0499997139	1.43206862E-005	1.18477519E-005	0	0	1.20281732E-006	5.48253054E-010	0.000001269	5.80093529E-010
10.6500006	0.0500001907	1.41891469E-005	1.17757045E-005	0	0	1.17891466E-006	4.88061924E-010	1.23352777E-006	5.12153986E-010
10.75	0.0499997139	1.40556449E-005	1.17015006E-005	0	0	1.15467083E-006	4.39467518E-010	1.19857657E-006	4.57502508E-010
10.8500004	0.0500001907	1.39182121E-005	1.16253532E-005	0	0	0.000001129	3.92877536E-010	0.000001163	4.05874084E-010
10.9500008	0.0500001907	1.37898505E-005	1.15474595E-005	0	0	1.10837277E-006	3.49497348E-010	1.13331055E-006	3.58398394E-010
11.0500011	0.0499997139	1.36651679E-005	0.000011468	0	0	0.00000109	3.14629822E-010	1.10656549E-006	3.20350468E-010
11.1500006	0.0500001907	1.35403334E-005	1.13871702E-005	0	0	1.07186281E-006	2.81806078E-010	1.08073436E-006	2.84963469E-010
11.25	0.0499997139	1.3417537E-005	1.13051128E-005	0	0	1.05511299E-006	2.49757243E-010	1.05681102E-006	2.50885479E-010
11.3500004	0.0500001907	1.32934547E-005	0.000011222	0	0	0.000001038	2.25017865E-010	0.000001033	2.24591706E-010
11.4500008	0.0500001907	1.31678189E-005	1.11379313E-005	0	0	1.02031186E-006	2.01732145E-010	1.00917418E-006	2.0010936E-010
11.5500011	0.0499997139	1.30407743E-005	1.10530855E-005	0	0	1.0020849E-006	1.790538E-010	9.85247766E-007	1.76556436E-010
11.6500006	0.0500001907	1.29124592E-005	1.09675684E-005	0	0	9.83326117E-007	1.60651686E-010	9.61245973E-007	1.57500277E-010
11.75	0.0499997139	0.000012783	1.08814993E-005	0	0	0.000000964	1.44207493E-010	9.37159484E-007	1.40593232E-010
11.8500004	0.0500001907	1.26526165E-005	0.000010795	0	0	9.44319822E-007	1.28363889E-010	9.1305742E-007	1.24474667E-010
11.9500008	0.0500001907	1.25213637E-005	1.07081305E-005	0	0	9.241204E-007	1.14811591E-010	8.88887143E-007	1.10754884E-010
12.0500011	0.0499997139	1.23893442E-005	0.000010621	0	0	9.03465548E-007	1.03003488E-010	8.64655703E-007	9.88650203E-011
12.1500006	0.0500001907	1.22577549E-005	1.05337476E-005	0	0	8.8293001E-007	9.18583265E-011	8.40897087E-007	8.7739295E-011
12.25	0.0499997139	1.21269222E-005	1.04463925E-005	0	0	8.6265004E-007	8.20613091E-011	8.17720036E-007	7.8013096E-011
12.3500004	0.0500001907	1.20000532E-005	0.000010359	0	0	8.44247893E-007	7.36268685E-011	7.96634595E-007	6.96762301E-011
12.4500008	0.0500001907	1.18777425E-005	1.02717222E-005	0	0	0.000000828	6.57401217E-011	7.77875869E-007	6.19385584E-011
12.5500011	0.0499997139	0.000011756	1.01845417E-005	0	0	8.11888356E-007	5.85556811E-011	7.59470311E-007	5.49341787E-011
12.6500006	0.0500001907	0.000011638	1.00975449E-005	0	0	7.97462576E-007	5.26884335E-011	7.4289261E-007	4.92254952E-011
12.75	0.0499997139	1.15206194E-005	1.00107864E-005	0	0	7.83126552E-007	4.70629161E-011	7.26615895E-007	4.3793625E-011
12.8500004	0.0500001907	1.14034901E-005	9.92431887E-006	0	0	7.68663085E-007	4.18512065E-011	7.10427855E-007	3.87927919E-011
12.9500008	0.0500001907	1.12865036E-005	9.83818518E-006	0	0	0.000000754	3.76471701E-011	6.94249991E-007	3.47646807E-011
13.0500011	0.0499997139	1.11696463E-005	9.75242983E-006	0	0	7.39100074E-007	3.37649214E-011	6.78051435E-007	3.10659207E-011
13.1500006	0.0500001907	1.10529254E-005	9.66709194E-006	0	0	0.000000724	2.99852435E-011	6.61813544E-007	2.74907493E-011
13.25	0.0499997139	1.09363791E-005	9.5822088E-006	0	0	7.0858556E-007	2.69010647E-011	6.45533703E-007	2.45784903E-011
13.3500004	0.0500001907	1.08200611E-005	9.49781042E-006	0	0	0.000000693	2.41683548E-011	6.2921896E-007	2.20081679E-011
13.4500008	0.0500001907	1.07048145E-005	9.41393046E-006	0	0	6.77590663E-007	2.15443531E-011	6.13251927E-007	1.9555281E-011
13.5500011	0.0499997139	1.05906211E-005	9.33059255E-006	0	0	6.62383854E-007	1.92536872E-011	5.9760788E-007	1.74212606E-011
13.6500006	0.0500001907	1.04768224E-005	9.24782398E-006	0	0	0.000000647	1.72918641E-011	0.000000582	1.55984774E-011
13.75	0.0499997139	1.03638613E-005	9.16564659E-006	0	0	6.31688465E-007	1.54524241E-011	5.66496624E-007	1.38979288E-011
13.8500004	0.0500001907	1.02552985E-005	9.08408128E-006	0	0	6.18297747E-007	1.38136672E-011	5.52894107E-007	1.23883187E-011
13.9500008	0.0500001907	1.0149125E-005	9.00314535E-006	0	0	6.05774289E-007	1.23971076E-011	5.40182668E-007	1.10868779E-011
14.0500011	0.0499997139	1.00439165E-005	8.92285425E-006	0	0	5.93362017E-007	1.10785079E-011	5.2767848E-007	9.88075247E-012
14.1500006	0.0500001907	9.94142192E-006	8.84322435E-006	0	0	0.000000582	9.90043811E-012	5.16194575E-007	8.80675914E-012
14.25	0.0499997139	9.83973678E-006	8.7642693E-006	0	0	5.70627265E-007	8.91013045E-012	5.04824129E-007	7.90552606E-012
14.3500004	0.0500001907	9.73873284E-006	0.000008686	0	0	5.59221235E-007	7.96383359E-012	4.93499897E-007	7.04830508E-012
14.4500008	0.0500001907	9.63875937E-006	8.6084201E-006	0	0	5.47947593E-007	7.1014878E-012	4.82378653E-007	6.26985486E-012
14.5500011	0.0499997139	9.53993185E-006	8.53154506E-006	0	0	5.36866139E-007	6.39611584E-012	4.71508457E-007	5.63376732E-012
14.6500006	0.0500001907	9.4416946E-006	8.45538125E-006	0	0	5.25678672E-007	5.73905984E-012	4.60623511E-007	5.04342488E-012
14.75	0.0499997139	9.3440749E-006	8.37993503E-006	0	0	5.14398209E-007	5.11300637E-012	4.49732482E-007	4.48322195E-012
14.8500004	0.0500001907	0.000009248	8.30520912E-006	0	0	5.03519061E-007	4.58362731E-012	4.3926417E-007	4.01031292E-012
14.9500008	0.0500001907	9.15255532E-006	8.23120808E-006	0	0	4.92551919E-007	4.1306676E-012	4.28787473E-007	3.60636239E-012
15.0500011	0.0499997139	9.05773686E-006	8.15793555E-006	0	0	4.81495135E-007	3.6930051E-012	4.18298697E-007	3.21761129E-012
15.1500006	0.0500001907	8.96388974E-006	8.08539608E-006	0	0	4.7053274E-007	3.29879266E-012	0.000000408	2.86837958E-012
15.25	0.0499997139	8.87085571E-006	8.01358692E-006	0	0	4.59581429E-007	2.96651874E-012	3.9768176E-007	2.57442006E-012
15.3500004	0.0500001907	8.77859111E-006	7.94251082E-006	0	0	4.48618749E-007	2.66393873E-012	3.87456794E-007	2.30743354E-012
15.4500008	0.0500001907	8.69071573E-006	7.87216777E-006	0	0	4.39589314E-007	2.38188874E-012	0.000000379	2.05930368E-012
15.5500011	0.0499997139	8.60361342E-006	7.80255505E-006	0	0	4.30557009E-007	2.13968058E-012	3.70497332E-007	1.84655589E-012
15.6500006	0.0500001907	8.51721506E-006	7.73367447E-006	0	0	4.21484799E-007	1.91630219E-012	3.62051907E-007	1.65086673E-012
15.75	0.0499997139	8.43316957E-006	7.6655233E-006	0	0	4.13263479E-007	1.7203849E-012	3.54380461E-007	1.47954251E-012
15.8500004	0.0500001907	0.00000835	7.59809745E-006	0	0	4.05087548E-007	1.54757923E-012	3.46788113E-007	1.32870104E-012
15.9500008	0.0499997139	8.26748601E-006	7.53139511E-006	0	0	3.96880665E-007	1.38602498E-012	3.39207872E-007	1.18805389E-012
16.0499992	0.0500001907	8.18574699E-006	7.46541355E-006	0	0	3.88669662E-007	1.23983007E-012	3.31661369E-007	1.06104914E-012
16.1500015	0.0500001907	8.10472829E-006	7.40014866E-006	0	0	3.80441378E-007	1.11819115E-012	3.24135954E-007	9.55464657E-013
16.25	0.0500001907	0.000008025	7.33559727E-006	0	0	3.72508794E-007	1.00531064E-012	3.16896745E-007	8.57710279E-013
16.3500023	0.0500001907	7.94619064E-006	7.27175347E-006	0	0	3.64667812E-007	8.98757793E-013	3.09767955E-007	7.65668562E-013
16.4500008	0.0499992371	7.8683679E-006	7.20861453E-006	0	0	0.000000357	8.0605184E-013	3.02787328E-007	6.85700411E-013
16.5499992	0.0500001907	7.79133825E-006	7.14617499E-006	0	0	3.49296386E-007	7.28573777E-013	2.95865846E-007	6.18918328E-013
16.6500015	0.0500001907	7.71508257E-006	7.08442849E-006	0	0	3.41656175E-007	6.53474562E-013	0.000000289	5.54359455E-013
16.75	0.0500001907	7.63948083E-006	7.02337047E-006	0	0	0.000000334	5.83922017E-013	2.82126877E-007	4.94691853E-013
16.8500023	0.0500001907	7.56452846E-006	0.000006963	0	0	3.26275313E-007	5.26224355E-013	2.75255445E-007	4.4522727E-013
16.9500008	0.0499992371	7.49037099E-006	6.90329898E-006	0	0	3.18618646E-007	4.74393257E-013	2.68452311E-007	4.00860768E-013
17.0499992	0.0500001907	7.41841859E-006	6.84427368E-006	0	0	3.11781065E-007	4.25124373E-013	2.62363187E-007	3.58780036E-013
17.1500015	0.0500001907	7.34810556E-006	6.78591368E-006	0	0	3.05460475E-007	3.81837194E-013	2.56730772E-007	3.21854983E-013
17.25	0.0500001907	7.27842735E-006	6.72821125E-006	0	0	2.99116294E-007	3.43293373E-013	2.51099038E-007	2.89021059E-013
17.3500023	0.0500001907	7.20964726E-006	6.67116274E-006	0	0	2.92894384E-007	3.09242703E-013	2.45589575E-007	2.60050336E-013
17.4500008	0.0499992371	7.1424106E-006	6.61476179E-006	0	0	2.87149703E-007	2.78150089E-013	2.4049865E-007	2.33637518E-013
17.5499992	0.0500001907	7.07584149E-006	0.000006559	0	0	2.81411445E-007	2.49740712E-013	2.35430491E-007	2.09541179E-013
17.6500015	0.0500001907	7.01012505E-006	6.50387074E-006	0	0	2.75782924E-007	2.24350174E-013	2.30470761E-007	1.88032952E-013
17.75	0.0500001907	6.94526398E-006	6.44936927E-006	0	0	2.70270363E-007	2.02360291E-013	2.25623836E-007	1.69422446E-013
17.8500023	0.0500001907	6.88106138E-006	6.39548807E-006	0	0	2.64770392E-007	1.82378499E-013	2.20802704E-007	1.52534371E-013
17.9500008	0.0499992371	6.81746178E-006	6.34222079E-006	0	0	2.59256154E-007	1.63561208E-013	0.000000216	1.36657287E-013
18.0499992	0.0500001907	6.75458796E-006	6.28956059E-006	0	0	2.53799186E-007	1.46810962E-013	2.11228141E-007	1.22540351E-013
18.1500015	0.0500001907	6.69233077E-006	6.23749975E-006	0	0	2.4834381E-007	1.32952067E-013	2.06486874E-007	1.10864707E-013
18.25	0.0500001907	6.63065703E-006	0.000006186	0	0	2.42876382E-007	1.19647957E-013	2.01748946E-007	9.96759438E-014
18.3500023	0.0500001907	6.56987322E-006	6.13515112E-006	0	0	2.37566994E-007	1.07222126E-013	1.97155018E-007	8.92411687E-014
18.4500008	0.0499992371	6.50973061E-006	6.08485016E-006	0	0	2.32284563E-007	9.66081531E-014	1.92595706E-007	8.03339464E-014
18.5499992	0.0500001907	6.45017144E-006	6.03512262E-006	0	0	0.000000227	8.73695241E-014	0.000000188	7.25869085E-014
18.6500015	0.0500001907	6.39121799E-006	0.000005986	0	0	2.21733998E-007	7.85663852E-014	1.83523952E-007	6.5216326E-014
18.75	0.0500001907	6.33375066E-006	5.9373574E-006	0	0	0.000000217	7.06169674E-014	1.79425612E-007	5.85676662E-014
18.8500023	0.0500001907	6.27761074E-006	5.88930789E-006	0	0	2.12619568E-007	6.36068008E-014	1.75683127E-007	5.2709566E-014
18.9500008	0.0499992371	0.000006222	5.84180498E-006	0	0	2.08262932E-007	5.74973757E-014	1.71942602E-007	4.76078561E-014
19.0499992	0.0500001907	6.1669416E-006	5.79484094E-006	0	0	2.03897031E-007	5.17499048E-014	1.68203329E-007	4.28146423E-014
19.1500015	0.0500001907	6.11318683E-006	5.74840942E-006	0	0	0.0000002	4.66170952E-014	1.64822339E-007	3.85378375E-014
19.25	0.0500001907	6.06024014E-006	5.70250495E-006	0	0	1.96162944E-007	4.19392948E-014	1.61572103E-007	3.46441287E-014
19.3500023	0.0500001907	6.00780686E-006	5.65711935E-006	0	0	1.92363856E-007	3.78833419E-014	1.58323786E-007	3.12701593E-014
19.4500008	0.0499992371	5.95589108E-006	5.61224761E-006	0	0	1.8856251E-007	3.42196703E-014	1.55080798E-007	2.82252351E-014
19.5499992	0.0500001907	5.9045974E-006	5.56788245E-006	0	0	1.84820948E-007	3.08041285E-014	1.518939E-007	2.53896771E-014
19.6500015	0.0500001907	5.85385942E-006	0.000005524	0	0	1.81105932E-007	2.76765153E-014	1.48735495E-007	2.27956742E-014
19.75	0.0500001907	5.80361984E-006	5.48064691E-006	0	0	1.77389907E-007	2.50694901E-014	1.45582746E-007	2.06341004E-014
19.8500023	0.0500001907	5.75385684E-006	5.43776378E-006	0	0	1.7366439E-007	2.26444128E-014	1.42428462E-007	1.86254244E-014
19.9500008	0.0499992371	5.70457041E-006	5.39536313E-006	0	0	1.69932491E-007	2.03714998E-014	1.39275059E-007	1.67447639E-014
20.0499992	0.0500001907	5.65577329E-006	5.35343679E-006	0	0	1.66205126E-007	1.83265878E-014	1.3613132E-007	1.50540845E-014
20.1500015	0.0500001907	5.6074532E-006	0.000005312	0	0	1.6247904E-007	1.66088423E-014	0.000000133	1.36343472E-014
20.25	0.0500001907	5.55959559E-006	0.000005271	0	0	1.58749302E-007	1.50031626E-014	1.29859998E-007	1.23085102E-014
20.3500023	0.0500001907	5.51241146E-006	5.23044946E-006	0	0	1.55135936E-007	1.35028055E-014	1.26826222E-007	1.10708189E-014
20.4500008	0.0499992371	5.46575757E-006	5.19036485E-006	0	0	1.51562489E-007	1.21640894E-014	1.23830219E-007	9.96720949E-015
20.5499992	0.0500001907	5.4204902E-006	5.15072543E-006	0	0	1.48504768E-007	1.10186899E-014	1.21260285E-007	9.02333865E-015
20.6500015	0.0500001907	5.37590768E-006	5.11152484E-006	0	0	1.45579804E-007	9.94990375E-015	1.18803058E-007	8.1433756E-015
20.75	0.0500001907	5.33188495E-006	5.07275854E-006	0	0	1.42721703E-007	8.97862547E-015	1.16404458E-007	7.34426778E-015
20.8500023	0.0500001907	5.2883006E-006	5.03442106E-006	0	0	1.39867126E-007	8.08270771E-015	0.000000114	6.60774595E-015
20.9500008	0.0499992371	5.24554298E-006	4.99650514E-006	0	0	1.372333E-007	7.31658251E-015	1.11804503E-007	5.97815483E-015
21.0499992	0.0500001907	5.20327922E-006	0.000004959	0	0	1.34639464E-007	6.6205065E-015	1.09632438E-007	5.40651008E-015
21.1500015	0.0500001907	5.16151931E-006	4.92192021E-006	0	0	1.32095096E-007	5.97701261E-015	1.07504007E-007	4.87844348E-015
21.25	0.0500001907	5.12016777E-006	4.88523938E-006	0	0	1.29550159E-007	5.37447021E-015	1.05378376E-007	4.38438145E-015
21.3500023	0.0500001907	5.0792255E-006	0.000004849	0	0	0.000000127	4.87019296E-015	1.03258152E-007	3.97098787E-015
21.4500008	0.0499992371	5.03869433E-006	4.81307552E-006	0	0	1.24472578E-007	4.41168386E-015	1.01146497E-007	3.59534569E-015
21.5499992	0.0500001907	4.99858379E-006	4.77758158E-006	0	0	0.000000122	3.98306359E-015	9.90501192E-008	3.24445213E-015
21.6500015	0.0500001907	4.95887298E-006	4.74247281E-006	0	0	1.19438255E-007	3.57936811E-015	0.000000097	2.91421897E-015
21.75	0.0500001907	4.91954506E-006	4.70774467E-006	0	0	1.16924433E-007	3.24912521E-015	9.48762633E-008	2.64409974E-015
21.8500023	0.0500001907	4.88058868E-006	4.67339123E-006	0	0	1.14406987E-007	2.94360636E-015	9.27906285E-008	2.39436521E-015
21.9500008	0.0499992371	0.000004842	4.63940796E-006	0	0	1.11886969E-007	2.656077E-015	9.07055835E-008	2.15950542E-015
22.0499992	0.0500001907	4.80378958E-006	4.60579031E-006	0	0	1.09372159E-007	2.39037123E-015	8.86273526E-008	1.94260929E-015
22.1500015	0.0500001907	0.000004766	4.57253236E-006	0	0	1.06868931E-007	2.17004949E-015	8.65610303E-008	1.76278642E-015
22.25	0.0500001907	4.7285921E-006	4.53963048E-006	0	0	1.04420337E-007	1.96477E-015	8.4541405E-008	1.59534706E-015
22.3500023	0.0500001907	4.69207271E-006	4.50708012E-006	0	0	1.02246069E-007	1.77529392E-015	8.27461122E-008	1.44088838E-015
22.4500008	0.0499992371	4.65632866E-006	4.47487628E-006	0	0	1.00308114E-007	1.59847759E-015	8.11441083E-008	1.29684048E-015
22.5499992	0.0500001907	4.62093021E-006	0.000004443	0	0	9.83712027E-008	1.4502788E-015	7.95448543E-008	1.17612822E-015
22.6500015	0.0500001907	4.58590739E-006	4.41148904E-006	0	0	9.64544213E-008	1.31365249E-015	0.000000078	1.06490263E-015
22.75	0.0500001907	4.55139707E-006	4.38029747E-006	0	0	9.46359364E-008	1.18856044E-015	7.64637633E-008	9.63118919E-016
22.8500023	0.0500001907	4.51733422E-006	4.34943422E-006	0	0	9.28823809E-008	1.07032502E-015	0.000000075	8.66974962E-016
22.9500008	0.0499992371	4.48364108E-006	4.31889521E-006	0	0	9.11527209E-008	9.70069883E-016	7.35930215E-008	7.85469004E-016
23.0499992	0.0500001907	4.45028809E-006	4.28867634E-006	0	0	8.94337191E-008	8.79996399E-016	7.21782385E-008	7.12270535E-016
23.1500015	0.0500001907	4.41725069E-006	4.25877352E-006	0	0	8.77131967E-008	7.96620776E-016	7.07637255E-008	6.44549827E-016
23.25	0.0500001907	4.38453708E-006	4.22918174E-006	0	0	0.000000086	7.17390584E-016	6.93561049E-008	5.80235145E-016
23.3500023	0.0500001907	4.35214997E-006	4.19989829E-006	0	0	8.42947045E-008	6.50281064E-016	0.000000068	5.25769868E-016
23.4500008	0.0499992371	4.32007892E-006	4.17091815E-006	0	0	8.25962232E-008	5.90177776E-016	6.65647732E-008	4.77008669E-016
23.5499992	0.0500001907	4.28832254E-006	4.14223769E-006	0	0	8.09051954E-008	5.34269684E-016	6.51796555E-008	4.31673374E-016
23.6500015	0.0500001907	4.25685994E-006	4.11385281E-006	0	0	7.92124695E-008	4.81681856E-016	6.37944737E-008	3.89053138E-016
23.75	0.0500001907	4.22568746E-006	4.08576034E-006	0	0	7.75181732E-008	4.36575684E-016	6.24093062E-008	3.52504328E-016
23.8500023	0.0500001907	4.19489652E-006	0.000004058	0	0	7.5874965E-008	3.96059609E-016	6.10665083E-008	3.19686434E-016
23.9500008	0.0499992371	4.16440571E-006	4.03043532E-006	0	0	7.42391606E-008	3.58686001E-016	5.97308443E-008	2.89427055E-016
24.0499992	0.0500001907	4.1341932E-006	4.00319595E-006	0	0	7.26020346E-008	3.23892482E-016	5.83952833E-008	2.61269642E-016
24.1500015	0.0500001907	4.10426082E-006	3.97623307E-006	0	0	0.000000071	2.93375182E-016	5.70616372E-008	2.36579452E-016
24.25	0.0500001907	0.000004075	3.94954395E-006	0	0	6.95658784E-008	2.66024514E-016	5.59189104E-008	2.14458459E-016
24.3500023	0.0500001907	4.04615594E-006	3.92312495E-006	0	0	6.82146819E-008	2.41171588E-016	5.48163648E-008	1.94364799E-016
24.4500008	0.0499992371	4.01757052E-006	0.000003897	0	0	6.68746978E-008	2.1801965E-016	5.37237526E-008	1.7565449E-016
24.5499992	0.0500001907	3.98934617E-006	3.87108321E-006	0	0	6.55880754E-008	1.97226566E-016	5.26748849E-008	1.58855854E-016
24.6500015	0.0500001907	3.96150153E-006	3.84545319E-006	0	0	6.4367967E-008	1.78964165E-016	5.16802636E-008	1.44105345E-016
24.75	0.0500001907	0.000003934	3.82008011E-006	0	0	6.31881605E-008	1.62329232E-016	5.07187821E-008	1.3067393E-016
24.8500023	0.0500001907	3.90672676E-006	0.000003795	0	0	0.000000062	1.46817121E-016	4.97585368E-008	1.18154188E-016
24.9500008	0.0499992371	3.87976434E-006	3.7700886E-006	0	0	6.08558821E-008	1.32750656E-016	4.88200165E-008	1.06804899E-016
25.0499992	0.0500001907	3.85305293E-006	3.74546516E-006	0	0	5.97043339E-008	1.20525589E-016	4.78834217E-008	9.69432649E-017
25.1500015	0.0500001907	3.82658573E-006	3.72108502E-006	0	0	5.85529527E-008	1.09332419E-016	4.69476511E-008	8.79170568E-017
25.25	0.0500001907	3.80036977E-006	3.69694499E-006	0	0	5.74074832E-008	9.89229265E-017	0.000000046	7.95259249E-017
25.3500023	0.0500001907	3.77439255E-006	0.000003673	0	0	5.62622873E-008	8.94589943E-017	4.50878375E-008	7.18993793E-017
25.4500008	0.0499992371	3.74869478E-006	3.64937432E-006	0	0	5.5141637E-008	8.12469106E-017	4.41786874E-008	6.52828476E-017
25.5499992	0.0500001907	3.72326099E-006	3.62593823E-006	0	0	0.000000054	7.36581505E-017	4.32842313E-008	5.91705718E-017
25.6500015	0.0500001907	3.69806867E-006	3.60272975E-006	0	0	5.29426742E-008	6.67251991E-017	4.23961311E-008	5.3588221E-017
25.75	0.0500001907	3.67310213E-006	3.5797475E-006	0	0	5.1846424E-008	6.03384449E-017	4.15083292E-008	4.844731E-017
25.8500023	0.0500001907	3.64836364E-006	0.000003557	0	0	5.07527425E-008	5.47824481E-017	4.06231528E-008	4.39758893E-017
25.9500008	0.0499992371	3.62386095E-006	3.53444784E-006	0	0	4.96676407E-008	4.9687095E-017	3.97454087E-008	3.98764153E-017
26.0499992	0.0500001907	3.59957585E-006	3.51212611E-006	0	0	4.85819349E-008	4.50474819E-017	3.88677144E-008	3.61446329E-017
26.1500015	0.0500001907	3.57570434E-006	0.00000349	0	0	4.760712E-008	4.07179888E-017	3.80792535E-008	3.266344E-017
26.25	0.0500001907	3.55216525E-006	3.46812226E-006	0	0	4.66987515E-008	3.69679887E-017	3.73444067E-008	2.96486711E-017
26.3500023	0.0500001907	3.52883694E-006	3.44643536E-006	0	0	4.57910865E-008	3.35463792E-017	3.66105724E-008	2.6898638E-017
26.4500008	0.0499992371	3.50571577E-006	0.000003425	0	0	4.48833539E-008	3.04358459E-017	3.58771182E-008	2.43992638E-017
26.5499992	0.0500001907	3.48282788E-006	3.40368001E-006	0	0	0.000000044	2.75074462E-017	3.51566136E-008	2.20470086E-017
26.6500015	0.0500001907	3.46030674E-006	3.3826052E-006	0	0	4.31914771E-008	2.49774449E-017	3.45102293E-008	2.00150593E-017
26.75	0.0500001907	0.000003438	3.36173025E-006	0	0	4.24028848E-008	2.26656239E-017	3.38731816E-008	1.81588081E-017
26.8500023	0.0500001907	3.41590294E-006	3.3410513E-006	0	0	4.16147472E-008	2.05740366E-017	3.32368586E-008	1.64797754E-017
26.9500008	0.0499992371	0.000003394	3.32056743E-006	0	0	4.08430907E-008	1.86012488E-017	3.26140501E-008	1.48966063E-017
27.0499992	0.0500001907	3.37234678E-006	3.30027501E-006	0	0	4.0076209E-008	1.68914831E-017	0.000000032	1.35247025E-017
27.1500015	0.0500001907	3.3508868E-006	3.28017245E-006	0	0	3.93249096E-008	1.5327981E-017	3.13895043E-008	1.22704592E-017
27.25	0.0500001907	3.32962281E-006	3.26025656E-006	0	0	3.85783849E-008	1.39091049E-017	3.07877528E-008	1.11324879E-017
27.3500023	0.0500001907	3.30854687E-006	3.24052598E-006	0	0	3.78334022E-008	1.25491108E-017	3.01875431E-008	1.00420959E-017
27.4500008	0.0499992371	3.28766896E-006	0.000003221	0	0	3.70968358E-008	1.13968225E-017	2.95943483E-008	9.1183196E-018
27.5499992	0.0500001907	0.000003267	3.20161098E-006	0	0	3.63693111E-008	1.03393242E-017	0.000000029	8.27072996E-018
27.6500015	0.0500001907	3.24649022E-006	3.18242132E-006	0	0	3.56438719E-008	9.39021966E-018	2.842493E-008	7.51016303E-018
27.75	0.0500001907	3.22616756E-006	3.16340811E-006	0	0	3.49181377E-008	8.49819553E-018	2.78412422E-008	6.79553027E-018
27.8500023	0.0500001907	0.000003206	3.14456929E-006	0	0	3.419213E-008	7.71578111E-018	2.72576113E-008	6.16879909E-018
27.9500008	0.0499992371	0.000003186	3.12590259E-006	0	0	3.3465799E-008	7.0013783E-018	2.66739928E-008	5.59666721E-018
28.0499992	0.0500001907	3.16623527E-006	3.10740575E-006	0	0	3.27390701E-008	6.36019132E-018	2.60903192E-008	5.0832602E-018
28.1500015	0.0500001907	3.1467996E-006	3.08907624E-006	0	0	3.2125957E-008	5.75963172E-018	2.55974353E-008	4.60250407E-018
28.25	0.0500001907	3.12753832E-006	3.07091295E-006	0	0	3.15170396E-008	5.2249885E-018	2.51081147E-008	4.17458327E-018
28.3500023	0.0500001907	3.10844484E-006	3.05291383E-006	0	0	3.09102006E-008	4.74392755E-018	2.46206664E-008	3.78961548E-018
28.4500008	0.0499992371	3.08951576E-006	3.03507636E-006	0	0	3.03047045E-008	4.30885247E-018	2.41345042E-008	3.44150996E-018
28.5499992	0.0500001907	3.07077971E-006	3.01739942E-006	0	0	2.97172598E-008	3.90461261E-018	2.36629223E-008	3.11814769E-018
28.6500015	0.0500001907	3.05225308E-006	2.99988005E-006	0	0	2.91585458E-008	3.5416714E-018	2.32144153E-008	2.82786871E-018
28.75	0.0500001907	3.03389993E-006	2.98251712E-006	0	0	2.86093407E-008	3.21617666E-018	2.27736656E-008	2.56758041E-018
28.8500023	0.0500001907	3.01576483E-006	2.96530879E-006	0	0	2.80951156E-008	2.91939066E-018	2.23609362E-008	2.33029269E-018
28.9500008	0.0499992371	2.99779458E-006	2.9482535E-006	0	0	2.75874346E-008	2.64854361E-018	0.000000022	2.11378292E-018
29.0499992	0.0500001907	0.00000298	2.93134894E-006	0	0	2.7085056E-008	2.40115374E-018	2.15506226E-008	1.91606008E-018
29.1500015	0.0500001907	2.96232815E-006	2.9145931E-006	0	0	2.65852282E-008	2.18188201E-018	2.11498481E-008	1.74083345E-018
29.25	0.0500001907	2.94483266E-006	0.000002898	0	0	2.60927209E-008	1.97841543E-018	2.07550528E-008	1.57826909E-018
29.3500023	0.0500001907	2.92748769E-006	2.88152205E-006	0	0	2.56030201E-008	1.79781109E-018	2.03626449E-008	1.43398997E-018
29.4500008	0.0499992371	2.91028778E-006	2.86520367E-006	0	0	2.51134491E-008	1.62954477E-018	0.00000002	1.29959401E-018
29.5499992	0.0500001907	2.89323293E-006	0.000002849	0	0	2.46254643E-008	1.48042427E-018	1.95797387E-008	1.18050481E-018
29.6500015	0.0500001907	2.87632065E-006	0.000002833	0	0	2.41385258E-008	1.34290281E-018	1.91899634E-008	1.07069814E-018
29.75	0.0500001907	2.85955025E-006	2.81709549E-006	0	0	2.36531292E-008	1.22081787E-018	1.88015541E-008	9.73229172E-019
29.8500023	0.0500001907	2.84291696E-006	2.80133645E-006	0	0	2.3167507E-008	1.1064068E-018	1.84131022E-008	8.81904607E-019
29.9500008	0.0499992371	2.82641986E-006	2.7857136E-006	0	0	2.26816965E-008	1.00535676E-018	0.000000018	8.01254084E-019
30.0499992	0.0500001907	2.81005759E-006	2.77022491E-006	0	0	2.2196172E-008	9.1209184E-019	1.76365287E-008	7.26829697E-019
30.1500015	0.0500001907	0.000002794	2.75486923E-006	0	0	2.17832472E-008	8.29034583E-019	1.73062258E-008	6.6055883E-019
30.25	0.0500001907	0.000002778	2.73964474E-006	0	0	2.13774012E-008	7.51313313E-019	0.000000017	5.98556835E-019
30.3500023	0.0500001907	2.76217907E-006	2.72455031E-006	0	0	0.000000021	6.82974753E-019	1.66572054E-008	5.44045529E-019
30.4500008	0.0499992371	2.74649165E-006	2.70958412E-006	0	0	2.05708073E-008	6.19574047E-019	1.63369034E-008	4.93481323E-019
30.5499992	0.0500001907	0.000002731	2.69474481E-006	0	0	2.01818739E-008	5.63007714E-019	0.000000016	4.48373044E-019
30.6500015	0.0500001907	2.71558201E-006	0.00000268	0	0	1.9816893E-008	5.10449279E-019	1.57343898E-008	4.06467687E-019
30.75	0.0500001907	2.70033638E-006	2.66544112E-006	0	0	1.94522567E-008	4.64039431E-019	1.54430584E-008	3.69468389E-019
30.8500023	0.0500001907	2.68522035E-006	0.000002651	0	0	1.90912832E-008	4.20885471E-019	1.51547237E-008	3.3507029E-019
30.9500008	0.0499992371	2.67023074E-006	2.63662855E-006	0	0	1.87332496E-008	3.82460734E-019	1.48688137E-008	3.04445194E-019
31.0499992	0.0500001907	2.65540484E-006	2.62240292E-006	0	0	1.83995876E-008	3.468496E-019	1.46023318E-008	2.76066954E-019
31.1500015	0.0500001907	2.64070445E-006	2.60829597E-006	0	0	1.80696915E-008	3.15291781E-019	1.43389194E-008	2.50921232E-019
31.25	0.0500001907	2.62612252E-006	2.59430635E-006	0	0	1.77401684E-008	2.86109418E-019	1.407588E-008	2.27671718E-019
31.3500023	0.0500001907	2.61165837E-006	2.58043292E-006	0	0	1.74117734E-008	2.59881692E-019	1.38138132E-008	2.0677848E-019
31.4500008	0.0499992371	2.59731064E-006	2.56667386E-006	0	0	1.708427E-008	2.35813476E-019	1.35525307E-008	1.87608143E-019
31.5499992	0.0500001907	2.58307728E-006	0.000002553	0	0	1.67568857E-008	2.14227087E-019	1.32914151E-008	1.70416396E-019
31.6500015	0.0500001907	0.000002569	2.53949565E-006	0	0	1.64304286E-008	1.94636878E-019	0.000000013	1.548163E-019
31.75	0.0500001907	0.000002555	2.52607379E-006	0	0	1.61047549E-008	1.76601962E-019	1.2771495E-008	1.40456612E-019
31.8500023	0.0500001907	2.54105498E-006	2.51276174E-006	0	0	1.5780353E-008	1.60431654E-019	1.25129569E-008	1.27582877E-019
31.9500008	0.0499992371	2.52726977E-006	2.49955815E-006	0	0	1.54567008E-008	1.45635383E-019	1.22550832E-008	1.1580451E-019
32.0499992	0.0499992371	2.51359302E-006	2.48646234E-006	0	0	1.51333008E-008	1.32453601E-019	0.000000012	1.05312306E-019
32.1500015	0.0500011444	2.50007201E-006	2.47347248E-006	0	0	1.48376706E-008	1.2008296E-019	1.17619487E-008	9.54671634E-020
32.25	0.0499992371	2.48671108E-006	2.46058812E-006	0	0	1.45725174E-008	1.0917312E-019	1.15506369E-008	8.67853019E-020
32.3499985	0.0499992371	2.47345429E-006	2.44780745E-006	0	0	1.43073757E-008	9.91309273E-020	1.13393899E-008	7.87948729E-020
32.4499969	0.0500011444	2.46030049E-006	2.43512977E-006	0	0	0.000000014	9.01563666E-020	1.11282867E-008	7.16545981E-020
32.5499992	0.0499992371	2.44725038E-006	2.42255373E-006	0	0	1.37784246E-008	8.17120739E-020	1.09181117E-008	6.49371613E-020
32.6500015	0.0500011444	2.43433146E-006	2.41007888E-006	0	0	1.35313192E-008	7.43109594E-020	1.07213118E-008	5.90499812E-020
32.75	0.0499992371	2.42152214E-006	2.39770293E-006	0	0	1.32900224E-008	6.74777819E-020	1.05291642E-008	5.36152139E-020
32.8499985	0.0499992371	2.40881218E-006	2.38542611E-006	0	0	0.000000013	6.1361182E-020	1.03371596E-008	4.87508103E-020
32.9499969	0.0500011444	2.39620317E-006	2.37324639E-006	0	0	1.28097382E-008	5.56149069E-020	1.01468345E-008	4.41815195E-020
33.0499992	0.0499992371	2.38369284E-006	2.36116375E-006	0	0	1.25717889E-008	5.05801881E-020	0.00000001	4.01783079E-020
33.1500015	0.0500011444	2.37128415E-006	2.34917616E-006	0	0	1.23371935E-008	4.59248253E-020	9.7708126E-009	3.64771528E-020
33.25	0.0499992371	0.000002359	2.33728292E-006	0	0	1.21122081E-008	4.1762698E-020	9.59180468E-009	3.31684078E-020
33.3499985	0.0499992371	2.34679169E-006	2.32548359E-006	0	0	1.18917622E-008	3.78758732E-020	9.41643208E-009	3.00788946E-020
33.4499969	0.0500011444	2.33469063E-006	2.31377635E-006	0	0	1.16723191E-008	3.44266335E-020	9.2418917E-009	2.73374113E-020
33.5499992	0.0499992371	2.32268121E-006	2.30216074E-006	0	0	1.14530625E-008	3.12577175E-020	9.06753783E-009	2.48189888E-020
33.6500015	0.0500011444	2.31076456E-006	2.29063585E-006	0	0	1.12348477E-008	2.84300135E-020	8.89404461E-009	2.25719091E-020
33.75	0.0499992371	2.29893749E-006	2.27919986E-006	0	0	0.000000011	2.58102792E-020	8.72079475E-009	2.04903252E-020
33.8499985	0.0499992371	2.28720205E-006	2.26785323E-006	0	0	1.08001617E-008	2.34311962E-020	8.54855209E-009	1.86001254E-020
33.9499969	0.0500011444	2.27556052E-006	2.25659414E-006	0	0	1.05870228E-008	2.12873121E-020	8.37918535E-009	1.68969331E-020
34.0499992	0.0499992371	0.000002264	2.24542214E-006	0	0	1.03749116E-008	1.94358541E-020	8.21066681E-009	1.54261219E-020
34.1500015	0.0500011444	2.25254144E-006	2.23433631E-006	0	0	1.01629691E-008	1.76682402E-020	0.000000008	1.40220927E-020
34.25	0.0499992371	2.24120754E-006	2.2233346E-006	0	0	0.00000001	1.5920952E-020	7.89507393E-009	1.26344253E-020
34.3499985	0.0499992371	0.00000223	2.21241817E-006	0	0	9.80184467E-009	1.32856596E-020	7.75536879E-009	1.05423353E-020
34.4499969	0.0500011444	2.21882692E-006	2.20158427E-006	0	0	9.62645785E-009	1.21897083E-020	7.61603314E-009	9.67196441E-021
34.5499992	0.0499992371	2.20776178E-006	2.19083358E-006	0	0	9.45135525E-009	1.11022009E-020	7.47694795E-009	8.80842905E-021
34.6500015	0.0500011444	2.19679441E-006	2.18016407E-006	0	0	9.28533339E-009	1.00212689E-020	7.34507299E-009	7.9502437E-021
34.75	0.0499992371	2.18591663E-006	2.16957528E-006	0	0	9.12424181E-009	9.04007193E-021	7.21712334E-009	7.17130694E-021
34.8499985	0.0499992371	2.1751207E-006	2.15906675E-006	0	0	0.000000009	8.29472969E-021	7.08987447E-009	6.57957433E-021
34.9499969	0.0500011444	2.16440367E-006	2.14863712E-006	0	0	8.8037595E-009	7.56657892E-021	0.000000007	6.00156531E-021
35.0499992	0.0499992371	2.15376508E-006	2.13828639E-006	0	0	8.64347527E-009	6.84027879E-021	6.83540247E-009	5.4251105E-021
35.1500015	0.0500011444	2.14320517E-006	0.000002128	0	0	8.48365289E-009	6.15071349E-021	6.7085506E-009	4.87787196E-021
35.25	0.0499992371	2.13272347E-006	2.11781617E-006	0	0	8.32478797E-009	5.64394662E-021	6.58247856E-009	4.47567275E-021
35.3499985	0.0499992371	2.12232362E-006	2.10769599E-006	0	0	8.16889045E-009	5.1570127E-021	6.45877529E-009	4.08925702E-021
35.4499969	0.0500011444	0.000002112	2.09765039E-006	0	0	0.000000008	4.67043259E-021	6.33584651E-009	3.70317693E-021
35.5499992	0.0499992371	2.101767E-006	2.08768006E-006	0	0	7.86738763E-009	4.19959961E-021	6.21956797E-009	3.32963522E-021
35.6500015	0.0500011444	2.0916093E-006	2.07778317E-006	0	0	7.7219191E-009	3.83862574E-021	6.10417139E-009	3.04324089E-021
35.75	0.0499992371	2.08152824E-006	0.000002068	0	0	7.57856E-009	3.51275778E-021	0.000000006	2.78471585E-021
35.8499985	0.0499992371	2.07152038E-006	2.05820811E-006	0	0	7.43538076E-009	3.18493677E-021	5.8769114E-009	2.524677E-021
35.9499969	0.0500011444	2.06158438E-006	2.04852813E-006	0	0	7.29261274E-009	2.862012E-021	5.76370596E-009	2.26855434E-021
36.0499992	0.0499992371	2.05172023E-006	2.03891909E-006	0	0	7.15037096E-009	2.60525865E-021	5.65093439E-009	2.06491241E-021
36.1500015	0.0500011444	2.04192861E-006	2.02938008E-006	0	0	0.000000007	2.38765139E-021	5.5390621E-009	1.89232186E-021
36.25	0.0499992371	2.03220702E-006	2.01991111E-006	0	0	6.86848534E-009	2.16824557E-021	5.42749712E-009	1.71832838E-021
36.3499985	0.0499992371	2.02258934E-006	2.01051103E-006	0	0	6.74705181E-009	1.95114902E-021	5.33121902E-009	1.54618706E-021
36.4499969	0.0500011444	0.000002013	2.0011787E-006	0	0	6.6296062E-009	1.76805393E-021	5.23810773E-009	1.4010102E-021
36.5499992	0.0499992371	2.00357135E-006	1.99191413E-006	0	0	6.51215304E-009	1.62283688E-021	5.14500442E-009	1.28586418E-021
36.6500015	0.0500011444	1.99416399E-006	1.98271619E-006	0	0	6.39539666E-009	1.47752401E-021	5.052466E-009	1.17065666E-021
36.75	0.0499992371	1.98483235E-006	1.97358486E-006	0	0	6.28360208E-009	1.33391921E-021	0.000000005	1.05681623E-021
36.8499985	0.0499992371	1.97557461E-006	1.96451924E-006	0	0	6.17642648E-009	1.20370915E-021	4.87891727E-009	9.53601316E-022
36.9499969	0.0500011444	1.96638121E-006	1.95551797E-006	0	0	6.06922734E-009	1.10603681E-021	4.79396833E-009	8.761741E-022
37.0499992	0.0499992371	1.95725261E-006	1.94658151E-006	0	0	0.000000006	1.0087198E-021	4.70914108E-009	7.99037438E-022
37.1500015	0.0500011444	1.94818767E-006	1.93770825E-006	0	0	5.85510618E-009	9.11775279E-022	4.62432537E-009	7.22205011E-022
37.25	0.0499992371	1.9391864E-006	1.92889843E-006	0	0	5.7482854E-009	8.20302402E-022	4.53971127E-009	6.49715131E-022
37.3499985	0.0499992371	1.93024835E-006	1.92015113E-006	0	0	5.64177727E-009	7.53669934E-022	4.45535608E-009	5.96907141E-022
37.4499969	0.0500011444	1.92137622E-006	1.91146569E-006	0	0	5.53767432E-009	6.88467715E-022	4.37291225E-009	5.45237838E-022
37.5499992	0.0499992371	1.91256936E-006	1.9028414E-006	0	0	5.435703E-009	6.23254035E-022	4.29216174E-009	4.93565252E-022
37.6500015	0.0500011444	1.90382332E-006	1.89427772E-006	0	0	5.33399724E-009	5.60503369E-022	4.21163282E-009	4.43848789E-022
37.75	0.0499992371	1.89514037E-006	1.8857744E-006	0	0	5.23376453E-009	5.13458784E-022	4.13227763E-009	4.06574367E-022
37.8499985	0.0499992371	1.88652518E-006	1.87733065E-006	0	0	5.13799625E-009	4.69774621E-022	4.05645739E-009	3.71964729E-022
37.9499969	0.0500011444	0.000001878	1.8689459E-006	0	0	0.000000005	4.26084803E-022	0.000000004	3.37354334E-022
38.0499992	0.0499992371	1.8694742E-006	1.86061959E-006	0	0	4.94829644E-009	3.83751952E-022	3.90629573E-009	3.03821889E-022
38.1500015	0.0500011444	0.000001861	1.85235126E-006	0	0	4.85382889E-009	3.49803594E-022	3.83153065E-009	2.76930769E-022
38.25	0.0499992371	1.85265674E-006	1.84414023E-006	0	0	4.75959983E-009	3.20531175E-022	3.75696363E-009	2.5374409E-022
38.3499985	0.0499992371	1.84433395E-006	0.000001836	0	0	4.66537253E-009	2.91254994E-022	3.68240727E-009	2.3055683E-022
38.4499969	0.0500011444	1.83608074E-006	1.82788847E-006	0	0	4.57860549E-009	2.62596851E-022	3.61374797E-009	2.078611E-022
38.5499992	0.0499992371	1.82789893E-006	1.81984626E-006	0	0	4.50065052E-009	2.38208099E-022	3.55205221E-009	1.88547008E-022
38.6500015	0.0500011444	1.81977259E-006	1.81185931E-006	0	0	4.42278081E-009	2.18599062E-022	3.49043083E-009	1.73017871E-022
38.75	0.0499992371	1.81170105E-006	1.80392738E-006	0	0	4.3449111E-009	1.98988434E-022	3.42881701E-009	1.57489037E-022
38.8499985	0.0499992371	1.80368443E-006	0.000001796	0	0	4.26733315E-009	1.79688542E-022	3.36744077E-009	1.42207627E-022
38.9499969	0.0500011444	1.79573203E-006	1.78822552E-006	0	0	4.1957211E-009	1.62235076E-022	3.31077921E-009	1.28388892E-022
39.0499992	0.0499992371	1.78783307E-006	1.78045457E-006	0	0	4.12425294E-009	1.49095658E-022	3.25423821E-009	1.17985369E-022
39.1500015	0.0500011444	0.00000178	1.7727366E-006	0	0	4.05283274E-009	1.35954888E-022	3.19774096E-009	1.07581733E-022
39.25	0.0499992371	1.77219533E-006	1.76507092E-006	0	0	0.000000004	1.22921165E-022	3.14200865E-009	9.72637791E-023
39.3499985	0.0499992371	1.7644561E-006	1.75745708E-006	0	0	3.91234245E-009	1.10621233E-022	3.08662051E-009	8.75273865E-023
39.4499969	0.0500011444	1.7567678E-006	1.7498943E-006	0	0	3.84230026E-009	1.01672325E-022	0.000000003	8.04432199E-023
39.5499992	0.0499992371	1.74913066E-006	1.74238244E-006	0	0	3.77231268E-009	9.28656903E-023	0.000000003	7.3472258E-023
39.6500015	0.0500011444	1.74154582E-006	1.73492094E-006	0	0	3.7034269E-009	8.39910556E-023	2.92142244E-009	6.64481206E-023
39.75	0.0499992371	0.000001734	1.7275097E-006	0	0	3.63580033E-009	7.55922428E-023	2.86795498E-009	5.98010209E-023
39.8499985	0.0499992371	1.72653108E-006	1.72014791E-006	0	0	3.56847041E-009	6.92587689E-023	2.81472756E-009	5.47883399E-023
39.9499969	0.0500011444	1.71909778E-006	1.712835E-006	0	0	3.50120799E-009	6.32144851E-023	2.76155876E-009	5.0004842E-023
40.0499992	0.0499992371	1.7117145E-006	1.70557075E-006	0	0	3.43470452E-009	5.73326057E-023	2.70899392E-009	4.53502219E-023
40.1500015	0.0500011444	1.70438466E-006	1.69835459E-006	0	0	3.37123973E-009	5.16548014E-023	2.65883116E-009	4.08574161E-023
40.25	0.0499992371	1.69710324E-006	1.69118641E-006	0	0	3.30795191E-009	4.71001331E-023	2.60881294E-009	3.72533188E-023
40.3499985	0.0499992371	1.68986924E-006	1.68406541E-006	0	0	3.24484128E-009	4.31595709E-023	2.55893973E-009	3.41352262E-023
40.4499969	0.0500011444	1.68268309E-006	0.000001677	0	0	3.18224291E-009	3.92186522E-023	2.50947507E-009	3.10171083E-023
40.5499992	0.0499992371	1.67554344E-006	0.00000167	0	0	3.11970161E-009	3.5384946E-023	2.46006038E-009	2.7984036E-023
40.6500015	0.0500011444	1.66846564E-006	0.000001663	0	0	3.06590286E-009	3.21013945E-023	2.41754439E-009	2.53862791E-023
40.75	0.0499992371	1.66143661E-006	0.000001656	0	0	0.000000003	2.93858954E-023	2.37641884E-009	2.32379332E-023
40.8499985	0.0499992371	1.65445283E-006	1.64915559E-006	0	0	0.000000003	2.66769187E-023	2.3353699E-009	2.10949232E-023
40.9499969	0.0500011444	1.64751441E-006	1.64230994E-006	0	0	2.91002489E-009	2.40997196E-023	2.29437092E-009	1.90562747E-023
41.0499992	0.0499992371	1.64062351E-006	1.63550862E-006	0	0	2.8600049E-009	2.17595195E-023	2.25485008E-009	1.72051841E-023
41.1500015	0.0500011444	1.63378229E-006	1.62875131E-006	0	0	2.81313861E-009	1.99978054E-023	2.21781926E-009	1.58116235E-023
41.25	0.0499992371	0.000001627	0.000001622	0	0	2.76628476E-009	1.82380902E-023	2.18080198E-009	1.4419751E-023
41.3499985	0.0499992371	1.62023093E-006	1.61536775E-006	0	0	2.71943357E-009	1.64968722E-023	2.14378959E-009	1.30426073E-023
41.4499969	0.0500011444	1.61351988E-006	1.60874049E-006	0	0	2.67264411E-009	1.48494656E-023	2.10682938E-009	1.1739731E-023
41.5499992	0.0499992371	1.60685204E-006	1.60215575E-006	0	0	2.62617017E-009	1.36444427E-023	2.07012163E-009	1.07866813E-023
41.6500015	0.0500011444	1.60022637E-006	1.59561318E-006	0	0	2.57976418E-009	1.24653315E-023	0.000000002	9.85418695E-024
41.75	0.0499992371	1.59364265E-006	1.58911246E-006	0	0	2.53335819E-009	1.1289233E-023	0.000000002	8.92414045E-024
41.8499985	0.0499992371	1.58710111E-006	1.58265334E-006	0	0	2.48732013E-009	1.0167868E-023	0.000000002	8.0374253E-024
41.9499969	0.0500011444	1.58060209E-006	1.57623515E-006	0	0	2.44214871E-009	9.236131E-024	1.92479899E-009	7.30066629E-024
42.0499992	0.0499992371	1.57414411E-006	1.56985777E-006	0	0	2.39714271E-009	8.37157731E-024	1.88926386E-009	6.61706073E-024
42.1500015	0.0500011444	1.56772671E-006	1.56352075E-006	0	0	2.35221687E-009	7.52250738E-024	1.85379478E-009	5.94574207E-024
42.25	0.0499992371	1.56134956E-006	1.55722398E-006	0	0	2.30731745E-009	6.70890622E-024	1.81834936E-009	5.30250133E-024
42.3499985	0.0499992371	0.000001555	0.000001551	0	0	2.26266095E-009	6.11418083E-024	1.78309856E-009	4.8322929E-024
42.4499969	0.0500011444	1.54871896E-006	1.54474867E-006	0	0	2.22047158E-009	5.60326718E-024	1.74979453E-009	4.42835352E-024
42.5499992	0.0499992371	1.54246504E-006	1.53857002E-006	0	0	2.17845653E-009	5.09229239E-024	1.7166305E-009	4.02439284E-024
42.6500015	0.0500011444	1.53625024E-006	1.53242991E-006	0	0	2.13669504E-009	4.5232665E-024	1.68366898E-009	3.57458356E-024
42.75	0.0499992371	1.53007397E-006	1.52632811E-006	0	0	2.09501283E-009	4.1009159E-024	1.65077241E-009	3.24071238E-024
42.8499985	0.0499992371	1.52394841E-006	1.52026473E-006	0	0	2.06032369E-009	3.76460201E-024	1.62338853E-009	2.97485068E-024
42.9499969	0.0500011444	1.51786116E-006	1.51423876E-006	0	0	0.000000002	3.42826209E-024	1.59635172E-009	2.70898602E-024
43.0499992	0.0499992371	1.51181166E-006	1.50825019E-006	0	0	0.000000002	3.09885804E-024	1.56945057E-009	2.44861873E-024
43.1500015	0.0500011444	1.50579945E-006	1.50229903E-006	0	0	0.000000002	2.79798885E-024	1.54255275E-009	2.21081464E-024
43.25	0.0499992371	1.49982543E-006	1.49638424E-006	0	0	1.92472838E-009	2.57032064E-024	1.51636481E-009	2.03086304E-024
43.3499985	0.0499992371	1.49389166E-006	1.49050618E-006	0	0	1.89363347E-009	2.34496615E-024	1.49182289E-009	1.85275067E-024
43.4499969	0.0500011444	0.000001488	1.48466449E-006	0	0	1.8625661E-009	2.12224173E-024	1.4673045E-009	1.6767276E-024
43.5499992	0.0499992371	1.48213257E-006	1.47885828E-006	0	0	1.83151661E-009	1.91156341E-024	1.4428021E-009	1.5102322E-024
43.6500015	0.0500011444	1.47630669E-006	1.47308788E-006	0	0	1.80046833E-009	1.75448345E-024	1.41830236E-009	1.38609083E-024
43.75	0.0499992371	1.47051594E-006	1.46735272E-006	0	0	1.76942616E-009	1.60349163E-024	1.3938094E-009	1.26676694E-024
43.8499985	0.0499992371	1.46476032E-006	1.46165257E-006	0	0	1.73841974E-009	1.45289384E-024	1.36934619E-009	1.14776136E-024
43.9499969	0.0500011444	0.000001459	0.000001456	0	0	1.70742798E-009	1.31066774E-024	1.34489642E-009	1.03537609E-024
44.0499992	0.0499992371	1.45335298E-006	1.45035608E-006	0	0	1.67643699E-009	1.19963153E-024	1.32044875E-009	9.47635433E-025
44.1500015	0.0500011444	1.44770195E-006	1.44475928E-006	0	0	1.64611658E-009	1.09621729E-024	1.29653099E-009	8.65920586E-025
44.25	0.0499992371	1.44208502E-006	1.43919613E-006	0	0	1.61609504E-009	9.9279979E-025	1.27285038E-009	7.84207908E-025
44.3499985	0.0499992371	1.43650232E-006	1.43366674E-006	0	0	1.58622915E-009	6.74470355E-025	1.24929389E-009	5.32746563E-025
44.4499969	0.0500011444	0.000001431	1.42817066E-006	0	0	1.55639168E-009	6.15488556E-025	1.22576127E-009	4.86145295E-025
44.5499992	0.0499992371	1.42543615E-006	1.42270733E-006	0	0	1.52658497E-009	5.63341054E-025	1.20225463E-009	4.44944618E-025
44.6500015	0.0500011444	0.00000142	1.41727708E-006	0	0	1.49692037E-009	5.11430013E-025	1.17886123E-009	4.03932948E-025
44.75	0.0499992371	1.41450437E-006	1.41187934E-006	0	0	1.46853174E-009	3.11776664E-025	1.15647436E-009	2.46238149E-025
44.8499985	0.0499992371	1.40908946E-006	1.40651377E-006	0	0	1.44095047E-009	2.05801016E-025	1.13472454E-009	1.62535397E-025
44.9499969	0.0500011444	1.40370662E-006	1.40118004E-006	0	0	1.41350265E-009	1.87176355E-025	1.11308129E-009	1.47822439E-025
45.0499992	0.0499992371	1.39836288E-006	1.39587826E-006	0	0	1.39004153E-009	9.89551927E-026	1.09457854E-009	7.81478215E-026
45.1500015	0.0500011444	1.39305166E-006	1.39060774E-006	0	0	1.36724643E-009	8.9858739E-026	1.07660159E-009	7.09622909E-026
45.25	0.0499992371	1.3877717E-006	1.38536848E-006	0	0	1.34452971E-009	8.08280812E-026	1.05868747E-009	6.38291024E-026
45.3499985	0.0499992371	1.38252312E-006	1.38016037E-006	0	0	1.32192557E-009	0	0.000000001	0
45.4499969	0.0500011444	1.37730535E-006	0.000001375	0	0	1.29953592E-009	0	0.000000001	0
45.5499992	0.0499992371	1.37212135E-006	1.36983567E-006	0	0	1.27879252E-009	0	0.000000001	0
45.6500015	0.0500011444	0.000001367	1.36471886E-006	0	0	1.25805166E-009	0	0.000000001	0
45.75	0.0499992371	1.36184337E-006	1.35963194E-006	0	0	1.23731303E-009	0	0.000000001	0
45.8499985	0.0499992371	1.35674929E-006	1.35457492E-006	0	0	1.21657429E-009	0	0.000000001	0
45.9499969	0.0500011444	1.35168455E-006	1.34954723E-006	0	0	1.19583787E-009	0	9.4144792E-010	0
46.0499992	0.0499992371	1.34664913E-006	1.34454888E-006	0	0	1.17510957E-009	0	9.25107435E-010	0
46.1500015	0.0500011444	1.34164281E-006	1.33957963E-006	0	0	1.154427E-009	0	9.08804143E-010	0
46.25	0.0499992371	1.33666549E-006	1.33463914E-006	0	0	1.1338348E-009	0	8.92572793E-010	0
46.3499985	0.0499992371	1.33171704E-006	1.32972741E-006	0	0	1.11330778E-009	0	8.7639368E-010	0
46.4499969	0.0500011444	1.32679759E-006	1.32484377E-006	0	0	1.09328768E-009	0	8.60614524E-010	0
46.5499992	0.0499992371	1.32190701E-006	0.00000132	0	0	1.07355669E-009	0	8.45063797E-010	0
46.6500015	0.0500011444	0.000001317	1.31516106E-006	0	0	1.05388254E-009	0	8.29558644E-010	0
46.75	0.0499992371	1.31220941E-006	1.31036109E-006	0	0	0.000000001	0	8.14075529E-010	0
46.8499985	0.0499992371	1.30740216E-006	1.30558897E-006	0	0	0.000000001	0	7.9860607E-010	0
46.9499969	0.0500011444	1.30262219E-006	1.30084413E-006	0	0	0.000000001	0	7.83151433E-010	0
47.0499992	0.0499992371	1.2978694E-006	1.29612613E-006	0	0	0.000000001	0	7.67831743E-010	0
47.1500015	0.0500011444	1.29314571E-006	1.29143518E-006	0	0	0.000000001	0	7.53383855E-010	0
47.25	0.0499992371	1.28845181E-006	1.28677073E-006	0	0	9.40672651E-010	0	7.40350614E-010	0
47.3499985	0.0499992371	1.28378667E-006	1.28213276E-006	0	0	9.25503008E-010	0	7.28396288E-010	0
47.4499969	0.0500011444	1.27914791E-006	1.27752116E-006	0	0	9.10333475E-010	0	7.16442572E-010	0
47.5499992	0.0499992371	1.27453507E-006	1.27293549E-006	0	0	8.95164054E-010	0	7.04489633E-010	0
47.6500015	0.0500011444	1.26994826E-006	1.26837563E-006	0	0	8.80067463E-010	0	6.92594593E-010	0
47.75	0.0499992371	1.26538873E-006	1.26384157E-006	0	0	8.65822747E-010	0	6.81370571E-010	0
47.8499985	0.0499992371	1.26085513E-006	1.25933263E-006	0	0	8.51969995E-010	0	6.70455635E-010	0
47.9499969	0.0500011444	1.25634699E-006	1.25484939E-006	0	0	8.38120628E-010	0	6.59543808E-010	0
48.0499992	0.0499992371	1.25186375E-006	1.25039082E-006	0	0	8.24270263E-010	0	6.48631759E-010	0
48.1500015	0.0500011444	1.24740563E-006	0.000001246	0	0	8.1047874E-010	0	6.37766562E-010	0
48.25	0.0499992371	0.000001243	1.24154849E-006	0	0	7.96697153E-010	0	6.26909691E-010	0
48.3499985	0.0499992371	1.23856319E-006	1.23716416E-006	0	0	7.82984011E-010	0	6.16107221E-010	0
48.4499969	0.0500011444	1.23417897E-006	1.23280415E-006	0	0	7.69401653E-010	0	6.05408113E-010	0
48.5499992	0.0499992371	1.22981885E-006	1.22846825E-006	0	0	7.55832896E-010	0	5.94720218E-010	0
48.6500015	0.0500011444	1.22548272E-006	1.22415622E-006	0	0	7.42351847E-010	0	5.84101878E-010	0
48.75	0.0499992371	1.22117103E-006	1.21986818E-006	0	0	7.29125871E-010	0	5.73684655E-010	0
48.8499985	0.0499992371	1.21688299E-006	1.21560367E-006	0	0	7.15979664E-010	0	5.63330715E-010	0
48.9499969	0.0500011444	1.21261837E-006	1.21136247E-006	0	0	7.02865544E-010	0	5.53002477E-010	0
49.0499992	0.0499992371	1.20837706E-006	1.20714458E-006	0	0	6.89763802E-010	0	5.42684397E-010	0
49.1500015	0.0500011444	1.20415871E-006	1.20294965E-006	0	0	6.76676604E-010	0	5.32378253E-010	0
49.25	0.0499992371	0.0000012	1.19877768E-006	0	0	6.63596067E-010	0	5.2207777E-010	0
49.3499985	0.0499992371	1.19579101E-006	1.19462868E-006	0	0	6.50550169E-010	0	5.11804987E-010	0
49.4499969	0.0500011444	1.19164145E-006	1.19050196E-006	0	0	6.37786324E-010	0	5.01754527E-010	0
49.5499992	0.0499992371	1.18751859E-006	1.18639764E-006	0	0	6.27351282E-010	0	4.935366E-010	0
49.6500015	0.0500011444	1.18341779E-006	1.1823156E-006	0	0	6.16921014E-010	0	4.85322726E-010	0
49.75	0.0499992371	1.17933916E-006	1.17825562E-006	0	0	6.06491746E-010	0	4.77110018E-010	0
49.8499985	0.0499992371	1.1752827E-006	1.17421769E-006	0	0	5.9606603E-010	0	4.68900474E-010	0
49.9499969	0.0500011444	1.17124819E-006	1.17020136E-006	0	0	5.85897719E-010	0	4.60893684E-010	0
50.0499992	0.0499992371	1.16620652E-006	1.16620652E-006	0	0	0	0	0	0
50.1500015	0.0500011444	1.16223316E-006	1.16223316E-006	0	0	0	0	0	0
50.25	0.0499992371	1.15828129E-006	1.15828129E-006	0	0	0	0	0	0
50.3499985	0.0499992371	1.15435034E-006	1.15435034E-006	0	0	0	0	0	0
50.4499969	0.0500011444	1.15044043E-006	1.15044043E-006	0	0	0	0	0	0
50.5499992	0.0499992371	1.1465512E-006	1.1465512E-006	0	0	0	0	0	0
50.6500015	0.0500011444	1.14268278E-006	1.14268278E-006	0	0	0	0	0	0
50.75	0.0499992371	1.1388347E-006	1.1388347E-006	0	0	0	0	0	0
50.8499985	0.0499992371	0.000001135	0.000001135	0	0	0	0	0	0
50.9499969	0.0500011444	1.13119972E-006	1.13119972E-006	0	0	0	0	0	0
51.0499992	0.0499992371	1.12741247E-006	1.12741247E-006	0	0	0	0	0	0
51.1500015	0.0500011444	1.12364501E-006	1.12364501E-006	0	0	0	0	0	0
51.25	0.0499992371	1.11989766E-006	1.11989766E-006	0	0	0	0	0	0
51.3499985	0.0499992371	1.11616976E-006	1.11616976E-006	0	0	0	0	0	0
51.4499969	0.0500011444	1.11246118E-006	1.11246118E-006	0	0	0	0	0	0
51.5499992	0.0499992371	1.10877215E-006	1.10877215E-006	0	0	0	0	0	0
51.6500015	0.0500011444	1.10510223E-006	1.10510223E-006	0	0	0	0	0	0
51.75	0.0499992371	1.10145152E-006	1.10145152E-006	0	0	0	0	0	0
51.8499985	0.0499992371	1.09781979E-006	1.09781979E-006	0	0	0	0	0	0
51.9499969	0.0500011444	1.09420682E-006	1.09420682E-006	0	0	0	0	0	0
52.0499992	0.0499992371	1.09061261E-006	1.09061261E-006	0	0	0	0	0	0
52.1500015	0.0500011444	0.000001087	0.000001087	0	0	0	0	0	0
52.25	0.0499992371	1.08347956E-006	1.08347956E-006	0	0	0	0	0	0
52.3499985	0.0499992371	1.0799406E-006	1.0799406E-006	0	0	0	0	0	0
52.4499969	0.0500011444	1.07641972E-006	1.07641972E-006	0	0	0	0	0	0
52.5499992	0.0499992371	1.07291703E-006	1.07291703E-006	0	0	0	0	0	0
52.6500015	0.0500011444	1.0694323E-006	1.0694323E-006	0	0	0	0	0	0
52.75	0.0499992371	0.000001066	0.000001066	0	0	0	0	0	0
52.8499985	0.0499992371	1.06251593E-006	1.06251593E-006	0	0	0	0	0	0
52.9499969	0.0500011444	1.05908418E-006	1.05908418E-006	0	0	0	0	0	0
53.0499992	0.0499992371	1.05566971E-006	1.05566971E-006	0	0	0	0	0	0
53.1500015	0.0500011444	1.05227264E-006	1.05227264E-006	0	0	0	0	0	0
53.25	0.0499992371	1.04889295E-006	1.04889295E-006	0	0	0	0	0	0
53.3499985	0.0499992371	1.0455301E-006	1.0455301E-006	0	0	0	0	0	0
53.4499969	0.0500011444	1.04218429E-006	1.04218429E-006	0	0	0	0	0	0
53.5499992	0.0499992371	1.0388552E-006	1.0388552E-006	0	0	0	0	0	0
53.6500015	0.0500011444	1.03554294E-006	1.03554294E-006	0	0	0	0	0	0
53.75	0.0499992371	1.0322475E-006	1.0322475E-006	0	0	0	0	0	0
53.8499985	0.0499992371	0.000001029	0.000001029	0	0	0	0	0	0
53.9499969	0.0500011444	1.02570539E-006	1.02570539E-006	0	0	0	0	0	0
54.0499992	0.0499992371	1.02245895E-006	1.02245895E-006	0	0	0	0	0	0
54.1500015	0.0500011444	1.01922853E-006	1.01922853E-006	0	0	0	0	0	0
54.25	0.0499992371	0.000001016	0.000001016	0	0	0	0	0	0
54.3499985	0.0499992371	1.01281603E-006	1.01281603E-006	0	0	0	0	0	0
54.4499969	0.0500011444	1.00963337E-006	1.00963337E-006	0	0	0	0	0	0
54.5499992	0.0499992371	1.00646673E-006	1.00646673E-006	0	0	0	0	0	0
54.6500015	0.0500011444	1.00331567E-006	1.00331567E-006	0	0	0	0	0	0
54.75	0.0499992371	1.00017985E-006	1.00017985E-006	0	0	0	0	0	0
54.8499985	0.0499992371	9.97059715E-007	9.97059715E-007	0	0	0	0	0	0
54.9499969	0.0500011444	0.000000994	0.000000994	0	0	0	0	0	0
55.0499992	0.0499992371	9.9086526E-007	9.9086526E-007	0	0	0	0	0	0
55.1500015	0.0500011444	9.87790713E-007	9.87790713E-007	0	0	0	0	0	0
55.25	0.0499992371	9.84731059E-007	9.84731059E-007	0	0	0	0	0	0
55.3499985	0.0499992371	9.81686412E-007	9.81686412E-007	0	0	0	0	0	0
55.4499969	0.0500011444	9.78656658E-007	9.78656658E-007	0	0	0	0	0	0
55.5499992	0.0499992371	9.75641456E-007	9.75641456E-007	0	0	0	0	0	0
55.6500015	0.0500011444	9.72640919E-007	9.72640919E-007	0	0	0	0	0	0
55.75	0.0499992371	9.69654934E-007	9.69654934E-007	0	0	0	0	0	0
55.8499985	0.0499992371	9.66683501E-007	9.66683501E-007	0	0	0	0	0	0
55.9499969	0.0500011444	9.63726166E-007	9.63726166E-007	0	0	0	0	0	0
56.0499992	0.0499992371	9.60783268E-007	9.60783268E-007	0	0	0	0	0	0
56.1500015	0.0500011444	9.57854354E-007	9.57854354E-007	0	0	0	0	0	0
56.25	0.0499992371	9.54939651E-007	9.54939651E-007	0	0	0	0	0	0
56.3499985	0.0499992371	0.000000952	0.000000952	0	0	0	0	0	0
56.4499969	0.0500011444	9.49151797E-007	9.49151797E-007	0	0	0	0	0	0
56.5499992	0.0499992371	9.46278647E-007	9.46278647E-007	0	0	0	0	0	0
56.6500015	0.0500011444	9.43419082E-007	9.43419082E-007	0	0	0	0	0	0
56.75	0.0499992371	9.40573159E-007	9.40573159E-007	0	0	0	0	0	0
56.8499985	0.0499992371	9.37740765E-007	9.37740765E-007	0	0	0	0	0	0
56.9499969	0.0500011444	9.34921843E-007	9.34921843E-007	0	0	0	0	0	0
57.0499992	0.0499992371	9.32116336E-007	9.32116336E-007	0	0	0	0	0	0
57.1500015	0.0500011444	9.29323846E-007	9.29323846E-007	0	0	0	0	0	0
57.25	0.0499992371	9.26544487E-007	9.26544487E-007	0	0	0	0	0	0
57.3499985	0.0499992371	9.23778487E-007	9.23778487E-007	0	0	0	0	0	0
57.4499969	0.0500011444	0.000000921	0.000000921	0	0	0	0	0	0
57.5499992	0.0499992371	9.18285195E-007	9.18285195E-007	0	0	0	0	0	0
57.6500015	0.0500011444	9.15557678E-007	9.15557678E-007	0	0	0	0	0	0
57.75	0.0499992371	9.12843063E-007	9.12843063E-007	0	0	0	0	0	0
57.8499985	0.0499992371	9.10141125E-007	9.10141125E-007	0	0	0	0	0	0
57.9499969	0.0500011444	9.07451636E-007	9.07451636E-007	0	0	0	0	0	0
58.0499992	0.0499992371	9.04774879E-007	9.04774879E-007	0	0	0	0	0	0
58.1500015	0.0500011444	9.02110344E-007	9.02110344E-007	0	0	0	0	0	0
58.25	0.0499992371	8.99458371E-007	8.99458371E-007	0	0	0	0	0	0
58.3499985	0.0499992371	8.96818676E-007	8.96818676E-007	0	0	0	0	0	0
58.4499969	0.0500011444	8.94190975E-007	8.94190975E-007	0	0	0	0	0	0
58.5499992	0.0499992371	8.91575553E-007	8.91575553E-007	0	0	0	0	0	0
58.6500015	0.0500011444	0.000000889	0.000000889	0	0	0	0	0	0
58.75	0.0499992371	8.86380633E-007	8.86380633E-007	0	0	0	0	0	0
58.8499985	0.0499992371	8.83801022E-007	8.83801022E-007	0	0	0	0	0	0
58.9499969	0.0500011444	8.81233234E-007	8.81233234E-007	0	0	0	0	0	0
59.0499992	0.0499992371	8.7867727E-007	8.7867727E-007	0	0	0	0	0	0
59.1500015	0.0500011444	8.76132958E-007	8.76132958E-007	0	0	0	0	0	0
59.25	0.0499992371	8.73600186E-007	8.73600186E-007	0	0	0	0	0	0
59.3499985	0.0499992371	8.71078953E-007	8.71078953E-007	0	0	0	0	0	0
59.4499969	0.0500011444	8.68569202E-007	8.68569202E-007	0	0	0	0	0	0
59.5499992	0.0499992371	8.66070877E-007	8.66070877E-007	0	0	0	0	0	0
59.6500015	0.0500011444	8.63583637E-007	8.63583637E-007	0	0	0	0	0	0
59.75	0.0499992371	8.61107992E-007	8.61107992E-007	0	0	0	0	0	0
59.8499985	0.0499992371	8.58643432E-007	8.58643432E-007	0	0	0	0	0	0
59.9499969	0.0500011444	8.56189899E-007	8.56189899E-007	0	0	0	0	0	0
60.0499992	0.0499992371	8.53747395E-007	8.53747395E-007	0	0	0	0	0	0
60.1500015	0.0500011444	8.51315917E-007	8.51315917E-007	0	0	0	0	0	0
60.25	0.0499992371	8.4889524E-007	8.4889524E-007	0	0	0	0	0	0
60.3499985	0.0499992371	8.46485534E-007	8.46485534E-007	0	0	0	0	0	0
60.4499969	0.0500011444	8.44086514E-007	8.44086514E-007	0	0	0	0	0	0
60.5499992	0.0499992371	8.41698295E-007	8.41698295E-007	0	0	0	0	0	0
60.6500015	0.0500011444	8.39320649E-007	8.39320649E-007	0	0	0	0	0	0
60.75	0.0499992371	0.000000837	0.000000837	0	0	0	0	0	0
60.8499985	0.0499992371	8.3459696E-007	8.3459696E-007	0	0	0	0	0	0
60.9499969	0.0500011444	8.32250976E-007	8.32250976E-007	0	0	0	0	0	0
61.0499992	0.0499992371	8.29915166E-007	8.29915166E-007	0	0	0	0	0	0
61.1500015	0.0500011444	8.27589815E-007	8.27589815E-007	0	0	0	0	0	0
61.25	0.0499992371	8.2527464E-007	8.2527464E-007	0	0	0	0	0	0
61.3499985	0.0499992371	0.000000823	0.000000823	0	0	0	0	0	0
61.4499969	0.0500011444	8.20675041E-007	8.20675041E-007	0	0	0	0	0	0
61.5499992	0.0499992371	8.18390276E-007	8.18390276E-007	0	0	0	0	0	0
61.6500015	0.0500011444	8.16115573E-007	8.16115573E-007	0	0	0	0	0	0
61.75	0.0499992371	8.13850875E-007	8.13850875E-007	0	0	0	0	0	0
61.8499985	0.0499992371	8.1159601E-007	8.1159601E-007	0	0	0	0	0	0
61.9499969	0.0500011444	8.09351093E-007	8.09351093E-007	0	0	0	0	0	0
62.0499992	0.0499992371	8.07115839E-007	8.07115839E-007	0	0	0	0	0	0
62.1500015	0.0500011444	8.04890306E-007	8.04890306E-007	0	0	0	0	0	0
62.25	0.0499992371	8.02674606E-007	8.02674606E-007	0	0	0	0	0	0
62.3499985	0.0499992371	8.00468399E-007	8.00468399E-007	0	0	0	0	0	0
62.4499969	0.0500011444	7.98271799E-007	7.98271799E-007	0	0	0	0	0	0
62.5499992	0.0499992371	7.96084578E-007	7.96084578E-007	0	0	0	0	0	0
62.6500015	0.0500011444	7.93906906E-007	7.93906906E-007	0	0	0	0	0	0
62.75	0.0499992371	7.91738501E-007	7.91738501E-007	0	0	0	0	0	0
62.8499985	0.0499992371	7.89579417E-007	7.89579417E-007	0	0	0	0	0	0
62.9499969	0.0500011444	7.87429769E-007	7.87429769E-007	0	0	0	0	0	0
63.0499992	0.0499992371	7.85289217E-007	7.85289217E-007	0	0	0	0	0	0
63.1500015	0.0500011444	7.8315793E-007	7.8315793E-007	0	0	0	0	0	0
63.25	0.0499992371	0.000000781	0.000000781	0	0	0	0	0	0
63.3499985	0.0499992371	7.7892247E-007	7.7892247E-007	0	0	0	0	0	0
63.4499969	0.0500011444	7.76818467E-007	7.76818467E-007	0	0	0	0	0	0
63.5499992	0.0499992371	7.74723162E-007	7.74723162E-007	0	0	0	0	0	0
63.6500015	0.0500011444	7.72636838E-007	7.72636838E-007	0	0	0	0	0	0
63.75	0.0499992371	7.70559382E-007	7.70559382E-007	0	0	0	0	0	0
63.8499985	0.0499992371	7.68490736E-007	7.68490736E-007	0	0	0	0	0	0
63.9499969	0.0500011444	7.66430901E-007	7.66430901E-007	0	0	0	0	0	0
64.0500031	0.0499992371	7.64379706E-007	7.64379706E-007	0	0	0	0	0	0
64.1499939	0.0499992371	7.62337208E-007	7.62337208E-007	0	0	0	0	0	0
64.25	0.0500030518	7.6030318E-007	7.6030318E-007	0	0	0	0	0	0
64.3500061	0.0499992371	7.58277736E-007	7.58277736E-007	0	0	0	0	0	0
64.4499969	0.0499992371	7.56260818E-007	7.56260818E-007	0	0	0	0	0	0
64.5500031	0.0499992371	7.54252483E-007	7.54252483E-007	0	0	0	0	0	0
64.6499939	0.0499992371	7.52252447E-007	7.52252447E-007	0	0	0	0	0	0
64.75	0.0500030518	7.50260767E-007	7.50260767E-007	0	0	0	0	0	0
64.8500061	0.0499992371	7.4827733E-007	7.4827733E-007	0	0	0	0	0	0
64.9499969	0.0499992371	7.46302305E-007	7.46302305E-007	0	0	0	0	0	0
65.0500031	0.0499992371	7.44335409E-007	7.44335409E-007	0	0	0	0	0	0
65.1499939	0.0499992371	7.42376528E-007	7.42376528E-007	0	0	0	0	0	0
65.25	0.0500030518	7.40426117E-007	7.40426117E-007	0	0	0	0	0	0
65.3500061	0.0499992371	7.38483493E-007	7.38483493E-007	0	0	0	0	0	0
65.4499969	0.0499992371	7.36549055E-007	7.36549055E-007	0	0	0	0	0	0
65.5500031	0.0499992371	7.34622517E-007	7.34622517E-007	0	0	0	0	0	0
65.6499939	0.0499992371	7.32703995E-007	7.32703995E-007	0	0	0	0	0	0
65.75	0.0500030518	7.30793374E-007	7.30793374E-007	0	0	0	0	0	0
65.8500061	0.0499992371	7.2889037E-007	7.2889037E-007	0	0	0	0	0	0
65.9499969	0.0499992371	0.000000727	0.000000727	0	0	0	0	0	0
66.0500031	0.0499992371	7.25108237E-007	7.25108237E-007	0	0	0	0	0	0
66.1499939	0.0499992371	7.23228709E-007	7.23228709E-007	0	0	0	0	0	0
66.25	0.0500030518	7.21356855E-007	7.21356855E-007	0	0	0	0	0	0
66.3500061	0.0499992371	7.19492618E-007	7.19492618E-007	0	0	0	0	0	0
66.4499969	0.0499992371	7.17635999E-007	7.17635999E-007	0	0	0	0	0	0
66.5500031	0.0499992371	7.15786996E-007	7.15786996E-007	0	0	0	0	0	0
66.6499939	0.0499992371	7.13945383E-007	7.13945383E-007	0	0	0	0	0	0
66.75	0.0500030518	7.1211133E-007	7.1211133E-007	0	0	0	0	0	0
66.8500061	0.0499992371	7.1028461E-007	7.1028461E-007	0	0	0	0	0	0
66.9499969	0.0499992371	7.08465336E-007	7.08465336E-007	0	0	0	0	0	0
67.0500031	0.0499992371	7.06653452E-007	7.06653452E-007	0	0	0	0	0	0
67.1499939	0.0499992371	7.04848844E-007	7.04848844E-007	0	0	0	0	0	0
67.25	0.0500030518	7.03051455E-007	7.03051455E-007	0	0	0	0	0	0
67.3500061	0.0499992371	7.01261172E-007	7.01261172E-007	0	0	0	0	0	0
67.4499969	0.0499992371	6.99478278E-007	6.99478278E-007	0	0	0	0	0	0
67.5500031	0.0499992371	6.97702546E-007	6.97702546E-007	0	0	0	0	0	0
67.6499939	0.0499992371	6.95933863E-007	6.95933863E-007	0	0	0	0	0	0
67.75	0.0500030518	6.94172229E-007	6.94172229E-007	0	0	0	0	0	0
67.8500061	0.0499992371	6.9241753E-007	6.9241753E-007	0	0	0	0	0	0
67.9499969	0.0499992371	6.90669992E-007	6.90669992E-007	0	0	0	0	0	0
68.0500031	0.0499992371	6.88929333E-007	6.88929333E-007	0	0	0	0	0	0
68.1499939	0.0499992371	6.87195552E-007	6.87195552E-007	0	0	0	0	0	0
68.25	0.0500030518	6.85468763E-007	6.85468763E-007	0	0	0	0	0	0
68.3500061	0.0499992371	6.83748681E-007	6.83748681E-007	0	0	0	0	0	0
68.4499969	0.0499992371	0.000000682	0.000000682	0	0	0	0	0	0
68.5500031	0.0499992371	6.80328981E-007	6.80328981E-007	0	0	0	0	0	0
68.6499939	0.0499992371	6.78629306E-007	6.78629306E-007	0	0	0	0	0	0
68.75	0.0500030518	6.76936224E-007	6.76936224E-007	0	0	0	0	0	0
68.8500061	0.0499992371	6.75249794E-007	6.75249794E-007	0	0	0	0	0	0
68.9499969	0.0499992371	6.73570071E-007	6.73570071E-007	0	0	0	0	0	0
69.0500031	0.0499992371	6.71896942E-007	6.71896942E-007	0	0	0	0	0	0
69.1499939	0.0499992371	6.70230349E-007	6.70230349E-007	0	0	0	0	0	0
69.25	0.0500030518	6.68570181E-007	6.68570181E-007	0	0	0	0	0	0
69.3500061	0.0499992371	6.66916492E-007	6.66916492E-007	0	0	0	0	0	0
69.4499969	0.0499992371	6.65269397E-007	6.65269397E-007	0	0	0	0	0	0
69.5500031	0.0499992371	6.63628668E-007	6.63628668E-007	0	0	0	0	0	0
69.6499939	0.0499992371	0.000000662	0.000000662	0	0	0	0	0	0
69.75	0.0500030518	6.60366254E-007	6.60366254E-007	0	0	0	0	0	0
69.8500061	0.0499992371	6.58744511E-007	6.58744511E-007	0	0	0	0	0	0
69.9499969	0.0499992371	6.57129078E-007	6.57129078E-007	0	0	0	0	0	0
70.0500031	0.0499992371	6.55520012E-007	6.55520012E-007	0	0	0	0	0	0
70.1499939	0.0499992371	6.53917027E-007	6.53917027E-007	0	0	0	0	0	0
70.25	0.0500030518	6.52320182E-007	6.52320182E-007	0	0	0	0	0	0
70.3500061	0.0499992371	6.50729476E-007	6.50729476E-007	0	0	0	0	0	0
70.4499969	0.0499992371	6.49144908E-007	6.49144908E-007	0	0	0	0	0	0
70.5500031	0.0499992371	6.47566594E-007	6.47566594E-007	0	0	0	0	0	0
70.6499939	0.0499992371	0.000000646	0.000000646	0	0	0	0	0	0
70.75	0.0500030518	6.44427814E-007	6.44427814E-007	0	0	0	0	0	0
70.8500061	0.0499992371	6.42867349E-007	6.42867349E-007	0	0	0	0	0	0
70.9499969	0.0499992371	6.41312909E-007	6.41312909E-007	0	0	0	0	0	0
71.0500031	0.0499992371	6.39764494E-007	6.39764494E-007	0	0	0	0	0	0
71.1499939	0.0499992371	6.38221877E-007	6.38221877E-007	0	0	0	0	0	0
71.25	0.0500030518	6.36685115E-007	6.36685115E-007	0	0	0	0	0	0
71.3500061	0.0499992371	6.35154208E-007	6.35154208E-007	0	0	0	0	0	0
71.4499969	0.0499992371	6.33629099E-007	6.33629099E-007	0	0	0	0	0	0
71.5500031	0.0499992371	6.32109732E-007	6.32109732E-007	0	0	0	0	0	0
71.6499939	0.0499992371	6.30596219E-007	6.30596219E-007	0	0	0	0	0	0
71.75	0.0500030518	6.29088277E-007	6.29088277E-007	0	0	0	0	0	0
71.8500061	0.0499992371	6.27586019E-007	6.27586019E-007	0	0	0	0	0	0
71.9499969	0.0499992371	6.26089559E-007	6.26089559E-007	0	0	0	0	0	0
72.0500031	0.0499992371	6.2459867E-007	6.2459867E-007	0	0	0	0	0	0
72.1499939	0.0499992371	6.23113408E-007	6.23113408E-007	0	0	0	0	0	0
72.25	0.0500030518	6.2163366E-007	6.2163366E-007	0	0	0	0	0	0
72.3500061	0.0499992371	6.20159369E-007	6.20159369E-007	0	0	0	0	0	0
72.4499969	0.0499992371	6.18690763E-007	6.18690763E-007	0	0	0	0	0	0
72.5500031	0.0499992371	6.17227556E-007	6.17227556E-007	0	0	0	0	0	0
72.6499939	0.0499992371	6.15769807E-007	6.15769807E-007	0	0	0	0	0	0
72.75	0.0500030518	6.14317514E-007	6.14317514E-007	0	0	0	0	0	0
72.8500061	0.0499992371	6.12870565E-007	6.12870565E-007	0	0	0	0	0	0
72.9499969	0.0499992371	6.11429016E-007	6.11429016E-007	0	0	0	0	0	0
73.0500031	0.0499992371	0.00000061	0.00000061	0	0	0	0	0	0
73.1499939	0.0499992371	6.08562061E-007	6.08562061E-007	0	0	0	0	0	0
73.25	0.0500030518	6.07136428E-007	6.07136428E-007	0	0	0	0	0	0
73.3500061	0.0499992371	6.05716082E-007	6.05716082E-007	0	0	0	0	0	0
73.4499969	0.0499992371	6.04301079E-007	6.04301079E-007	0	0	0	0	0	0
73.5500031	0.0499992371	6.02891191E-007	6.02891191E-007	0	0	0	0	0	0
73.6499939	0.0499992371	6.01486533E-007	6.01486533E-007	0	0	0	0	0	0
73.75	0.0500030518	6.00086992E-007	6.00086992E-007	0	0	0	0	0	0
73.8500061	0.0499992371	5.98692623E-007	5.98692623E-007	0	0	0	0	0	0
73.9499969	0.0499992371	5.97303369E-007	5.97303369E-007	0	0	0	0	0	0
74.0500031	0.0499992371	5.95919232E-007	5.95919232E-007	0	0	0	0	0	0
74.1499939	0.0499992371	5.94540154E-007	5.94540154E-007	0	0	0	0	0	0
74.25	0.0500030518	5.93165964E-007	5.93165964E-007	0	0	0	0	0	0
74.3500061	0.0499992371	5.91796947E-007	5.91796947E-007	0	0	0	0	0	0
74.4499969	0.0499992371	5.90432819E-007	5.90432819E-007	0	0	0	0	0	0
74.5500031	0.0499992371	5.89073807E-007	5.89073807E-007	0	0	0	0	0	0
74.6499939	0.0499992371	5.87719512E-007	5.87719512E-007	0	0	0	0	0	0
74.75	0.0500030518	5.8637022E-007	5.8637022E-007	0	0	0	0	0	0
74.8500061	0.0499992371	0.000000585	0.000000585	0	0	0	0	0	0
74.9499969	0.0499992371	5.83686301E-007	5.83686301E-007	0	0	0	0	0	0
75.0500031	0.0499992371	5.82351618E-007	5.82351618E-007	0	0	0	0	0	0
75.1499939	0.0499992371	0.000000581	0.000000581	0	0	0	0	0	0
75.25	0.0500030518	5.79696632E-007	5.79696632E-007	0	0	0	0	0	0
75.3500061	0.0499992371	5.78376273E-007	5.78376273E-007	0	0	0	0	0	0
75.4499969	0.0499992371	5.77060689E-007	5.77060689E-007	0	0	0	0	0	0
75.5500031	0.0499992371	5.75749823E-007	5.75749823E-007	0	0	0	0	0	0
75.6499939	0.0499992371	5.74443732E-007	5.74443732E-007	0	0	0	0	0	0
75.75	0.0500030518	5.73142131E-007	5.73142131E-007	0	0	0	0	0	0
75.8500061	0.0499992371	5.71845305E-007	5.71845305E-007	0	0	0	0	0	0
75.9499969	0.0499992371	5.70553084E-007	5.70553084E-007	0	0	0	0	0	0
76.0500031	0.0499992371	5.69265524E-007	5.69265524E-007	0	0	0	0	0	0
76.1499939	0.0499992371	0.000000568	0.000000568	0	0	0	0	0	0
76.25	0.0500030518	5.66703932E-007	5.66703932E-007	0	0	0	0	0	0
76.3500061	0.0499992371	5.65430071E-007	5.65430071E-007	0	0	0	0	0	0
76.4499969	0.0499992371	5.641607E-007	5.641607E-007	0	0	0	0	0	0
76.5500031	0.0499992371	5.62895764E-007	5.62895764E-007	0	0	0	0	0	0
76.6499939	0.0499992371	5.61635318E-007	5.61635318E-007	0	0	0	0	0	0
76.75	0.0500030518	5.60379362E-007	5.60379362E-007	0	0	0	0	0	0
76.8500061	0.0499992371	5.59127727E-007	5.59127727E-007	0	0	0	0	0	0
76.9499969	0.0499992371	5.57880583E-007	5.57880583E-007	0	0	0	0	0	0
77.0500031	0.0499992371	5.56637872E-007	5.56637872E-007	0	0	0	0	0	0
77.1499939	0.0499992371	5.55399481E-007	5.55399481E-007	0	0	0	0	0	0
77.25	0.0500030518	5.5416541E-007	5.5416541E-007	0	0	0	0	0	0
77.3500061	0.0499992371	5.5293566E-007	5.5293566E-007	0	0	0	0	0	0
77.4499969	0.0499992371	5.5171023E-007	5.5171023E-007	0	0	0	0	0	0
77.5500031	0.0499992371	5.50489119E-007	5.50489119E-007	0	0	0	0	0	0
77.6499939	0.0499992371	5.49272329E-007	5.49272329E-007	0	0	0	0	0	0
77.75	0.0500030518	5.48059631E-007	5.48059631E-007	0	0	0	0	0	0
77.8500061	0.0499992371	5.46851254E-007	5.46851254E-007	0	0	0	0	0	0
77.9499969	0.0499992371	5.45647026E-007	5.45647026E-007	0	0	0	0	0	0
78.0500031	0.0499992371	5.44447062E-007	5.44447062E-007	0	0	0	0	0	0
78.1499939	0.0499992371	5.43251133E-007	5.43251133E-007	0	0	0	0	0	0
78.25	0.0500030518	5.42059468E-007	5.42059468E-007	0	0	0	0	0	0
78.3500061	0.0499992371	5.40871895E-007	5.40871895E-007	0	0	0	0	0	0
78.4499969	0.0499992371	5.39688358E-007	5.39688358E-007	0	0	0	0	0	0
78.5500031	0.0499992371	5.38509028E-007	5.38509028E-007	0	0	0	0	0	0
78.6499939	0.0499992371	5.37333676E-007	5.37333676E-007	0	0	0	0	0	0
78.75	0.0500030518	5.36162361E-007	5.36162361E-007	0	0	0	0	0	0
78.8500061	0.0499992371	0.000000535	0.000000535	0	0	0	0	0	0
78.9499969	0.0499992371	5.33831837E-007	5.33831837E-007	0	0	0	0	0	0
79.0500031	0.0499992371	5.32672686E-007	5.32672686E-007	0	0	0	0	0	0
79.1499939	0.0499992371	5.31517401E-007	5.31517401E-007	0	0	0	0	0	0
79.25	0.0500030518	5.30366037E-007	5.30366037E-007	0	0	0	0	0	0
79.3500061	0.0499992371	5.29218596E-007	5.29218596E-007	0	0	0	0	0	0
79.4499969	0.0499992371	5.28075134E-007	5.28075134E-007	0	0	0	0	0	0
79.5500031	0.0499992371	5.26935594E-007	5.26935594E-007	0	0	0	0	0	0
79.6499939	0.0499992371	5.25799862E-007	5.25799862E-007	0	0	0	0	0	0
79.75	0.0500030518	5.24668053E-007	5.24668053E-007	0	0	0	0	0	0
79.8500061	0.0499992371	5.23539995E-007	5.23539995E-007	0	0	0	0	0	0
79.9499969	0.0499992371	5.2241586E-007	5.2241586E-007	0	0	0	0	0	0
80.0500031	0.0499992371	5.21295476E-007	5.21295476E-007	0	0	0	0	0	0
80.1499939	0.0499992371	5.20178958E-007	5.20178958E-007	0	0	0	0	0	0
80.25	0.0500030518	5.19066134E-007	5.19066134E-007	0	0	0	0	0	0
80.3500061	0.0499992371	0.000000518	0.000000518	0	0	0	0	0	0
80.4499969	0.0499992371	5.16851799E-007	5.16851799E-007	0	0	0	0	0	0
80.5500031	0.0499992371	5.1575023E-007	5.1575023E-007	0	0	0	0	0	0
80.6499939	0.0499992371	5.14652299E-007	5.14652299E-007	0	0	0	0	0	0
80.75	0.0500030518	5.13558177E-007	5.13558177E-007	0	0	0	0	0	0
80.8500061	0.0499992371	5.12467523E-007	5.12467523E-007	0	0	0	0	0	0
80.9499969	0.0499992371	5.11380733E-007	5.11380733E-007	0	0	0	0	0	0
81.0500031	0.0499992371	5.10297525E-007	5.10297525E-007	0	0	0	0	0	0
81.1499939	0.0499992371	5.09217955E-007	5.09217955E-007	0	0	0	0	0	0
81.25	0.0500030518	5.08141909E-007	5.08141909E-007	0	0	0	0	0	0
81.3500061	0.0499992371	5.07069444E-007	5.07069444E-007	0	0	0	0	0	0
81.4499969	0.0499992371	0.000000506	0.000000506	0	0	0	0	0	0
81.5500031	0.0499992371	5.04935315E-007	5.04935315E-007	0	0	0	0	0	0
81.6499939	0.0499992371	5.0387365E-007	5.0387365E-007	0	0	0	0	0	0
81.75	0.0500030518	5.02815396E-007	5.02815396E-007	0	0	0	0	0	0
81.8500061	0.0499992371	5.0176061E-007	5.0176061E-007	0	0	0	0	0	0
81.9499969	0.0499992371	5.00709461E-007	5.00709461E-007	0	0	0	0	0	0
82.0500031	0.0499992371	4.99661667E-007	4.99661667E-007	0	0	0	0	0	0
82.1499939	0.0499992371	4.98617339E-007	4.98617339E-007	0	0	0	0	0	0
82.25	0.0500030518	4.97576536E-007	4.97576536E-007	0	0	0	0	0	0
82.3500061	0.0499992371	4.96539087E-007	4.96539087E-007	0	0	0	0	0	0
82.4499969	0.0499992371	4.95505049E-007	4.95505049E-007	0	0	0	0	0	0
82.5500031	0.0499992371	4.94474477E-007	4.94474477E-007	0	0	0	0	0	0
82.6499939	0.0499992371	4.9344726E-007	4.9344726E-007	0	0	0	0	0	0
82.75	0.0500030518	4.92423396E-007	4.92423396E-007	0	0	0	0	0	0
82.8500061	0.0499992371	4.9140283E-007	4.9140283E-007	0	0	0	0	0	0
82.9499969	0.0499992371	4.90385673E-007	4.90385673E-007	0	0	0	0	0	0
83.0500031	0.0499992371	4.89371871E-007	4.89371871E-007	0	0	0	0	0	0
83.1499939	0.0499992371	4.88361309E-007	4.88361309E-007	0	0	0	0	0	0
83.25	0.0500030518	4.87353987E-007	4.87353987E-007	0	0	0	0	0	0
83.3500061	0.0499992371	4.86350075E-007	4.86350075E-007	0	0	0	0	0	0
83.4499969	0.0499992371	4.85349403E-007	4.85349403E-007	0	0	0	0	0	0
83.5500031	0.0499992371	4.84351915E-007	4.84351915E-007	0	0	0	0	0	0
83.6499939	0.0499992371	4.83357724E-007	4.83357724E-007	0	0	0	0	0	0
83.75	0.0500030518	4.82366659E-007	4.82366659E-007	0	0	0	0	0	0
83.8500061	0.0499992371	4.81378891E-007	4.81378891E-007	0	0	0	0	0	0
83.9499969	0.0499992371	4.80394306E-007	4.80394306E-007	0	0	0	0	0	0
84.0500031	0.0499992371	4.79412847E-007	4.79412847E-007	0	0	0	0	0	0
84.1499939	0.0499992371	4.78434686E-007	4.78434686E-007	0	0	0	0	0	0
84.25	0.0500030518	4.77459423E-007	4.77459423E-007	0	0	0	0	0	0
84.3500061	0.0499992371	4.76487457E-007	4.76487457E-007	0	0	0	0	0	0
84.4499969	0.0499992371	4.75518618E-007	4.75518618E-007	0	0	0	0	0	0
84.5500031	0.0499992371	4.74552905E-007	4.74552905E-007	0	0	0	0	0	0
84.6499939	0.0499992371	4.73590234E-007	4.73590234E-007	0	0	0	0	0	0
84.75	0.0500030518	4.72630688E-007	4.72630688E-007	0	0	0	0	0	0
84.8500061	0.0499992371	4.71674213E-007	4.71674213E-007	0	0	0	0	0	0
84.9499969	0.0499992371	4.70720721E-007	4.70720721E-007	0	0	0	0	0	0
85.0500031	0.0499992371	4.69770271E-007	4.69770271E-007	0	0	0	0	0	0
85.1499939	0.0499992371	4.68823004E-007	4.68823004E-007	0	0	0	0	0	0
85.25	0.0500030518	4.67878635E-007	4.67878635E-007	0	0	0	0	0	0
85.3500061	0.0499992371	4.66937195E-007	4.66937195E-007	0	0	0	0	0	0
85.4499969	0.0499992371	0.000000466	0.000000466	0	0	0	0	0	0
85.5500031	0.0499992371	4.65063493E-007	4.65063493E-007	0	0	0	0	0	0
85.6499939	0.0499992371	4.64131006E-007	4.64131006E-007	0	0	0	0	0	0
85.75	0.0500030518	4.63201587E-007	4.63201587E-007	0	0	0	0	0	0
85.8500061	0.0499992371	4.62274983E-007	4.62274983E-007	0	0	0	0	0	0
85.9499969	0.0499992371	4.61351362E-007	4.61351362E-007	0	0	0	0	0	0
86.0500031	0.0499992371	4.60430698E-007	4.60430698E-007	0	0	0	0	0	0
86.1499939	0.0499992371	4.59512961E-007	4.59512961E-007	0	0	0	0	0	0
86.25	0.0500030518	4.58597981E-007	4.58597981E-007	0	0	0	0	0	0
86.3500061	0.0499992371	4.576859E-007	4.576859E-007	0	0	0	0	0	0
86.4499969	0.0499992371	4.56776746E-007	4.56776746E-007	0	0	0	0	0	0
86.5500031	0.0499992371	4.55870435E-007	4.55870435E-007	0	0	0	0	0	0
86.6499939	0.0499992371	0.000000455	0.000000455	0	0	0	0	0	0
86.75	0.0500030518	4.5406631E-007	4.5406631E-007	0	0	0	0	0	0
86.8500061	0.0499992371	4.53168354E-007	4.53168354E-007	0	0	0	0	0	0
86.9499969	0.0499992371	4.52273412E-007	4.52273412E-007	0	0	0	0	0	0
87.0500031	0.0499992371	4.51381112E-007	4.51381112E-007	0	0	0	0	0	0
87.1499939	0.0499992371	4.50491655E-007	4.50491655E-007	0	0	0	0	0	0
87.25	0.0500030518	4.49604897E-007	4.49604897E-007	0	0	0	0	0	0
87.3500061	0.0499992371	4.48720897E-007	4.48720897E-007	0	0	0	0	0	0
87.4499969	0.0499992371	4.47839739E-007	4.47839739E-007	0	0	0	0	0	0
87.5500031	0.0499992371	0.000000447	0.000000447	0	0	0	0	0	0
87.6499939	0.0499992371	4.46085494E-007	4.46085494E-007	0	0	0	0	0	0
87.75	0.0500030518	4.45212436E-007	4.45212436E-007	0	0	0	0	0	0
87.8500061	0.0499992371	4.44342078E-007	4.44342078E-007	0	0	0	0	0	0
87.9499969	0.0499992371	4.43474363E-007	4.43474363E-007	0	0	0	0	0	0
88.0500031	0.0499992371	4.42609405E-007	4.42609405E-007	0	0	0	0	0	0
88.1499939	0.0499992371	4.41747062E-007	4.41747062E-007	0	0	0	0	0	0
88.25	0.0500030518	4.40887419E-007	4.40887419E-007	0	0	0	0	0	0
88.3500061	0.0499992371	0.00000044	0.00000044	0	0	0	0	0	0
88.4499969	0.0499992371	4.39175864E-007	4.39175864E-007	0	0	0	0	0	0
88.5500031	0.0499992371	4.38324122E-007	4.38324122E-007	0	0	0	0	0	0
88.6499939	0.0499992371	4.3747491E-007	4.3747491E-007	0	0	0	0	0	0
88.75	0.0500030518	4.36628312E-007	4.36628312E-007	0	0	0	0	0	0
88.8500061	0.0499992371	4.35784273E-007	4.35784273E-007	0	0	0	0	0	0
88.9499969	0.0499992371	4.34942876E-007	4.34942876E-007	0	0	0	0	0	0
89.0500031	0.0499992371	4.34103981E-007	4.34103981E-007	0	0	0	0	0	0
89.1499939	0.0499992371	4.33267701E-007	4.33267701E-007	0	0	0	0	0	0
89.25	0.0500030518	4.3243395E-007	4.3243395E-007	0	0	0	0	0	0
89.3500061	0.0499992371	4.31602672E-007	4.31602672E-007	0	0	0	0	0	0
89.4499969	0.0499992371	4.30773923E-007	4.30773923E-007	0	0	0	0	0	0
89.5500031	0.0499992371	4.29947761E-007	4.29947761E-007	0	0	0	0	0	0
89.6499939	0.0499992371	4.29124043E-007	4.29124043E-007	0	0	0	0	0	0
89.75	0.0500030518	4.28302826E-007	4.28302826E-007	0	0	0	0	0	0
89.8500061	0.0499992371	4.27484053E-007	4.27484053E-007	0	0	0	0	0	0
89.9499969	0.0499992371	4.2666781E-007	4.2666781E-007	0	0	0	0	0	0
90.0500031	0.0499992371	4.25854012E-007	4.25854012E-007	0	0	0	0	0	0
90.1499939	0.0499992371	0.000000425	0.000000425	0	0	0	0	0	0
90.25	0.0500030518	4.24233747E-007	4.24233747E-007	0	0	0	0	0	0
90.3500061	0.0499992371	4.23427252E-007	4.23427252E-007	0	0	0	0	0	0
90.4499969	0.0499992371	4.22623202E-007	4.22623202E-007	0	0	0	0	0	0
90.5500031	0.0499992371	4.21821596E-007	4.21821596E-007	0	0	0	0	0	0
90.6499939	0.0499992371	0.000000421	0.000000421	0	0	0	0	0	0
90.75	0.0500030518	4.2022549E-007	4.2022549E-007	0	0	0	0	0	0
90.8500061	0.0499992371	4.19430961E-007	4.19430961E-007	0	0	0	0	0	0
90.9499969	0.0499992371	4.18638848E-007	4.18638848E-007	0	0	0	0	0	0
91.0500031	0.0499992371	4.17849094E-007	4.17849094E-007	0	0	0	0	0	0
91.1499939	0.0499992371	4.17061727E-007	4.17061727E-007	0	0	0	0	0	0
91.25	0.0500030518	4.16276691E-007	4.16276691E-007	0	0	0	0	0	0
91.3500061	0.0499992371	4.15493929E-007	4.15493929E-007	0	0	0	0	0	0
91.4499969	0.0499992371	4.14713583E-007	4.14713583E-007	0	0	0	0	0	0
91.5500031	0.0499992371	4.13935481E-007	4.13935481E-007	0	0	0	0	0	0
91.6499939	0.0499992371	4.13159711E-007	4.13159711E-007	0	0	0	0	0	0
91.75	0.0500030518	4.12386242E-007	4.12386242E-007	0	0	0	0	0	0
91.8500061	0.0499992371	4.11614991E-007	4.11614991E-007	0	0	0	0	0	0
91.9499969	0.0499992371	4.10846127E-007	4.10846127E-007	0	0	0	0	0	0
92.0500031	0.0499992371	4.10079451E-007	4.10079451E-007	0	0	0	0	0	0
92.1499939	0.0499992371	4.09315049E-007	4.09315049E-007	0	0	0	0	0	0
92.25	0.0500030518	4.08552864E-007	4.08552864E-007	0	0	0	0	0	0
92.3500061	0.0499992371	4.07792953E-007	4.07792953E-007	0	0	0	0	0	0
92.4499969	0.0499992371	0.000000407	0.000000407	0	0	0	0	0	0
92.5500031	0.0499992371	4.06279838E-007	4.06279838E-007	0	0	0	0	0	0
92.6499939	0.0499992371	4.05526663E-007	4.05526663E-007	0	0	0	0	0	0
92.75	0.0500030518	4.04775562E-007	4.04775562E-007	0	0	0	0	0	0
92.8500061	0.0499992371	0.000000404	0.000000404	0	0	0	0	0	0
92.9499969	0.0499992371	4.03280069E-007	4.03280069E-007	0	0	0	0	0	0
93.0500031	0.0499992371	4.02535619E-007	4.02535619E-007	0	0	0	0	0	0
93.1499939	0.0499992371	4.01793329E-007	4.01793329E-007	0	0	0	0	0	0
93.25	0.0500030518	4.01053171E-007	4.01053171E-007	0	0	0	0	0	0
93.3500061	0.0499992371	4.00315145E-007	4.00315145E-007	0	0	0	0	0	0
93.4499969	0.0499992371	3.99579363E-007	3.99579363E-007	0	0	0	0	0	0
93.5500031	0.0499992371	3.988456E-007	3.988456E-007	0	0	0	0	0	0
93.6499939	0.0499992371	3.98114054E-007	3.98114054E-007	0	0	0	0	0	0
93.75	0.0500030518	3.97384582E-007	3.97384582E-007	0	0	0	0	0	0
93.8500061	0.0499992371	3.96657214E-007	3.96657214E-007	0	0	0	0	0	0
93.9499969	0.0499992371	3.95931892E-007	3.95931892E-007	0	0	0	0	0	0
94.0500031	0.0499992371	3.95208815E-007	3.95208815E-007	0	0	0	0	0	0
94.1499939	0.0499992371	3.94487699E-007	3.94487699E-007	0	0	0	0	0	0
94.25	0.0500030518	3.93768744E-007	3.93768744E-007	0	0	0	0	0	0
94.3500061	0.0499992371	3.93051749E-007	3.93051749E-007	0	0	0	0	0	0
94.4499969	0.0499992371	3.92336915E-007	3.92336915E-007	0	0	0	0	0	0
94.5500031	0.0499992371	3.9162407E-007	3.9162407E-007	0	0	0	0	0	0
94.6499939	0.0499992371	3.90913328E-007	3.90913328E-007	0	0	0	0	0	0
94.75	0.0500030518	3.90204576E-007	3.90204576E-007	0	0	0	0	0	0
94.8500061	0.0499992371	3.8949787E-007	3.8949787E-007	0	0	0	0	0	0
94.9499969	0.0499992371	3.88793154E-007	3.88793154E-007	0	0	0	0	0	0
95.0500031	0.0499992371	3.88090513E-007	3.88090513E-007	0	0	0	0	0	0
95.1499939	0.0499992371	3.87389861E-007	3.87389861E-007	0	0	0	0	0	0
95.25	0.0500030518	3.86691141E-007	3.86691141E-007	0	0	0	0	0	0
95.3500061	0.0499992371	0.000000386	0.000000386	0	0	0	0	0	0
95.4499969	0.0499992371	3.85299813E-007	3.85299813E-007	0	0	0	0	0	0
95.5500031	0.0499992371	3.84607063E-007	3.84607063E-007	0	0	0	0	0	0
95.6499939	0.0499992371	3.83916358E-007	3.83916358E-007	0	0	0	0	0	0
95.75	0.0500030518	3.83227501E-007	3.83227501E-007	0	0	0	0	0	0
95.8500061	0.0499992371	3.82540605E-007	3.82540605E-007	0	0	0	0	0	0
95.9499969	0.0499992371	3.81855756E-007	3.81855756E-007	0	0	0	0	0	0
96.0500031	0.0499992371	3.81172782E-007	3.81172782E-007	0	0	0	0	0	0
96.1499939	0.0499992371	3.80491713E-007	3.80491713E-007	0	0	0	0	0	0
96.25	0.0500030518	3.79812604E-007	3.79812604E-007	0	0	0	0	0	0
96.3500061	0.0499992371	3.79135372E-007	3.79135372E-007	0	0	0	0	0	0
96.4499969	0.0499992371	3.78460072E-007	3.78460072E-007	0	0	0	0	0	0
96.5500031	0.0499992371	3.77786677E-007	3.77786677E-007	0	0	0	0	0	0
96.6499939	0.0499992371	3.77115185E-007	3.77115185E-007	0	0	0	0	0	0
96.75	0.0500030518	3.76445541E-007	3.76445541E-007	0	0	0	0	0	0
96.8500061	0.0499992371	3.75777773E-007	3.75777773E-007	0	0	0	0	0	0
96.9499969	0.0499992371	3.7511191E-007	3.7511191E-007	0	0	0	0	0	0
97.0500031	0.0499992371	3.74447922E-007	3.74447922E-007	0	0	0	0	0	0
97.1499939	0.0499992371	3.73785753E-007	3.73785753E-007	0	0	0	0	0	0
97.25	0.0500030518	3.73125431E-007	3.73125431E-007	0	0	0	0	0	0
97.3500061	0.0499992371	3.724669E-007	3.724669E-007	0	0	0	0	0	0
97.4499969	0.0499992371	3.71810302E-007	3.71810302E-007	0	0	0	0	0	0
97.5500031	0.0499992371	3.71155494E-007	3.71155494E-007	0	0	0	0	0	0
97.6499939	0.0499992371	3.70502534E-007	3.70502534E-007	0	0	0	0	0	0
97.75	0.0500030518	3.69851364E-007	3.69851364E-007	0	0	0	0	0	0
97.8500061	0.0499992371	3.69201956E-007	3.69201956E-007	0	0	0	0	0	0
97.9499969	0.0499992371	3.68554424E-007	3.68554424E-007	0	0	0	0	0	0
98.0500031	0.0499992371	3.67908598E-007	3.67908598E-007	0	0	0	0	0	0
98.1499939	0.0499992371	3.67264619E-007	3.67264619E-007	0	0	0	0	0	0
98.25	0.0500030518	3.6662243E-007	3.6662243E-007	0	0	0	0	0	0
98.3500061	0.0499992371	0.000000366	0.000000366	0	0	0	0	0	0
98.4499969	0.0499992371	3.6534334E-007	3.6534334E-007	0	0	0	0	0	0
98.5500031	0.0499992371	3.64706437E-007	3.64706437E-007	0	0	0	0	0	0
98.6499939	0.0499992371	3.64071298E-007	3.64071298E-007	0	0	0	0	0	0
98.75	0.0500030518	3.63437891E-007	3.63437891E-007	0	0	0	0	0	0
98.8500061	0.0499992371	3.62806162E-007	3.62806162E-007	0	0	0	0	0	0
98.9499969	0.0499992371	3.62176252E-007	3.62176252E-007	0	0	0	0	0	0
99.0500031	0.0499992371	3.61548075E-007	3.61548075E-007	0	0	0	0	0	0
99.1499939	0.0499992371	3.60921575E-007	3.60921575E-007	0	0	0	0	0	0
99.25	0.0500030518	3.60296838E-007	3.60296838E-007	0	0	0	0	0	0
99.3500061	0.0499992371	3.5967372E-007	3.5967372E-007	0	0	0	0	0	0
99.4499969	0.0499992371	3.59052365E-007	3.59052365E-007	0	0	0	0	0	0
99.5500031	0.0499992371	3.58432686E-007	3.58432686E-007	0	0	0	0	0	0
99.6499939	0.0499992371	3.57814741E-007	3.57814741E-007	0	0	0	0	0	0
99.75	0.0500030518	3.57198417E-007	3.57198417E-007	0	0	0	0	0	0
99.8500061	0.0499992371	3.5658374E-007	3.5658374E-007	0	0	0	0	0	0
99.9499969	0.0499992371	0.000000356	0.000000356	0	0	0	0	0	0
