0.150000006 5.00000007E-2 0 0 0 0 0 0 0 0
0.25 5.00000045E-2 0 0 0 0 0 0 0 0
0.350000024 4.9999997E-2 0 0 0 0 0 0 0 0
0.449999988 4.9999997E-2 1.99043431E-24 0 0 0 0 0 2.97465519E-25 1.69296887E-24
0.550000012 5.00000119E-2 1.26725059E-21 0 0 0 0 0 2.04282789E-22 1.06296778E-21
0.650000036 5.00000119E-2 1.79688974E-17 0 0 0 0 0 1.88229498E-18 1.60866032E-17
0.75 4.99999821E-2 5.21943701E-14 6.56370332E-34 0 0 8.69500544E-35 2.16538604E-33 2.00805614E-15 5.01863125E-14
0.850000024 5.00000119E-2 6.21123769E-12 9.18109041E-29 0 0 1.24563258E-29 5.628485E-28 1.34016875E-13 6.07722119E-12
0.950000048 4.99999821E-2 4.85165297E-10 1.33829811E-23 0 0 1.86481728E-24 9.43838373E-23 9.36736105E-12 4.75797957E-10
1.04999995 5.00000119E-2 9.86554127E-9 2.2097277E-19 0 0 3.52702769E-20 1.00539068E-18 3.33218259E-10 9.53232338E-9
1.1500001 5.00000119E-2 4.97467312E-8 2.39028013E-16 0 0 4.71750434E-17 4.33831297E-16 4.86332441E-9 4.48834072E-8
1.25 5.00000119E-2 1.87477312E-7 4.27425294E-14 0 0 6.66719623E-15 4.53522819E-14 2.39540707E-8 1.6352314E-7
1.35000014 5.00000119E-2 5.31997728E-7 5.47678927E-13 0 0 8.29262332E-14 7.03758015E-13 5.5900891E-8 4.76095522E-7
1.45000005 4.99999523E-2 1.31966658E-6 1.35180695E-11 0 0 2.25454919E-12 1.35845857E-11 1.87265712E-7 1.13237161E-6
1.54999995 5.00000119E-2 1.68749989E-6 1.67446931E-10 0 0 2.68788412E-11 7.89095803E-11 4.27556614E-7 1.25967006E-6
1.6500001 5.00000119E-2 2.62753952E-6 1.24794841E-9 0 0 1.95579539E-10 4.27571811E-10 8.22071797E-7 1.80359655E-6
1.75 5.00000119E-2 5.04556465E-6 6.30288577E-9 0 0 1.02083275E-9 2.51092169E-9 1.45187175E-6 3.58385819E-6
1.85000014 5.00000119E-2 1.46808507E-5 1.28130715E-8 0 0 2.05388795E-9 1.47951544E-8 1.78040295E-6 1.28707852E-5
1.95000005 4.99999523E-2 6.08545542E-6 3.05101757E-8 0 0 4.79297402E-9 8.0489464E-9 2.25006397E-6 3.79203925E-6
2.04999995 4.99999523E-2 1.40596721E-5 8.05621383E-8 0 0 1.49197668E-8 4.27158788E-8 3.59427463E-6 1.03271996E-5
2.1500001 5.00000715E-2 1.13371398E-5 1.80176045E-7 0 0 2.80251307E-8 5.22780148E-8 3.85672047E-6 7.21994002E-6
2.25 4.99999523E-2 1.17161117E-5 3.52614478E-7 0 0 5.51631203E-8 7.56046887E-8 4.72867987E-6 6.50404945E-6
2.3499999 4.99999523E-2 1.51512522E-5 6.19355944E-7 0 0 1.00986497E-7 1.47777385E-7 5.78604204E-6 8.49709068E-6
2.44999981 5.00000715E-2 3.11863369E-5 8.90963577E-7 0 0 1.40980163E-7 5.36335449E-7 6.14752707E-6 2.34705312E-5
2.54999995 4.99999523E-2 1.44656506E-5 1.06422704E-6 0 0 1.68349302E-7 1.80724584E-7 6.28322505E-6 6.76912441E-6
2.6500001 5.00000715E-2 1.78187674E-5 1.55037094E-6 0 0 2.90097489E-7 2.65496027E-7 8.19034085E-6 7.52246206E-6
2.75 4.99999523E-2 1.61814714E-5 2.13240855E-6 0 0 3.32458853E-7 2.72603899E-7 7.37513074E-6 6.06887033E-6
2.8499999 4.99999523E-2 1.91074523E-5 2.79608412E-6 0 0 4.35598395E-7 4.21828986E-7 7.83732503E-6 7.61661522E-6
2.94999981 5.00000715E-2 1.82427793E-5 3.5227124E-6 0 0 5.47030254E-7 3.72485715E-7 8.19827255E-6 5.60227772E-6
3.04999995 4.99999523E-2 1.97097725E-5 4.29158354E-6 0 0 6.58483089E-7 4.59839839E-7 8.40763551E-6 5.89223191E-6
3.1500001 5.00000715E-2 2.55592131E-5 5.08200264E-6 0 0 8.22516085E-7 8.68610016E-7 9.1203392E-6 9.66574589E-6
3.25 4.99999523E-2 2.03197287E-5 5.61949719E-6 0 0 8.69747623E-7 4.56721807E-7 8.75825117E-6 4.6155119E-6
3.3499999 4.99999523E-2 2.183775E-5 6.35916331E-6 0 0 1.07058952E-6 4.72841094E-7 9.65548588E-6 4.27967052E-6
3.44999981 5.00000715E-2 2.13462736E-5 7.10327367E-6 0 0 1.08088193E-6 4.73771593E-7 8.81208325E-6 3.87626369E-6
3.54999995 4.99999523E-2 2.18467958E-5 7.81223025E-6 0 0 1.18049547E-6 4.79024777E-7 8.79391609E-6 3.58112902E-6
3.6500001 5.00000715E-2 2.25178446E-5 8.47764568E-6 0 0 1.27079454E-6 5.11494477E-7 8.73112094E-6 3.5267899E-6
3.75 4.99999523E-2 2.25050826E-5 9.09369919E-6 0 0 1.35312007E-6 4.60576928E-7 8.64470803E-6 2.95297741E-6
3.8499999 4.99999523E-2 2.40748741E-5 9.65681284E-6 0 0 1.44864566E-6 6.1414562E-7 8.66760001E-6 3.68767019E-6
3.94999981 5.00000715E-2 2.40329755E-5 1.01652749E-5 0 0 1.57341617E-6 5.13912937E-7 8.87219267E-6 2.90817752E-6
4.05000019 4.99999523E-2 2.28638219E-5 1.04770061E-5 0 0 1.53723147E-6 4.00074356E-7 8.28548036E-6 2.16402941E-6
4.14999962 4.99999523E-2 2.39986239E-5 1.0825318E-5 0 0 1.75266769E-6 3.89351158E-7 9.02030843E-6 2.01097782E-6
4.25 5.00001907E-2 2.29560919E-5 1.12191565E-5 0 0 1.62311164E-6 3.62430654E-7 7.9662459E-6 1.78514802E-6
4.35000038 4.99999523E-2 2.2920125E-5 1.15602625E-5 0 0 1.65860786E-6 3.3322101E-7 7.79617312E-6 1.57186093E-6
4.44999981 4.99999523E-2 2.28176996E-5 1.18512417E-5 0 0 1.67537996E-6 3.10848009E-7 7.57058933E-6 1.40964084E-6
4.55000019 4.99999523E-2 2.29164125E-5 1.20951145E-5 0 0 1.71175498E-6 3.06717311E-7 7.46115256E-6 1.34167271E-6
4.64999962 4.99999523E-2 2.26732009E-5 1.22951278E-5 0 0 1.72170769E-6 2.66717052E-7 7.26083499E-6 1.12881276E-6
4.75 5.00001907E-2 2.25749882E-5 1.24546405E-5 0 0 1.74053844E-6 2.46498928E-7 7.121198E-6 1.01211185E-6
4.85000038 4.99999523E-2 2.25756485E-5 1.2577023E-5 0 0 1.78019218E-6 2.27326481E-7 7.08335665E-6 9.0774995E-7
4.94999981 4.99999523E-2 2.22015897E-5 1.26655696E-5 0 0 1.74790387E-6 2.06333553E-7 6.77872822E-6 8.03053524E-7
5.05000019 4.99999523E-2 2.18917103E-5 1.27234689E-5 0 0 1.72589796E-6 1.88610471E-7 6.53682855E-6 7.16905276E-7
5.14999962 4.99999523E-2 2.16825647E-5 1.27537487E-5 0 0 1.72480634E-6 1.72213319E-7 6.39137716E-6 6.40419955E-7
5.25 5.00001907E-2 2.13426229E-5 1.27592621E-5 0 0 1.69651071E-6 1.56383166E-7 6.16056786E-6 5.69899271E-7
5.35000038 4.99999523E-2 2.1045953E-5 1.27426692E-5 0 0 1.67690303E-6 1.42068899E-7 5.97619874E-6 5.08112748E-7
5.44999981 4.99999523E-2 2.0909114E-5 1.27064341E-5 0 0 1.6857673E-6 1.35736684E-7 5.9040899E-6 4.77085905E-7
5.55000019 4.99999523E-2 2.04573425E-5 1.26528357E-5 0 0 1.63839729E-6 1.16643527E-7 5.64606944E-6 4.03396029E-7
5.64999962 4.99999523E-2 2.04781099E-5 1.25839533E-5 0 0 1.69071916E-6 1.05331949E-7 5.73927537E-6 3.58830789E-7
5.75 5.00001907E-2 1.9823925E-5 1.25016877E-5 0 0 1.58874582E-6 9.53261008E-8 5.31794785E-6 3.20217794E-7
5.85000038 4.99999523E-2 1.95027969E-5 1.2407766E-5 0 0 1.56240378E-6 8.59464393E-8 5.16172759E-6 2.84953273E-7
5.94999981 4.99999523E-2 1.93728756E-5 1.23037516E-5 0 0 1.58062073E-6 7.72112827E-8 5.15841202E-6 2.52879204E-7
6.05000019 4.99999523E-2 1.88145714E-5 1.21910598E-5 0 0 1.49722462E-6 6.97597073E-8 4.83065287E-6 2.25874672E-7
6.14999962 4.99999523E-2 1.86490306E-5 1.20709592E-5 0 0 1.50618609E-6 6.28313188E-8 4.80777953E-6 2.01273252E-7
6.25 5.00001907E-2 1.81000742E-5 1.19445967E-5 0 0 1.42315025E-6 5.63345779E-8 4.49733488E-6 1.78658425E-7
6.35000038 4.99999523E-2 8.71694283E-5 1.18129974E-5 6.94049013E-5 0 1.39004965E-6 5.06911171E-8 4.35153379E-6 1.59253105E-7
6.44999981 4.99999523E-2 8.79801955E-5 1.16770761E-5 7.03762198E-5 0 1.38113921E-6 6.32534807E-8 4.28554085E-6 1.96968415E-7
6.55000019 4.99999523E-2 1.79129747E-5 1.15376479E-5 0 0 1.38394716E-6 1.7922855E-7 4.25866665E-6 5.53484313E-7
6.64999962 4.99999523E-2 4.05236788E-5 1.13954484E-5 0 0 7.01285535E-6 1.73186635E-7 2.14115353E-5 5.30653779E-7
6.75 5.00001907E-2 4.06772924E-5 1.12511207E-5 0 0 7.26192366E-6 3.84084657E-8 2.20090169E-5 1.16820729E-7
6.85000038 4.99999523E-2 1.62589768E-5 1.11052404E-5 0 0 1.2556311E-6 2.95956504E-8 3.77911715E-6 8.93923087E-8
6.94999981 4.99999523E-2 3.00962838E-5 1.09583143E-5 0 0 4.76985906E-6 2.64991158E-8 1.42620956E-5 7.95157504E-8
7.05000019 4.99999523E-2 3.44351065E-5 1.08107943E-5 0 1.88699923E-5 1.17326692E-6 2.37590001E-8 3.4864413E-6 7.08529129E-8
7.14999962 4.99999523E-2 1.31631359E-5 8.98887083E-6 0 0 9.54252187E-7 1.79724182E-8 3.14264116E-6 5.93994045E-8
7.25 5.00001907E-2 1.27880767E-5 8.72587225E-6 0 0 9.26910275E-7 1.58783084E-8 3.06669472E-6 5.27206865E-8
7.35000038 4.99999523E-2 1.25461293E-5 8.65993479E-6 0 0 8.94164032E-7 1.42978163E-8 2.9307032E-6 4.70292854E-8
7.44999981 4.99999523E-2 1.23826576E-5 8.59069314E-6 0 0 8.79613538E-7 1.28939908E-8 2.85742112E-6 4.20352571E-8
7.55000019 4.99999523E-2 1.22255933E-5 8.51857112E-6 0 0 8.66543814E-7 1.16391385E-8 2.79121514E-6 3.76242291E-8
7.64999962 4.99999523E-2 1.20594314E-5 8.44394981E-6 0 0 8.51278116E-7 1.04984723E-8 2.72004081E-6 3.36646444E-8
7.75 5.00001907E-2 1.30374774E-5 8.36718391E-6 0 0 1.11026986E-6 9.45286782E-9 3.52049096E-6 3.00803045E-8
7.85000038 4.99999523E-2 1.65961192E-5 8.28859174E-6 0 0 1.99432247E-6 8.53897131E-9 6.27769259E-6 2.6974547E-8
7.94999981 4.99999523E-2 1.15332768E-5 8.20846799E-6 0 0 7.98126507E-7 7.67826958E-9 2.49491654E-6 2.40874929E-8
8.05000019 5.00001907E-2 1.14499699E-5 8.12707913E-6 0 0 8.02499244E-7 6.89548196E-9 2.49200707E-6 2.14888551E-8
8.15000057 5.00001907E-2 1.16174906E-5 8.04466617E-6 0 0 8.68252357E-7 6.19558316E-9 2.67918995E-6 1.91859666E-8
8.25 4.99997139E-2 1.39508411E-5 7.96145105E-6 0 0 1.46701257E-6 5.59751934E-9 4.49955041E-6 1.72295849E-8
8.35000038 5.00001907E-2 1.10705878E-5 7.83713131E-6 0 0 7.91324794E-7 5.16919307E-9 2.42109172E-6 1.58716915E-8
8.45000076 5.00001907E-2 1.11901818E-5 7.73799547E-6 0 0 8.48616708E-7 4.48724347E-9 2.58536306E-6 1.37193519E-8
8.55000114 4.99997139E-2 1.04558212E-5 7.65723598E-6 0 0 6.90428294E-7 4.04102396E-9 2.09182917E-6 1.22869199E-8
8.65000057 5.00001907E-2 1.10687724E-5 7.57612543E-6 0 0 8.66507435E-7 3.64834629E-9 2.61145669E-6 1.10344462E-8
8.75 4.99997139E-2 1.07643218E-5 7.49481296E-6 0 0 8.14390717E-7 3.27179595E-9 2.4420001E-6 9.84561943E-9
8.85000038 5.00001907E-2 1.00862044E-5 7.41343001E-6 0 0 6.67908068E-7 2.94903879E-9 1.99308556E-6 8.83148576E-9
8.95000076 5.00001907E-2 1.01692794E-5 7.33209663E-6 0 0 7.11949326E-7 2.65211986E-9 2.11467591E-6 7.90554555E-9
9.05000114 4.99997139E-2 1.00524585E-5 7.25092377E-6 0 0 7.05583886E-7 2.38839992E-9 2.0864743E-6 7.08786452E-9
9.15000057 5.00001907E-2 9.87708518E-6 7.17000648E-6 0 0 6.84136353E-7 2.1472093E-9 2.01445027E-6 6.34500896E-9
9.25 4.99997139E-2 9.54379539E-6 7.08943207E-6 0 0 6.22183109E-7 1.93356042E-9 1.82455653E-6 5.69037439E-9
9.35000038 5.00001907E-2 9.39553502E-6 7.00928013E-6 0 0 6.06838171E-7 1.73572823E-9 1.77259278E-6 5.08817211E-9
9.45000076 5.00001907E-2 9.24716824E-6 6.9296193E-6 0 0 5.91145238E-7 1.56591073E-9 1.72026512E-6 4.57311566E-9
9.55000114 4.99997139E-2 9.13352505E-6 6.85051236E-6 0 0 5.84042027E-7 1.40920875E-9 1.6934606E-6 4.10062739E-9
9.65000057 5.00001907E-2 9.00600844E-6 6.77201251E-6 0 0 5.73098816E-7 1.26402477E-9 1.65596771E-6 3.66540442E-9
9.75 4.99997139E-2 8.829732E-6 6.69417159E-6 0 0 5.49279036E-7 1.13945609E-9 1.58184923E-6 3.29316618E-9
9.85000038 5.00001907E-2 8.71997054E-6 6.61702825E-6 0 0 5.42278201E-7 1.02647735E-9 1.55668067E-6 2.95713232E-9
9.95000076 5.00001907E-2 8.57854684E-6 6.54062205E-6 0 0 5.26791666E-7 9.22802834E-10 1.50755966E-6 2.65026001E-9
10.0500011 4.99997139E-2 8.47285901E-6 6.46640228E-6 0 0 5.19937487E-7 8.28380864E-10 1.48331969E-6 2.37168862E-9
10.1500006 5.00001907E-2 8.34403272E-6 6.39426344E-6 0 0 5.06479353E-7 7.48623719E-10 1.44040439E-6 2.13663442E-9
10.25 4.99997139E-2 8.21836693E-6 6.32272759E-6 0 0 4.9357368E-7 6.72625233E-10 1.39947883E-6 1.91395388E-9
10.3500004 5.00001907E-2 8.10230358E-6 6.25182929E-6 0 0 4.82899054E-7 6.05836437E-10 1.3652508E-6 1.71891923E-9
10.4500008 5.00001907E-2 7.98397377E-6 6.18160129E-6 0 0 4.71362597E-7 5.44358558E-10 1.32892546E-6 1.54019086E-9
10.5500011 4.99997139E-2 7.86601322E-6 6.11206951E-6 0 0 4.59645378E-7 4.91797658E-10 1.29241903E-6 1.38774892E-9
10.6500006 5.00001907E-2 7.74854743E-6 6.04325805E-6 0 0 4.47784203E-7 4.41666842E-10 1.25582028E-6 1.24307553E-9
10.75 4.99997139E-2 7.63250864E-6 5.97518692E-6 0 0 4.36018553E-7 3.98779926E-10 1.21978508E-6 1.11958121E-9
10.8500004 5.00001907E-2 7.51635071E-6 5.90787204E-6 0 0 4.23946034E-7 3.57897045E-10 1.18317234E-6 1.00239639E-9
10.9500008 5.00001907E-2 7.40903897E-6 5.84132931E-6 0 0 4.13930451E-7 3.22749688E-10 1.15255477E-6 9.01870134E-10
11.0500011 4.99997139E-2 7.30658257E-6 5.77556921E-6 0 0 4.0492867E-7 2.91149937E-10 1.12498174E-6 8.11759993E-10
11.1500006 5.00001907E-2 7.20616345E-6 5.71060264E-6 0 0 3.96199709E-7 2.62313699E-10 1.0983689E-6 7.29791894E-10
11.25 4.99997139E-2 7.10915856E-6 5.6464346E-6 0 0 3.88113023E-7 2.35076458E-10 1.07372318E-6 6.5266037E-10
11.3500004 5.00001907E-2 7.01314684E-6 5.58307374E-6 0 0 3.80024716E-7 2.12714596E-10 1.04924618E-6 5.89395532E-10
11.4500008 5.00001907E-2 6.91782679E-6 5.52052097E-6 0 0 3.7186004E-7 1.91855032E-10 1.02472336E-6 5.30572031E-10
11.5500011 4.99997139E-2 6.82319842E-6 5.45878038E-6 0 0 3.63619989E-7 1.72325182E-10 1.00015018E-6 4.75674833E-10
11.6500006 5.00001907E-2 6.72926353E-6 5.39785196E-6 0 0 3.55305843E-7 1.55132698E-10 9.75523449E-7 4.27447411E-10
11.75 4.99997139E-2 6.63600804E-6 5.33773391E-6 0 0 3.46915982E-7 1.40172207E-10 9.5083243E-7 3.85554338E-10
11.8500004 5.00001907E-2 6.54352516E-6 5.27842758E-6 0 0 3.38477975E-7 1.26318594E-10 9.26146527E-7 3.46865037E-10
11.9500008 5.00001907E-2 6.45173714E-6 5.21992706E-6 0 0 3.29974E-7 1.13644254E-10 9.01410942E-7 3.11554893E-10
12.0500011 4.99997139E-2 6.36065488E-6 5.16223099E-6 0 0 3.2140855E-7 1.02403433E-10 8.76632612E-7 2.80297147E-10
12.1500006 5.00001907E-2 6.27101281E-6 5.10533482E-6 0 0 3.12981882E-7 9.23289709E-11 8.52351548E-7 2.52337345E-10
12.25 4.99997139E-2 6.18295644E-6 5.04923173E-6 0 0 3.04736773E-7 8.33759103E-11 8.28676889E-7 2.27533284E-10
12.3500004 5.00001907E-2 6.09857352E-6 4.99391763E-6 0 0 2.97239012E-7 7.50321749E-11 8.0713744E-7 2.04471703E-10
12.4500008 5.00001907E-2 6.01818601E-6 4.93938478E-6 0 0 2.90580573E-7 6.75917725E-11 7.8796927E-7 1.83941848E-10
12.5500011 4.99997139E-2 5.93905224E-6 4.88562637E-6 0 0 2.84027635E-7 6.09582038E-11 7.6917172E-7 1.6566809E-10
12.6500006 5.00001907E-2 5.8632113E-6 4.83263557E-6 0 0 2.78133854E-7 5.51515292E-11 7.52237156E-7 1.49693327E-10
12.75 4.99997139E-2 5.78853724E-6 4.78040465E-6 0 0 2.72330283E-7 4.95609491E-11 7.35618244E-7 1.34350767E-10
12.8500004 5.00001907E-2 5.71472765E-6 4.72892452E-6 0 0 2.66538422E-7 4.46359998E-11 7.19099319E-7 1.20853244E-10
12.9500008 5.00001907E-2 5.64166703E-6 4.678187E-6 0 0 2.60729905E-7 4.03847442E-11 7.0260063E-7 1.09214179E-10
13.0500011 4.99997139E-2 5.56930217E-6 4.62818298E-6 0 0 2.54893877E-7 3.65010383E-11 6.86090345E-7 9.85986848E-11
13.1500006 5.00001907E-2 5.49760034E-6 4.57890565E-6 0 0 2.49024254E-7 3.2763809E-11 6.69549536E-7 8.84055329E-11
13.25 4.99997139E-2 5.42654743E-6 4.53034272E-6 0 0 2.43120581E-7 2.9574395E-11 6.52974677E-7 7.97139785E-11
13.3500004 5.00001907E-2 5.35614481E-6 4.48248647E-6 0 0 2.37186327E-7 2.67695623E-11 6.36373045E-7 7.20787735E-11
13.4500008 5.00001907E-2 5.28691407E-6 4.43532736E-6 0 0 2.31366514E-7 2.41578944E-11 6.20130947E-7 6.49809304E-11
13.5500011 4.99997139E-2 5.21881111E-6 4.38885536E-6 0 0 2.25652741E-7 2.17207606E-11 6.04222976E-7 5.8368109E-11
13.6500006 5.00001907E-2 5.15137071E-6 4.34306139E-6 0 0 2.19921432E-7 1.96124991E-11 5.88315402E-7 5.26525733E-11
13.75 4.99997139E-2 5.08485527E-6 4.29793545E-6 0 0 2.14247549E-7 1.77447085E-11 5.72606893E-7 4.75941439E-11
13.8500004 5.00001907E-2 5.02157263E-6 4.25346798E-6 0 0 2.09263121E-7 1.60220604E-11 5.58782745E-7 4.29351138E-11
13.9500008 5.00001907E-2 4.96017037E-6 4.20964852E-6 0 0 2.04604007E-7 1.44214796E-11 5.45864793E-7 3.86122176E-11
14.0500011 4.99997139E-2 4.89969079E-6 4.1664689E-6 0 0 2.00012224E-7 1.30082368E-11 5.33161597E-7 3.47988409E-11
14.1500006 5.00001907E-2 4.84125167E-6 4.12391773E-6 0 0 1.95796716E-7 1.1778631E-11 5.21494258E-7 3.14834929E-11
14.25 4.99997139E-2 4.78358606E-6 4.08198639E-6 0 0 1.91614518E-7 1.06492376E-11 5.09946005E-7 2.84418791E-11
14.3500004 5.00001907E-2 4.7265894E-6 4.04066486E-6 0 0 1.8744052E-7 9.57870415E-12 4.98448912E-7 2.55627724E-11
14.4500008 5.00001907E-2 4.67047084E-6 3.9999436E-6 0 0 1.83334691E-7 8.63650644E-12 4.8716106E-7 2.30308515E-11
14.5500011 4.99997139E-2 4.61528862E-6 3.95981351E-6 0 0 1.79315848E-7 7.83833241E-12 4.76130737E-7 2.08869588E-11
14.6500006 5.00001907E-2 4.56066209E-6 3.92026368E-6 0 0 1.75283233E-7 7.08186591E-12 4.65089272E-7 1.88576516E-11
14.75 4.99997139E-2 4.50659627E-6 3.88128683E-6 0 0 1.71240558E-7 6.36695514E-12 4.5404542E-7 1.69421473E-11
14.8500004 5.00001907E-2 4.45367687E-6 3.84287296E-6 0 0 1.67351374E-7 5.74678499E-12 4.43431787E-7 1.52815174E-11
14.9500008 5.00001907E-2 4.40129543E-6 3.8050116E-6 0 0 1.63451915E-7 5.21960643E-12 4.3281301E-7 1.38704968E-11
15.0500011 4.99997139E-2 4.34943877E-6 3.76769549E-6 0 0 1.59541045E-7 4.71248344E-12 4.22185224E-7 1.25148138E-11
15.1500006 5.00001907E-2 4.29831607E-6 3.73091461E-6 0 0 1.5567899E-7 4.2396529E-12 4.11706964E-7 1.12520722E-11
15.25 4.99997139E-2 4.2478141E-6 3.69466011E-6 0 0 1.51837497E-7 3.8291397E-12 4.013026E-7 1.0156361E-11
15.3500004 5.00001907E-2 4.19789467E-6 3.65892379E-6 0 0 1.48008453E-7 3.47737984E-12 3.90949879E-7 9.21787213E-12
15.4500008 5.00001907E-2 4.15087834E-6 3.62369724E-6 0 0 1.44831972E-7 3.13969619E-12 3.82337788E-7 8.3179132E-12
15.5500011 4.99997139E-2 4.10442226E-6 3.58897046E-6 0 0 1.41667826E-7 2.82803338E-12 3.73773702E-7 7.48800327E-12
15.6500006 5.00001907E-2 4.05847277E-6 3.55473662E-6 0 0 1.38503395E-7 2.55234028E-12 3.65223599E-7 6.75430979E-12
15.75 4.99997139E-2 4.01408215E-6 3.52098687E-6 0 0 1.356306E-7 2.31892457E-12 3.57456315E-7 6.13332432E-12
15.8500004 5.00001907E-2 3.97027543E-6 3.487713E-6 0 0 1.3278391E-7 2.0961414E-12 3.49770801E-7 5.54118513E-12
15.9500008 4.99997139E-2 3.92695074E-6 3.45490662E-6 0 0 1.29937845E-7 1.887264E-12 3.42099355E-7 4.98647044E-12
16.0499992 5.00001907E-2 3.88413082E-6 3.42256021E-6 0 0 1.27100833E-7 1.7033394E-12 3.34463664E-7 4.49827198E-12
16.1500015 5.00001907E-2 3.84179202E-6 3.39066673E-6 0 0 1.2426824E-7 1.54917604E-12 3.2685108E-7 4.0891639E-12
16.25 5.00001907E-2 3.80029292E-6 3.35921732E-6 0 0 1.21541788E-7 1.40029763E-12 3.19528652E-7 3.69443929E-12
16.3500023 5.00001907E-2 3.75938293E-6 3.32820491E-6 0 0 1.18854331E-7 1.26066768E-12 3.12319145E-7 3.32451427E-12
16.4500008 4.99992371E-2 3.71910733E-6 3.29762224E-6 0 0 1.16220505E-7 1.13936334E-12 3.05260528E-7 3.00326821E-12
16.5499992 5.00001907E-2 3.6793349E-6 3.26746203E-6 0 0 1.13606305E-7 1.03653967E-12 2.98262904E-7 2.73103176E-12
16.6500015 5.00001907E-2 3.64004836E-6 3.2377161E-6 0 0 1.11009257E-7 9.36573627E-13 2.91319537E-7 2.4665864E-12
16.75 5.00001907E-2 3.60116746E-6 3.20837876E-6 0 0 1.08409061E-7 8.43002968E-13 2.84376625E-7 2.21922545E-12
16.8500023 5.00001907E-2 3.56268401E-6 3.17944227E-6 0 0 1.05805498E-7 7.62646782E-13 2.77433458E-7 2.00686451E-12
16.9500008 4.99992371E-2 3.52468965E-6 3.15090097E-6 0 0 1.0322556E-7 6.93512793E-13 2.70560435E-7 1.82421266E-12
17.0499992 5.00001907E-2 3.48807521E-6 3.1227471E-6 0 0 1.00917674E-7 6.26641859E-13 2.64408072E-7 1.64767234E-12
17.1500015 5.00001907E-2 3.45247645E-6 3.09497409E-6 0 0 9.87832252E-8 5.64594595E-13 2.5871708E-7 1.48396128E-12
17.25 5.00001907E-2 3.4172524E-6 3.06757602E-6 0 0 9.66469074E-8 5.10702429E-13 2.53027679E-7 1.34181295E-12
17.3500023 5.00001907E-2 3.38256564E-6 3.04054583E-6 0 0 9.45556238E-8 4.64359128E-13 2.47462452E-7 1.21960721E-12
17.4500008 4.99992371E-2 3.34882293E-6 3.01387809E-6 0 0 9.26235586E-8 4.19910282E-13 2.42319885E-7 1.10247326E-12
17.5499992 5.00001907E-2 3.31546744E-6 2.9875664E-6 0 0 9.06984923E-8 3.78397807E-13 2.3720105E-7 9.93136996E-13
17.6500015 5.00001907E-2 3.28261126E-6 2.9616042E-6 0 0 8.88134366E-8 3.42262433E-13 2.32192235E-7 8.97991534E-13
17.75 5.00001907E-2 3.25025576E-6 2.93598669E-6 0 0 8.69702248E-8 3.11280786E-13 2.27297861E-7 8.16433943E-13
17.8500023 5.00001907E-2 3.2182736E-6 2.91070705E-6 0 0 8.5135369E-8 2.81629944E-13 2.22430188E-7 7.38425217E-13
17.9500008 4.99992371E-2 3.18662796E-6 2.88576075E-6 0 0 8.33000939E-8 2.53841219E-13 2.17566111E-7 6.65352701E-13
18.0499992 5.00001907E-2 3.15539432E-6 2.86114118E-6 0 0 8.14872152E-8 2.29537879E-13 2.12765102E-7 6.01463432E-13
18.1500015 5.00001907E-2 3.12450265E-6 2.83684312E-6 0 0 7.96787347E-8 2.0889639E-13 2.07979909E-7 5.47209847E-13
18.25 5.00001907E-2 3.09393113E-6 2.81286157E-6 0 0 7.78701619E-8 1.89001945E-13 2.03198738E-7 4.949487E-13
18.3500023 5.00001907E-2 3.06387074E-6 2.78919106E-6 0 0 7.61158461E-8 1.70413149E-13 1.985632E-7 4.46139572E-13
18.4500008 4.99992371E-2 3.03416368E-6 2.76582637E-6 0 0 7.43736166E-8 1.54138272E-13 1.93963089E-7 4.03417425E-13
18.5499992 5.00001907E-2 3.00477245E-6 2.74276272E-6 0 0 7.26344709E-8 1.40257313E-13 1.89374717E-7 3.66985359E-13
18.6500015 5.00001907E-2 2.97571E-6 2.7199942E-6 0 0 7.09036456E-8 1.26920176E-13 1.84811739E-7 3.31998128E-13
18.75 5.00001907E-2 2.9475309E-6 2.69751717E-6 0 0 6.93360036E-8 1.14545119E-13 1.80677475E-7 2.9954755E-13
18.8500023 5.00001907E-2 2.92013328E-6 2.67532596E-6 0 0 6.7904864E-8 1.03557482E-13 1.76901992E-7 2.70743036E-13
18.9500008 4.99992371E-2 2.8930192E-6 2.65341646E-6 0 0 6.64735254E-8 9.42328694E-14 1.7312891E-7 2.46301623E-13
19.0499992 5.00001907E-2 2.86618342E-6 2.6317839E-6 0 0 6.50417533E-8 8.53094586E-14 1.6935752E-7 2.22922239E-13
19.1500015 5.00001907E-2 2.84011821E-6 2.61042305E-6 0 0 6.37476631E-8 7.70555698E-14 1.65947284E-7 2.01304685E-13
19.25 5.00001907E-2 2.8145032E-6 2.58933073E-6 0 0 6.25033394E-8 6.96187628E-14 1.62669039E-7 1.81832685E-13
19.3500023 5.00001907E-2 2.78915377E-6 2.56850149E-6 0 0 6.12589943E-8 6.33481711E-14 1.59393082E-7 1.65416061E-13
19.4500008 4.99992371E-2 2.76407059E-6 2.54793167E-6 0 0 6.00159566E-8 5.74081323E-14 1.56122823E-7 1.49870811E-13
19.5499992 5.00001907E-2 2.73932073E-6 2.5276172E-6 0 0 5.87939155E-8 5.18664498E-14 1.52909379E-7 1.35373063E-13
19.6500015 5.00001907E-2 2.71486078E-6 2.50755352E-6 0 0 5.75822128E-8 4.68390619E-14 1.49724926E-7 1.22224415E-13
19.75 5.00001907E-2 2.69065504E-6 2.48773631E-6 0 0 5.63720164E-8 4.26285797E-14 1.46546455E-7 1.11213278E-13
19.8500023 5.00001907E-2 2.6666894E-6 2.46816194E-6 0 0 5.51605766E-8 3.865217E-14 1.43366748E-7 1.00817873E-13
19.9500008 4.99992371E-2 2.64296477E-6 2.44882767E-6 0 0 5.39488596E-8 3.49300023E-14 1.40188249E-7 9.1090262E-14
20.0499992 5.00001907E-2 2.61948799E-6 2.42972783E-6 0 0 5.27402584E-8 3.1539492E-14 1.37019725E-7 8.22317407E-14
20.1500015 5.00001907E-2 2.59625131E-6 2.41085922E-6 0 0 5.15336858E-8 2.87004815E-14 1.33858308E-7 7.4814761E-14
20.25 5.00001907E-2 2.57324632E-6 2.3922189E-6 0 0 5.03275466E-8 2.60386364E-14 1.30699775E-7 6.7862728E-14
20.3500023 5.00001907E-2 2.55060513E-6 2.37380254E-6 0 0 4.915983E-8 2.35405161E-14 1.27642721E-7 6.13402693E-14
20.4500008 4.99992371E-2 2.52823747E-6 2.35560719E-6 0 0 4.80062141E-8 2.12514536E-14 1.24623909E-7 5.53651566E-14
20.5499992 5.00001907E-2 2.5066804E-6 2.33762898E-6 0 0 4.70172985E-8 1.93332543E-14 1.22034166E-7 5.0358494E-14
20.6500015 5.00001907E-2 2.48549395E-6 2.31986428E-6 0 0 4.60716301E-8 1.75499704E-14 1.19558024E-7 4.57051931E-14
20.75 5.00001907E-2 2.46459945E-6 2.30231012E-6 0 0 4.51482798E-8 1.58773446E-14 1.17141084E-7 4.13418486E-14
20.8500023 5.00001907E-2 2.4439214E-6 2.2849631E-6 0 0 4.42271499E-8 1.43265984E-14 1.14731144E-7 3.72974797E-14
20.9500008 4.99992371E-2 2.42370334E-6 2.26782004E-6 0 0 4.33768861E-8 1.30351654E-14 1.12506235E-7 3.39296022E-14
21.0499992 5.00001907E-2 2.40373606E-6 2.25087797E-6 0 0 4.25402504E-8 1.1837864E-14 1.10317764E-7 3.08079469E-14
21.1500015 5.00001907E-2 2.38402731E-6 2.23413372E-6 0 0 4.17202095E-8 1.0713908E-14 1.08173388E-7 2.78782717E-14
21.25 5.00001907E-2 2.36451638E-6 2.21758364E-6 0 0 4.09009075E-8 9.66199641E-15 1.06031969E-7 2.51370766E-14
21.3500023 5.00001907E-2 2.34520485E-6 2.20122524E-6 0 0 4.00833784E-8 8.79435346E-15 1.03896134E-7 2.28761542E-14
21.4500008 4.99992371E-2 2.32609409E-6 2.18505602E-6 0 0 3.92688584E-8 7.98892761E-15 1.01769082E-7 2.07778215E-14
21.5499992 5.00001907E-2 2.30719002E-6 2.16907256E-6 0 0 3.84599623E-8 7.23294563E-15 9.96575338E-8 1.88087749E-14
21.6500015 5.00001907E-2 2.28847966E-6 2.15327168E-6 0 0 3.76538445E-8 6.52068409E-15 9.75541141E-8 1.69540488E-14
21.75 5.00001907E-2 2.26995348E-6 2.13765111E-6 0 0 3.68486006E-8 5.93665318E-15 9.54538493E-8 1.54332757E-14
21.8500023 5.00001907E-2 2.25160466E-6 2.12220812E-6 0 0 3.60429979E-8 5.39391258E-15 9.33535063E-8 1.40203104E-14
21.9500008 4.99992371E-2 2.23343159E-6 2.10694043E-6 0 0 3.5237349E-8 4.88478564E-15 9.1253888E-8 1.26951452E-14
22.0499992 5.00001907E-2 2.21543974E-6 2.09184441E-6 0 0 3.44340734E-8 4.4039136E-15 8.91612473E-8 1.14438064E-14
22.1500015 5.00001907E-2 2.1976341E-6 2.07691824E-6 0 0 3.3635164E-8 4.00915644E-15 8.70807E-8 1.0416585E-14
22.25 5.00001907E-2 2.18006062E-6 2.06215918E-6 0 0 3.28541461E-8 3.643004E-15 8.50472475E-8 9.46397789E-15
22.3500023 5.00001907E-2 2.16296417E-6 2.04756452E-6 0 0 3.21600773E-8 3.30081582E-15 8.3239577E-8 8.57389365E-15
22.4500008 4.99992371E-2 2.14629972E-6 2.0331322E-6 0 0 3.15409174E-8 2.97593379E-15 8.1626446E-8 7.72900963E-15
22.5499992 5.00001907E-2 2.12979853E-6 2.01885973E-6 0 0 3.0922628E-8 2.70836096E-15 8.00161644E-8 7.03318222E-15
22.6500015 5.00001907E-2 2.11347992E-6 2.0047446E-6 0 0 3.03111882E-8 2.461594E-15 7.84241863E-8 6.39156874E-15
22.75 5.00001907E-2 2.09742939E-6 1.99078431E-6 0 0 2.97311349E-8 2.23151465E-15 7.69139703E-8 5.79345294E-15
22.8500023 5.00001907E-2 2.08160736E-6 1.97697727E-6 0 0 2.91719608E-8 2.0124749E-15 7.54582814E-8 5.22415194E-15
22.9500008 4.99992371E-2 2.06596496E-6 1.96332053E-6 0 0 2.86207413E-8 1.83022009E-15 7.40236885E-8 4.75047629E-15
23.0499992 5.00001907E-2 2.05048514E-6 1.94981226E-6 0 0 2.80733072E-8 1.6641057E-15 7.25993701E-8 4.31881051E-15
23.1500015 5.00001907E-2 2.03515151E-6 1.93645042E-6 0 0 2.75258216E-8 1.50916157E-15 7.11753856E-8 3.91623947E-15
23.25 5.00001907E-2 2.01997182E-6 1.9232325E-6 0 0 2.69808691E-8 1.36218833E-15 6.97584142E-8 3.53444974E-15
23.3500023 5.00001907E-2 2.00494628E-6 1.91015693E-6 0 0 2.64391726E-8 1.23772859E-15 6.83503103E-8 3.21116077E-15
23.4500008 4.99992371E-2 1.99006945E-6 1.89722107E-6 0 0 2.58998192E-8 1.12543182E-15 6.69486937E-8 2.91950086E-15
23.5499992 5.00001907E-2 1.97534109E-6 1.88442334E-6 0 0 2.53631871E-8 1.02119309E-15 6.55545378E-8 2.64881009E-15
23.6500015 5.00001907E-2 1.9607487E-6 1.87176181E-6 0 0 2.48263969E-8 9.2255197E-16 6.4160389E-8 2.3926993E-15
23.75 5.00001907E-2 1.94629001E-6 1.85923432E-6 0 0 2.42894771E-8 8.37582707E-16 6.27663113E-8 2.17210143E-15
23.8500023 5.00001907E-2 1.93202254E-6 1.84683881E-6 0 0 2.37689193E-8 7.61338148E-16 6.14149016E-8 1.97417609E-15
23.9500008 4.99992371E-2 1.91789559E-6 1.83457382E-6 0 0 2.32510136E-8 6.91253741E-16 6.00707182E-8 1.79226581E-15
24.0499992 5.00001907E-2 1.90389699E-6 1.8224373E-6 0 0 2.27330297E-8 6.25046046E-16 5.87266982E-8 1.62044486E-15
24.1500015 5.00001907E-2 1.89002776E-6 1.81042742E-6 0 0 2.22156729E-8 5.6697225E-16 5.73846535E-8 1.46974531E-15
24.25 5.00001907E-2 1.87654973E-6 1.79854248E-6 0 0 2.17725393E-8 5.15385349E-16 5.62346649E-8 1.33589113E-15
24.3500023 5.00001907E-2 1.86325087E-6 1.78678079E-6 0 0 2.13449525E-8 4.68085918E-16 5.5125124E-8 1.21317639E-15
24.4500008 4.99992371E-2 1.85008753E-6 1.77514084E-6 0 0 2.09211404E-8 4.236106E-16 5.40256195E-8 1.09780499E-15
24.5499992 5.00001907E-2 1.83710449E-6 1.76362016E-6 0 0 2.05142623E-8 3.83929727E-16 5.29701367E-8 9.94880536E-16
24.6500015 5.00001907E-2 1.82431552E-6 1.75221783E-6 0 0 2.01284323E-8 3.4908573E-16 5.1969252E-8 9.04508368E-16
24.75 5.00001907E-2 1.81168934E-6 1.74093213E-6 0 0 1.97554275E-8 3.17060235E-16 5.10017273E-8 8.21455834E-16
24.8500023 5.00001907E-2 1.79917959E-6 1.72976127E-6 0 0 1.9382826E-8 2.87155498E-16 5.00354851E-8 7.43913039E-16
24.9500008 4.99992371E-2 1.78681341E-6 1.71870363E-6 0 0 1.90186089E-8 2.60120006E-16 4.90911205E-8 6.73816986E-16
25.0499992 5.00001907E-2 1.77456172E-6 1.70775786E-6 0 0 1.86550686E-8 2.3651476E-16 4.81487277E-8 6.12618644E-16
25.1500015 5.00001907E-2 1.76242133E-6 1.69692237E-6 0 0 1.82917752E-8 2.14809832E-16 4.72071875E-8 5.56352998E-16
25.25 5.00001907E-2 1.75039713E-6 1.68619556E-6 0 0 1.79305264E-8 1.94699006E-16 4.62711434E-8 5.04225637E-16
25.3500023 5.00001907E-2 1.73848161E-6 1.67557607E-6 0 0 1.75695511E-8 1.76289262E-16 4.53360087E-8 4.56512272E-16
25.4500008 4.99992371E-2 1.72670059E-6 1.66506277E-6 0 0 1.72164292E-8 1.60290768E-16 4.44213377E-8 4.15050618E-16
25.5499992 5.00001907E-2 1.71504382E-6 1.65465349E-6 0 0 1.68689631E-8 1.45564028E-16 4.35214673E-8 3.76888766E-16
25.6500015 5.00001907E-2 1.70349938E-6 1.64434744E-6 0 0 1.65239165E-8 1.32046891E-16 4.26280167E-8 3.41864747E-16
25.75 5.00001907E-2 1.69205691E-6 1.63414302E-6 0 0 1.61789249E-8 1.19503948E-16 4.17348964E-8 3.09368381E-16
25.8500023 5.00001907E-2 1.68071801E-6 1.62403876E-6 0 0 1.58348925E-8 1.08649121E-16 4.08444372E-8 2.81247046E-16
25.9500008 4.99992371E-2 1.66948882E-6 1.61403364E-6 0 0 1.54937041E-8 9.86999914E-17 3.99614812E-8 2.55474428E-16
26.0499992 5.00001907E-2 1.65835752E-6 1.6041264E-6 0 0 1.51524802E-8 8.95760966E-17 3.90785999E-8 2.31841626E-16
26.1500015 5.00001907E-2 1.64744665E-6 1.59431522E-6 0 0 1.48459867E-8 8.10285879E-17 3.82854601E-8 2.09704155E-16
26.25 5.00001907E-2 1.63670586E-6 1.5845992E-6 0 0 1.45603494E-8 7.36809939E-17 3.75462434E-8 1.90675176E-16
26.3500023 5.00001907E-2 1.62606023E-6 1.57497709E-6 0 0 1.42750585E-8 6.69382014E-17 3.68080713E-8 1.73214069E-16
26.4500008 4.99992371E-2 1.61550793E-6 1.56544775E-6 0 0 1.39898724E-8 6.07811983E-17 3.60703005E-8 1.57271215E-16
26.5499992 5.00001907E-2 1.60506511E-6 1.55600992E-6 0 0 1.37096912E-8 5.49974754E-17 3.53455647E-8 1.42296426E-16
26.6500015 5.00001907E-2 1.5948159E-6 1.54666213E-6 0 0 1.34583731E-8 4.99983167E-17 3.46953719E-8 1.29353551E-16
26.75 5.00001907E-2 1.58466867E-6 1.53740348E-6 0 0 1.32106548E-8 4.54060416E-17 3.4054576E-8 1.17465073E-16
26.8500023 5.00001907E-2 1.57461056E-6 1.52823281E-6 0 0 1.29631861E-8 4.1261066E-17 3.34145369E-8 1.0673531E-16
26.9500008 4.99992371E-2 1.56465808E-6 1.51914901E-6 0 0 1.27209479E-8 3.73420662E-17 3.2788094E-8 9.65915279E-17
27.0499992 5.00001907E-2 1.554797E-6 1.51015081E-6 0 0 1.24802941E-8 3.3935078E-17 3.21658362E-8 8.77733921E-17
27.1500015 5.00001907E-2 1.54503846E-6 1.50123742E-6 0 0 1.22445893E-8 3.08225066E-17 3.15564392E-8 7.97178706E-17
27.25 5.00001907E-2 1.53536905E-6 1.49240736E-6 0 0 1.20104628E-8 2.80126038E-17 3.09512096E-8 7.24461589E-17
27.3500023 5.00001907E-2 1.52578434E-6 1.48365984E-6 0 0 1.17769057E-8 2.5349428E-17 3.03475503E-8 6.55548113E-17
27.4500008 4.99992371E-2 1.51629092E-6 1.47499395E-6 0 0 1.15460548E-8 2.30367187E-17 2.97509573E-8 5.95705897E-17
27.5499992 5.00001907E-2 1.50688834E-6 1.46640832E-6 0 0 1.13181011E-8 2.09231845E-17 2.91619209E-8 5.41021252E-17
27.6500015 5.00001907E-2 1.49756772E-6 1.45790204E-6 0 0 1.10908811E-8 1.90163413E-17 2.85748634E-8 4.91687406E-17
27.75 5.00001907E-2 1.48832589E-6 1.44947444E-6 0 0 1.08636513E-8 1.72167569E-17 2.79878716E-8 4.45132622E-17
27.8500023 5.00001907E-2 1.47916126E-6 1.4411238E-6 0 0 1.06364109E-8 1.56459228E-17 2.7400942E-8 4.04497242E-17
27.9500008 4.99992371E-2 1.47007336E-6 1.43285013E-6 0 0 1.040915E-8 1.42104683E-17 2.68140425E-8 3.67366362E-17
28.0499992 5.00001907E-2 1.46106072E-6 1.42465183E-6 0 0 1.01818394E-8 1.29147999E-17 2.62270952E-8 3.33853239E-17
28.1500015 5.00001907E-2 1.45224908E-6 1.41652777E-6 0 0 9.98993244E-9 1.17021853E-17 2.57314241E-8 3.02490851E-17
28.25 5.00001907E-2 1.44351645E-6 1.40847771E-6 0 0 9.79939507E-9 1.06274982E-17 2.52393484E-8 2.74696987E-17
28.3500023 5.00001907E-2 1.43485897E-6 1.40050031E-6 0 0 9.60956559E-9 9.65251284E-18 2.47491645E-8 2.49483132E-17
28.4500008 4.99992371E-2 1.42627516E-6 1.39259475E-6 0 0 9.42021572E-9 8.77158369E-18 2.42602862E-8 2.26702909E-17
28.5499992 5.00001907E-2 1.41778287E-6 1.38476025E-6 0 0 9.23653509E-9 7.955527E-18 2.37860682E-8 2.05601631E-17
28.6500015 5.00001907E-2 1.40939278E-6 1.3769959E-6 0 0 9.06184194E-9 7.21979865E-18 2.33350583E-8 1.86578445E-17
28.75 5.00001907E-2 1.40108284E-6 1.36930078E-6 0 0 8.89015794E-9 6.5588528E-18 2.28918555E-8 1.69489738E-17
28.8500023 5.00001907E-2 1.39288022E-6 1.36167409E-6 0 0 8.72939232E-9 5.95784694E-18 2.24768257E-8 1.5395163E-17
28.9500008 4.99992371E-2 1.38475286E-6 1.35411494E-6 0 0 8.57070859E-9 5.40892741E-18 2.20672085E-8 1.39760949E-17
29.0499992 5.00001907E-2 1.37669838E-6 1.34662264E-6 0 0 8.41372039E-9 4.90503255E-18 2.16620091E-8 1.26734997E-17
29.1500015 5.00001907E-2 1.36871301E-6 1.33919639E-6 0 0 8.2575724E-9 4.45957966E-18 2.1259023E-8 1.15220262E-17
29.25 5.00001907E-2 1.36080121E-6 1.33183539E-6 0 0 8.10374079E-9 4.04705022E-18 2.08620499E-8 1.04557218E-17
29.3500023 5.00001907E-2 1.35295693E-6 1.32453863E-6 0 0 7.95082578E-9 3.67867567E-18 2.04674855E-8 9.50359138E-18
29.4500008 4.99992371E-2 1.34517688E-6 1.31730565E-6 0 0 7.79799247E-9 3.33547244E-18 2.00731769E-8 8.61657418E-18
29.5499992 5.00001907E-2 1.33746175E-6 1.31013576E-6 0 0 7.64569474E-9 3.03246398E-18 1.96802912E-8 7.83347071E-18
29.6500015 5.00001907E-2 1.32980995E-6 1.30302772E-6 0 0 7.49376117E-9 2.75187997E-18 1.92883913E-8 7.10836336E-18
29.75 5.00001907E-2 1.32222146E-6 1.29598129E-6 0 0 7.34234806E-9 2.50249515E-18 1.88978735E-8 6.4639086E-18
29.8500023 5.00001907E-2 1.31469358E-6 1.28899535E-6 0 0 7.19090343E-9 2.26914502E-18 1.85073166E-8 5.86092578E-18
29.9500008 4.99992371E-2 1.30722594E-6 1.28206977E-6 0 0 7.0394397E-9 2.06310219E-18 1.81167525E-8 5.32852463E-18
30.0499992 5.00001907E-2 1.299818E-6 1.27520332E-6 0 0 6.88810209E-9 1.87210556E-18 1.77265562E-8 4.8350295E-18
30.1500015 5.00001907E-2 1.2925492E-6 1.26839541E-6 0 0 6.75932776E-9 1.70236665E-18 1.73944628E-8 4.3964753E-18
30.25 5.00001907E-2 1.28534634E-6 1.26164548E-6 0 0 6.63278277E-9 1.54373409E-18 1.70681425E-8 3.98663956E-18
30.3500023 5.00001907E-2 1.27820101E-6 1.25495285E-6 0 0 6.5062693E-9 1.40364009E-18 1.67419394E-8 3.62471165E-18
30.4500008 4.99992371E-2 1.27111809E-6 1.24831683E-6 0 0 6.38136788E-9 1.27368588E-18 1.64199143E-8 3.28899667E-18
30.5499992 5.00001907E-2 1.26410418E-6 1.24173664E-6 0 0 6.26015995E-9 1.15805958E-18 1.61074283E-8 2.9903063E-18
30.6500015 5.00001907E-2 1.25717236E-6 1.23521181E-6 0 0 6.14641005E-9 1.05027205E-18 1.58141624E-8 2.71188E-18
30.75 5.00001907E-2 1.25029567E-6 1.22874167E-6 0 0 6.03279338E-9 9.55001214E-19 1.55212678E-8 2.46579315E-18
30.8500023 5.00001907E-2 1.24347741E-6 1.22232564E-6 0 0 5.92033933E-9 8.6654743E-19 1.52313913E-8 2.23732627E-18
30.9500008 4.99992371E-2 1.23671578E-6 1.21596293E-6 0 0 5.80882276E-9 7.87795183E-19 1.49439554E-8 2.03392422E-18
31.0499992 5.00001907E-2 1.23003417E-6 1.20965319E-6 0 0 5.70488723E-9 7.14544204E-19 1.46760506E-8 1.84474015E-18
31.1500015 5.00001907E-2 1.22340907E-6 1.20339564E-6 0 0 5.60214275E-9 6.49749079E-19 1.44112331E-8 1.67740007E-18
31.25 5.00001907E-2 1.21683593E-6 1.19718959E-6 0 0 5.49953505E-9 5.89904164E-19 1.4146794E-8 1.5228513E-18
31.3500023 5.00001907E-2 1.21031542E-6 1.19103481E-6 0 0 5.39729994E-9 5.35916722E-19 1.38833363E-8 1.38343435E-18
31.4500008 4.99992371E-2 1.20384652E-6 1.18493051E-6 0 0 5.2953637E-9 4.86384268E-19 1.36206717E-8 1.25552751E-18
31.5499992 5.00001907E-2 1.19742776E-6 1.17887612E-6 0 0 5.19348475E-9 4.42051988E-19 1.33581768E-8 1.14105275E-18
31.6500015 5.00001907E-2 1.19105937E-6 1.17287095E-6 0 0 5.09191445E-9 4.01737403E-19 1.30964999E-8 1.0369562E-18
31.75 5.00001907E-2 1.18474088E-6 1.16691479E-6 0 0 4.99060704E-9 3.64562613E-19 1.28355202E-8 9.4097099E-19
31.8500023 5.00001907E-2 1.17847219E-6 1.16100682E-6 0 0 4.88971352E-9 3.31293926E-19 1.25756285E-8 8.55074073E-19
31.9500008 4.99992371E-2 1.17225204E-6 1.15514661E-6 0 0 4.78907181E-9 3.00846132E-19 1.23164048E-8 7.76463481E-19
32.0499992 4.99992371E-2 1.16607964E-6 1.14933368E-6 0 0 4.68852734E-9 2.73653164E-19 1.20574528E-8 7.06258284E-19
32.1500015 5.00011444E-2 1.15998478E-6 1.14356737E-6 0 0 4.59660532E-9 2.48152038E-19 1.18206938E-8 6.40424013E-19
32.25 4.99992371E-2 1.15396972E-6 1.13784733E-6 0 0 4.51414062E-9 2.25698169E-19 1.16082743E-8 5.82458039E-19
32.3499985 4.99992371E-2 1.14800071E-6 1.13217311E-6 0 0 4.43169546E-9 2.04961707E-19 1.13959233E-8 5.28927718E-19
32.4499969 5.00011444E-2 1.14207683E-6 1.12654379E-6 0 0 4.34930048E-9 1.86439401E-19 1.11837171E-8 4.81114507E-19
32.5499992 4.99992371E-2 1.13619899E-6 1.12095938E-6 0 0 4.26726343E-9 1.69027624E-19 1.09724478E-8 4.36169959E-19
32.6500015 5.00011444E-2 1.13038413E-6 1.11541897E-6 0 0 4.19044843E-9 1.53752662E-19 1.07746212E-8 3.96741956E-19
32.75 4.99992371E-2 1.12461942E-6 1.10992244E-6 0 0 4.11544709E-9 1.39628992E-19 1.05814735E-8 3.60287098E-19
32.8499985 4.99992371E-2 1.11889824E-6 1.10446922E-6 0 0 4.04049683E-9 1.27009279E-19 1.03884714E-8 3.27715E-19
32.9499969 5.00011444E-2 1.1132222E-6 1.09905875E-6 0 0 3.96619804E-9 1.15147664E-19 1.01971596E-8 2.9710089E-19
33.0499992 4.99992371E-2 1.1075897E-6 1.09369057E-6 0 0 3.89227139E-9 1.04733357E-19 1.00068185E-8 2.70222742E-19
33.1500015 5.00011444E-2 1.1020029E-6 1.08836434E-6 0 0 3.81939547E-9 9.51137699E-20 9.81919168E-9 2.4539657E-19
33.25 4.99992371E-2 1.0964684E-6 1.08307961E-6 0 0 3.74950782E-9 8.65203585E-20 9.63926006E-9 2.23219289E-19
33.3499985 4.99992371E-2 1.09098005E-6 1.07783603E-6 0 0 3.68103614E-9 7.84740754E-20 9.46298151E-9 2.02454807E-19
33.4499969 5.00011444E-2 1.0855332E-6 1.07263281E-6 0 0 3.61288577E-9 7.13364761E-20 9.2875414E-9 1.84035744E-19
33.5499992 4.99992371E-2 1.08012682E-6 1.06746973E-6 0 0 3.54480467E-9 6.47855998E-20 9.11229137E-9 1.67131287E-19
33.6500015 5.00011444E-2 1.07476137E-6 1.06234631E-6 0 0 3.47705598E-9 5.89353585E-20 8.93790819E-9 1.52035189E-19
33.75 4.99992371E-2 1.0694356E-6 1.05726235E-6 0 0 3.40939899E-9 5.35082006E-20 8.76377104E-9 1.3803128E-19
33.8499985 4.99992371E-2 1.06415007E-6 1.05221739E-6 0 0 3.34213146E-9 4.85848152E-20 8.59064642E-9 1.25327647E-19
33.9499969 5.00011444E-2 1.05890706E-6 1.04721062E-6 0 0 3.27598482E-9 4.41526328E-20 8.42041548E-9 1.13891746E-19
34.0499992 4.99992371E-2 1.05370339E-6 1.04224216E-6 0 0 3.21016658E-9 4.03198656E-20 8.25103896E-9 1.04002582E-19
34.1500015 5.00011444E-2 1.04853757E-6 1.03731134E-6 0 0 3.14440962E-9 3.66578272E-20 8.08182943E-9 9.4554305E-20
34.25 4.99992371E-2 1.04343849E-6 1.03241769E-6 0 0 3.08690296E-9 3.30443921E-20 7.9338367E-9 8.52318696E-20
34.3499985 4.99992371E-2 1.03838693E-6 1.02756121E-6 0 0 3.03234038E-9 2.75585012E-20 7.79341747E-9 7.10803538E-20
34.4499969 5.00011444E-2 1.03337243E-6 1.02274112E-6 0 0 2.97791947E-9 2.52893961E-20 7.65337216E-9 6.52262351E-20
34.5499992 4.99992371E-2 1.02839442E-6 1.01795729E-6 0 0 2.92359337E-9 2.30380076E-20 7.51357909E-9 5.94181024E-20
34.6500015 5.00011444E-2 1.02346223E-6 1.01320904E-6 0 0 2.87208413E-9 2.07969103E-20 7.38103356E-9 5.36367949E-20
34.75 4.99992371E-2 1.01857086E-6 1.00849638E-6 0 0 2.82210721E-9 1.8760613E-20 7.25243332E-9 4.83839395E-20
34.8499985 4.99992371E-2 1.01371563E-6 1.00381874E-6 0 0 2.7724012E-9 1.7217556E-20 7.1245374E-9 4.44033881E-20
34.9499969 5.00011444E-2 1.00889508E-6 9.99175768E-7 0 0 2.72269984E-9 1.57093893E-20 6.99666103E-9 4.05129961E-20
35.0499992 4.99992371E-2 1.00410898E-6 9.94567245E-7 0 0 2.67299294E-9 1.42015117E-20 6.8687771E-9 3.6623525E-20
35.1500015 5.00011444E-2 9.99357326E-7 9.899926E-7 0 0 2.62343502E-9 1.27702284E-20 6.74128398E-9 3.29317598E-20
35.25 4.99992371E-2 9.94640345E-7 9.85451607E-7 0 0 2.57417998E-9 1.1720932E-20 6.614576E-9 3.02252022E-20
35.3499985 4.99992371E-2 9.89960313E-7 9.80944151E-7 0 0 2.52584909E-9 1.0710736E-20 6.49024834E-9 2.76195897E-20
35.4499969 5.00011444E-2 9.85314159E-7 9.76469664E-7 0 0 2.47781906E-9 9.7005708E-21 6.36670228E-9 2.50141776E-20
35.5499992 4.99992371E-2 9.80709842E-7 9.72027692E-7 0 0 2.4323874E-9 8.72336435E-21 6.24983842E-9 2.24938649E-20
35.6500015 5.00011444E-2 9.7613929E-7 9.67618121E-7 0 0 2.38729858E-9 7.9779591E-21 6.13386097E-9 2.05713598E-20
35.75 4.99992371E-2 9.71602844E-7 9.63240382E-7 0 0 2.34286701E-9 7.3012567E-21 6.01957906E-9 1.88260879E-20
35.8499985 4.99992371E-2 9.67098572E-7 9.58894589E-7 0 0 2.2984965E-9 6.62408012E-21 5.90546012E-9 1.70796689E-20
35.9499969 5.00011444E-2 9.62626245E-7 9.54580287E-7 0 0 2.254259E-9 5.96346775E-21 5.79168846E-9 1.5376029E-20
36.0499992 4.99992371E-2 9.58185296E-7 9.50296794E-7 0 0 2.21018914E-9 5.42851736E-21 5.67835245E-9 1.39964566E-20
36.1500015 5.00011444E-2 9.53776521E-7 9.46044167E-7 0 0 2.16646923E-9 4.97530761E-21 5.56592195E-9 1.28276916E-20
36.25 4.99992371E-2 9.49398668E-7 9.41821952E-7 0 0 2.12286744E-9 4.52168588E-21 5.45380008E-9 1.16579104E-20
36.3499985 4.99992371E-2 9.45072259E-7 9.37629977E-7 0 0 2.08524331E-9 4.07605566E-21 5.35704059E-9 1.05087796E-20
36.4499969 5.00011444E-2 9.40780183E-7 9.33467902E-7 0 0 2.04885642E-9 3.69339981E-21 5.26346344E-9 9.52204923E-21
36.5499992 4.99992371E-2 9.36517608E-7 9.29335272E-7 0 0 2.01247086E-9 3.38989965E-21 5.16989473E-9 8.73942651E-21
36.6500015 5.00011444E-2 9.32285275E-7 9.25232087E-7 0 0 1.97630512E-9 3.08622823E-21 5.07689579E-9 7.95639424E-21
36.75 4.99992371E-2 9.28087275E-7 9.21157778E-7 0 0 1.94167615E-9 2.7861513E-21 4.98784836E-9 7.18265725E-21
36.8499985 4.99992371E-2 9.23923324E-7 9.17112345E-7 0 0 1.90847826E-9 2.51407694E-21 4.90248153E-9 6.48113822E-21
36.9499969 5.00011444E-2 9.19787624E-7 9.13095278E-7 0 0 1.87527704E-9 2.30998203E-21 4.81710982E-9 5.95488898E-21
37.0499992 4.99992371E-2 9.15680289E-7 9.09106348E-7 0 0 1.84212212E-9 2.10664666E-21 4.73186068E-9 5.43061722E-21
37.1500015 5.00011444E-2 9.11600978E-7 9.05145384E-7 0 0 1.80897042E-9 1.90410757E-21 4.64662397E-9 4.90841786E-21
37.25 4.99992371E-2 9.07549406E-7 9.01211934E-7 0 0 1.77589621E-9 1.71301148E-21 4.56159022E-9 4.41573447E-21
37.3499985 4.99992371E-2 9.03525802E-7 8.97306109E-7 0 0 1.74292225E-9 1.5738026E-21 4.47681758E-9 4.05681886E-21
37.4499969 5.00011444E-2 8.99531869E-7 8.93427227E-7 0 0 1.71069459E-9 1.43759224E-21 4.39396475E-9 3.70564515E-21
37.5499992 4.99992371E-2 8.95567212E-7 8.89575233E-7 0 0 1.6791285E-9 1.30136866E-21 4.31281544E-9 3.35444962E-21
37.6500015 5.00011444E-2 8.91629384E-7 8.85749841E-7 0 0 1.64764791E-9 1.17029911E-21 4.23188906E-9 3.01655139E-21
37.75 4.99992371E-2 8.87719523E-7 8.81950712E-7 0 0 1.61662495E-9 1.07203193E-21 4.15214174E-9 2.76321461E-21
37.8499985 4.99992371E-2 8.83840869E-7 8.781779E-7 0 0 1.58698443E-9 9.80788618E-22 4.07594758E-9 2.52798997E-21
37.9499969 5.00011444E-2 8.79988875E-7 8.74430839E-7 0 0 1.55760693E-9 8.89540559E-22 4.00043243E-9 2.29276129E-21
38.0499992 4.99992371E-2 8.76162744E-7 8.70709414E-7 0 0 1.52827839E-9 8.011324E-22 3.92504607E-9 2.0648599E-21
38.1500015 5.00011444E-2 8.72362307E-7 8.67013398E-7 0 0 1.49904766E-9 7.30234328E-22 3.84991372E-9 1.88209621E-21
38.25 4.99992371E-2 8.68587335E-7 8.6334245E-7 0 0 1.46989321E-9 6.69102429E-22 3.77498033E-9 1.72450901E-21
38.3499985 4.99992371E-2 8.64837205E-7 8.59696399E-7 0 0 1.44074186E-9 6.07967501E-22 3.70005759E-9 1.56691949E-21
38.4499969 5.00011444E-2 8.61120043E-7 8.56075076E-7 0 0 1.413897E-9 5.48126709E-22 3.63106123E-9 1.4126702E-21
38.5499992 4.99992371E-2 8.57437044E-7 8.52478195E-7 0 0 1.38977585E-9 4.97202141E-22 3.56906216E-9 1.28140475E-21
38.6500015 5.00011444E-2 8.53778204E-7 8.48905358E-7 0 0 1.36568268E-9 4.56257205E-22 3.50713769E-9 1.17586299E-21
38.75 4.99992371E-2 8.50143408E-7 8.45356624E-7 0 0 1.34159184E-9 4.15311841E-22 3.445221E-9 1.07032335E-21
38.8499985 4.99992371E-2 8.46532998E-7 8.41831877E-7 0 0 1.31759348E-9 3.75018113E-22 3.38354433E-9 9.66466135E-22
38.9499969 5.00011444E-2 8.42952545E-7 8.38330493E-7 0 0 1.29543898E-9 3.38580691E-22 3.32660477E-9 8.72550237E-22
39.0499992 4.99992371E-2 8.39395568E-7 8.34852472E-7 0 0 1.273331E-9 3.11148703E-22 3.26978666E-9 8.0184442E-22
39.1500015 5.00011444E-2 8.35861783E-7 8.31397529E-7 0 0 1.25123933E-9 2.83715857E-22 3.21301274E-9 7.31138501E-22
39.25 4.99992371E-2 8.32352043E-7 8.27965607E-7 0 0 1.22944632E-9 2.56508208E-22 3.15700777E-9 6.61015002E-22
39.3499985 4.99992371E-2 8.28865495E-7 8.24556366E-7 0 0 1.20778731E-9 2.30833651E-22 3.10134873E-9 5.94844188E-22
39.4499969 5.00011444E-2 8.25401401E-7 8.21169579E-7 0 0 1.18612686E-9 2.12153248E-22 3.04568792E-9 5.46698631E-22
39.5499992 4.99992371E-2 8.21959702E-7 8.1780513E-7 0 0 1.16448495E-9 1.93770858E-22 2.99007685E-9 4.99322245E-22
39.6500015 5.00011444E-2 8.18541253E-7 8.14462737E-7 0 0 1.14318477E-9 1.75247873E-22 2.93534508E-9 4.51584927E-22
39.75 4.99992371E-2 8.15146166E-7 8.11142286E-7 0 0 1.12227494E-9 1.57718816E-22 2.88161717E-9 4.06410132E-22
39.8499985 4.99992371E-2 8.11773191E-7 8.07843605E-7 0 0 1.10145848E-9 1.44499956E-22 2.82813062E-9 3.72342877E-22
39.9499969 5.00011444E-2 8.08421703E-7 8.04566355E-7 0 0 1.08066422E-9 1.31885313E-22 2.77470336E-9 3.39833528E-22
40.0499992 4.99992371E-2 8.05092384E-7 8.01310421E-7 0 0 1.06010589E-9 1.19610296E-22 2.72188316E-9 3.08200105E-22
40.1500015 5.00011444E-2 8.01787564E-7 7.98075632E-7 0 0 1.04048703E-9 1.07761757E-22 2.67147682E-9 2.77666467E-22
40.25 4.99992371E-2 7.98503891E-7 7.94861762E-7 0 0 1.02092401E-9 9.82569676E-23 2.62121569E-9 2.53172576E-22
40.3499985 4.99992371E-2 7.95241192E-7 7.91668697E-7 0 0 1.00141728E-9 9.00338374E-23 2.57110044E-9 2.31981677E-22
40.4499969 5.00011444E-2 7.91999639E-7 7.88496209E-7 0 0 9.82070092E-10 8.1810461E-23 2.52139642E-9 2.10790715E-22
40.5499992 4.99992371E-2 7.88778607E-7 7.85344128E-7 0 0 9.62741886E-10 7.38112032E-23 2.47174281E-9 1.90177741E-22
40.6500015 5.00011444E-2 7.8558719E-7 7.82212055E-7 0 0 9.46112855E-10 6.69599967E-23 2.4290201E-9 1.72523236E-22
40.75 4.99992371E-2 7.82417942E-7 7.79100219E-7 0 0 9.30027666E-10 6.12940506E-23 2.38769515E-9 1.57922973E-22
40.8499985 4.99992371E-2 7.79268646E-7 7.76008221E-7 0 0 9.13972065E-10 5.56420515E-23 2.34644748E-9 1.43359023E-22
40.9499969 5.00011444E-2 7.76139018E-7 7.72935834E-7 0 0 8.97935615E-10 5.0265204E-23 2.30524999E-9 1.29504329E-22
41.0499992 4.99992371E-2 7.73030933E-7 7.69882945E-7 0 0 8.82477147E-10 4.53829943E-23 2.26553798E-9 1.16924358E-22
41.1500015 5.00011444E-2 7.69945643E-7 7.66849325E-7 0 0 8.67992844E-10 4.17075241E-23 2.22832752E-9 1.07453685E-22
41.25 4.99992371E-2 7.6687968E-7 7.63835033E-7 0 0 8.53513538E-10 3.803644E-23 2.19113128E-9 9.79945231E-23
41.3499985 4.99992371E-2 7.63832816E-7 7.60839839E-7 0 0 8.39035841E-10 3.44041394E-23 2.15393992E-9 8.86355152E-23
41.4499969 5.00011444E-2 7.6080471E-7 7.57863347E-7 0 0 8.24578239E-10 3.09676688E-23 2.1168014E-9 7.97812394E-23
41.5499992 4.99992371E-2 7.57795647E-7 7.549055E-7 0 0 8.10218892E-10 2.84539383E-23 2.07991624E-9 7.33043632E-23
41.6500015 5.00011444E-2 7.54805114E-7 7.51966127E-7 0 0 7.95881416E-10 2.59943663E-23 2.04308837E-9 6.69671785E-23
41.75 4.99992371E-2 7.51832999E-7 7.49045228E-7 0 0 7.8154494E-10 2.35412124E-23 2.00626382E-9 6.06466671E-23
41.8499985 4.99992371E-2 7.48879586E-7 7.46142518E-7 0 0 7.67322872E-10 2.12023171E-23 1.96973415E-9 5.46206407E-23
41.9499969 5.00011444E-2 7.45945101E-7 7.43257829E-7 0 0 7.53368978E-10 1.92589567E-23 1.93389371E-9 4.96137027E-23
42.0499992 4.99992371E-2 7.43028693E-7 7.40391044E-7 0 0 7.39467043E-10 1.745578E-23 1.89818761E-9 4.4968003E-23
42.1500015 5.00011444E-2 7.40130076E-7 7.37541939E-7 0 0 7.25590643E-10 1.56849829E-23 1.86254812E-9 4.04058121E-23
42.25 4.99992371E-2 7.37249195E-7 7.34710511E-7 0 0 7.11723236E-10 1.3988222E-23 1.82693261E-9 3.60344499E-23
42.3499985 4.99992371E-2 7.34385992E-7 7.31896534E-7 0 0 6.97931823E-10 1.27479047E-23 1.79151283E-9 3.28389858E-23
42.4499969 5.00011444E-2 7.31542798E-7 7.29099838E-7 0 0 6.84901968E-10 1.16823863E-23 1.75804904E-9 3.0093876E-23
42.5499992 4.99992371E-2 7.28716941E-7 7.26320309E-7 0 0 6.71926681E-10 1.0616793E-23 1.72472581E-9 2.73486274E-23
42.6500015 5.00011444E-2 7.25908365E-7 7.23557719E-7 0 0 6.59030386E-10 9.43022549E-24 1.69160641E-9 2.42918151E-23
42.75 4.99992371E-2 7.23116671E-7 7.20812011E-7 0 0 6.46159237E-10 8.54949936E-24 1.6585523E-9 2.20228918E-23
42.8499985 4.99992371E-2 7.20349533E-7 7.18083015E-7 0 0 6.35445585E-10 7.84818151E-24 1.63103697E-9 2.0216151E-23
42.9499969 5.00011444E-2 7.17599391E-7 7.15370618E-7 0 0 6.24867658E-10 7.14684078E-24 1.60387048E-9 1.84093866E-23
43.0499992 4.99992371E-2 7.14865848E-7 7.12674705E-7 0 0 6.14342577E-10 6.45999379E-24 1.57684032E-9 1.66399937E-23
43.1500015 5.00011444E-2 7.12148676E-7 7.09995049E-7 0 0 6.03818606E-10 5.83266043E-24 1.54981372E-9 1.50239348E-23
43.25 4.99992371E-2 7.09448557E-7 7.0733148E-7 0 0 5.93572302E-10 5.357948E-24 1.52350033E-9 1.38010285E-23
43.3499985 4.99992371E-2 7.06766969E-7 7.04684169E-7 0 0 5.8397015E-10 4.88807996E-24 1.49884094E-9 1.25906224E-23
43.4499969 5.00011444E-2 7.04101183E-7 7.02052603E-7 0 0 5.74376935E-10 4.42371463E-24 1.47420498E-9 1.13944142E-23
43.5499992 4.99992371E-2 7.01451199E-7 6.99436782E-7 0 0 5.64789882E-10 3.98448082E-24 1.44958567E-9 1.0262962E-23
43.6500015 5.00011444E-2 6.98816905E-7 6.96836764E-7 0 0 5.55203661E-10 3.65698442E-24 1.42496881E-9 9.4193329E-24
43.75 4.99992371E-2 6.96198072E-7 6.94252094E-7 0 0 5.45619772E-10 3.34219106E-24 1.40035872E-9 8.6084399E-24
43.8499985 4.99992371E-2 6.93594757E-7 6.91682885E-7 0 0 5.3604754E-10 3.02823487E-24 1.37577882E-9 7.79971784E-24
43.9499969 5.00011444E-2 6.91006619E-7 6.8912891E-7 0 0 5.26480248E-10 2.73174012E-24 1.35121236E-9 7.03598452E-24
44.0499992 4.99992371E-2 6.88433659E-7 6.86590056E-7 0 0 5.16913679E-10 2.50026289E-24 1.32664824E-9 6.43972677E-24
44.1500015 5.00011444E-2 6.85876444E-7 6.84066265E-7 0 0 5.07554387E-10 2.2846812E-24 1.30261646E-9 5.88441918E-24
44.25 4.99992371E-2 6.83334463E-7 6.81557367E-7 0 0 4.98287689E-10 2.06910228E-24 1.27882305E-9 5.32912894E-24
44.3499985 4.99992371E-2 6.80807489E-7 6.79063305E-7 0 0 4.89069507E-10 1.40564137E-24 1.25515454E-9 3.62030476E-24
44.4499969 5.00011444E-2 6.78295123E-7 6.76583795E-7 0 0 4.79860429E-10 1.28269395E-24 1.23150989E-9 3.30361931E-24
44.5499992 4.99992371E-2 6.75797423E-7 6.74118894E-7 0 0 4.70661454E-10 1.17399463E-24 1.20789168E-9 3.02363561E-24
44.6500015 5.00011444E-2 6.73314219E-7 6.71668317E-7 0 0 4.61506555E-10 1.06579191E-24 1.18438703E-9 2.74493559E-24
44.75 4.99992371E-2 6.70846646E-7 6.69232008E-7 0 0 4.52745508E-10 6.49712793E-25 1.16189369E-9 1.67331479E-24
44.8499985 4.99992371E-2 6.68394307E-7 6.66810024E-7 0 0 4.44233816E-10 4.2886147E-25 1.14004073E-9 1.10451028E-24
44.9499969 5.00011444E-2 6.65956122E-7 6.6440208E-7 0 0 4.35763647E-10 3.90042882E-25 1.11829468E-9 1.0045269E-24
45.0499992 4.99992371E-2 6.63536298E-7 6.62008063E-7 0 0 4.28522856E-10 2.06201511E-25 1.09970388E-9 5.31052681E-25
45.1500015 5.00011444E-2 6.61131082E-7 6.59627972E-7 0 0 4.21487817E-10 1.87242989E-25 1.08164155E-9 4.8222298E-25
45.25 4.99992371E-2 6.58739623E-7 6.57261523E-7 0 0 4.14477203E-10 1.68422296E-25 1.06364229E-9 4.33749055E-25
45.3499985 4.99992371E-2 6.56361976E-7 6.54908774E-7 0 0 4.07501588E-10 0 1.04573328E-9 0
45.4499969 5.00011444E-2 6.53998143E-7 6.52569554E-7 0 0 4.00592531E-10 0 1.02799524E-9 0
45.5499992 4.99992371E-2 6.51649373E-7 6.50243635E-7 0 0 3.94191096E-10 0 1.01156028E-9 0
45.6500015 5.00011444E-2 6.49314075E-7 6.47931188E-7 0 0 3.87790827E-10 0 9.95128646E-10 0
45.75 4.99992371E-2 6.46991964E-7 6.45631872E-7 0 0 3.81391502E-10 0 9.78699677E-10 0
45.8499985 4.99992371E-2 6.44682927E-7 6.43345686E-7 0 0 3.74992426E-10 0 9.62271707E-10 0
45.9499969 5.00011444E-2 6.42386908E-7 6.41072461E-7 0 0 3.68594349E-10 0 9.45846623E-10 0
46.0499992 4.99992371E-2 6.40103792E-7 6.38812196E-7 0 0 3.62199049E-10 0 9.29428867E-10 0
46.1500015 5.00011444E-2 6.37833466E-7 6.36564607E-7 0 0 3.55818097E-10 0 9.13048359E-10 0
46.25 4.99992371E-2 6.35575987E-7 6.34329808E-7 0 0 3.49465262E-10 0 8.96740238E-10 0
46.3499985 4.99992371E-2 6.3333124E-7 6.32107628E-7 0 0 3.431328E-10 0 8.8048463E-10 0
46.4499969 5.00011444E-2 6.3109951E-7 6.29897897E-7 0 0 3.36956851E-10 0 8.64630978E-10 0
46.5499992 4.99992371E-2 6.28880571E-7 6.27700672E-7 0 0 3.30870248E-10 0 8.49006865E-10 0
46.6500015 5.00011444E-2 6.26673852E-7 6.25515668E-7 0 0 3.24801352E-10 0 8.33428382E-10 0
46.75 4.99992371E-2 6.24479469E-7 6.23342828E-7 0 0 3.18741061E-10 0 8.17872325E-10 0
46.8499985 4.99992371E-2 6.2229725E-7 6.2118221E-7 0 0 3.1268596E-10 0 8.02329814E-10 0
46.9499969 5.00011444E-2 6.20127082E-7 6.19033642E-7 0 0 3.06636633E-10 0 7.86802345E-10 0
47.0499992 4.99992371E-2 6.17969079E-7 6.16897012E-7 0 0 3.00640068E-10 0 7.71410491E-10 0
47.1500015 5.00011444E-2 6.15823922E-7 6.14772034E-7 0 0 2.94984676E-10 0 7.56894492E-10 0
47.25 4.99992371E-2 6.13692691E-7 6.12658994E-7 0 0 2.89883201E-10 0 7.437998E-10 0
47.3499985 4.99992371E-2 6.11574649E-7 6.10557663E-7 0 0 2.85204083E-10 0 7.31789018E-10 0
47.4499969 5.00011444E-2 6.09468145E-7 6.08467815E-7 0 0 2.80525131E-10 0 7.19778959E-10 0
47.5499992 4.99992371E-2 6.07373124E-7 6.06389506E-7 0 0 2.75846457E-10 0 7.07769676E-10 0
47.6500015 5.00011444E-2 6.05289586E-7 6.04322565E-7 0 0 2.71190348E-10 0 6.95818625E-10 0
47.75 4.99992371E-2 6.03218268E-7 6.02266937E-7 0 0 2.66796918E-10 0 6.84541646E-10 0
47.8499985 4.99992371E-2 6.01158661E-7 6.00222563E-7 0 0 2.62524474E-10 0 6.73575307E-10 0
47.9499969 5.00011444E-2 5.99110251E-7 5.98189388E-7 0 0 2.58253169E-10 0 6.62612076E-10 0
48.0499992 4.99992371E-2 5.97072756E-7 5.96167126E-7 0 0 2.53981725E-10 0 6.51648679E-10 0
48.1500015 5.00011444E-2 5.95046458E-7 5.94156006E-7 0 0 2.49728627E-10 0 6.40732356E-10 0
48.25 4.99992371E-2 5.93031075E-7 5.921558E-7 0 0 2.45478721E-10 0 6.2982447E-10 0
48.3499985 4.99992371E-2 5.91026549E-7 5.90166337E-7 0 0 2.4125002E-10 0 6.18971208E-10 0
48.4499969 5.00011444E-2 5.89032823E-7 5.88187504E-7 0 0 2.37061704E-10 0 6.08221751E-10 0
48.5499992 4.99992371E-2 5.8704984E-7 5.86219471E-7 0 0 2.328778E-10 0 5.97483785E-10 0
48.6500015 5.00011444E-2 5.85077544E-7 5.84262011E-7 0 0 2.2872107E-10 0 5.86815596E-10 0
48.75 4.99992371E-2 5.83116048E-7 5.82315067E-7 0 0 2.24643013E-10 0 5.76349413E-10 0
48.8499985 4.99992371E-2 5.81165125E-7 5.80378583E-7 0 0 2.20589727E-10 0 5.659469E-10 0
48.9499969 5.00011444E-2 5.79224434E-7 5.7845233E-7 0 0 2.1654642E-10 0 5.55570256E-10 0
49.0499992 4.99992371E-2 5.77294145E-7 5.76536422E-7 0 0 2.12507067E-10 0 5.45203827E-10 0
49.1500015 5.00011444E-2 5.75373974E-7 5.74630633E-7 0 0 2.08472323E-10 0 5.34849387E-10 0
49.25 4.99992371E-2 5.73463979E-7 5.72735019E-7 0 0 2.04439743E-10 0 5.2450061E-10 0
49.3499985 4.99992371E-2 5.71564158E-7 5.70849579E-7 0 0 2.00417988E-10 0 5.14179754E-10 0
49.4499969 5.00011444E-2 5.69674512E-7 5.68973917E-7 0 0 1.96483246E-10 0 5.0408222E-10 0
49.5499992 4.99992371E-2 5.67797372E-7 5.67108259E-7 0 0 1.93266056E-10 0 4.95825825E-10 0
49.6500015 5.00011444E-2 5.65930009E-7 5.65252435E-7 0 0 1.90050434E-10 0 4.87573426E-10 0
49.75 4.99992371E-2 5.64072423E-7 5.63406275E-7 0 0 1.86835186E-10 0 4.79322249E-10 0
49.8499985 4.99992371E-2 5.62224614E-7 5.61569948E-7 0 0 1.83621174E-10 0 4.7107418E-10 0
49.9499969 5.00011444E-2 5.60386638E-7 5.59743171E-7 0 0 1.80486542E-10 0 4.63029975E-10 0
50.0499992 4.99992371E-2 5.57925944E-7 5.57925944E-7 0 0 0 0 0 0
50.1500015 5.00011444E-2 5.56118152E-7 5.56118152E-7 0 0 0 0 0 0
50.25 4.99992371E-2 5.54319854E-7 5.54319854E-7 0 0 0 0 0 0
50.3499985 4.99992371E-2 5.52530878E-7 5.52530878E-7 0 0 0 0 0 0
50.4499969 5.00011444E-2 5.50751167E-7 5.50751167E-7 0 0 0 0 0 0
50.5499992 4.99992371E-2 5.48980665E-7 5.48980665E-7 0 0 0 0 0 0
50.6500015 5.00011444E-2 5.47219315E-7 5.47219315E-7 0 0 0 0 0 0
50.75 4.99992371E-2 5.45467117E-7 5.45467117E-7 0 0 0 0 0 0
50.8499985 4.99992371E-2 5.43723843E-7 5.43723843E-7 0 0 0 0 0 0
50.9499969 5.00011444E-2 5.4198955E-7 5.4198955E-7 0 0 0 0 0 0
51.0499992 4.99992371E-2 5.40264182E-7 5.40264182E-7 0 0 0 0 0 0
51.1500015 5.00011444E-2 5.38547567E-7 5.38547567E-7 0 0 0 0 0 0
51.25 4.99992371E-2 5.36839821E-7 5.36839821E-7 0 0 0 0 0 0
51.3499985 4.99992371E-2 5.35140714E-7 5.35140714E-7 0 0 0 0 0 0
51.4499969 5.00011444E-2 5.33450304E-7 5.33450304E-7 0 0 0 0 0 0
51.5499992 4.99992371E-2 5.31768421E-7 5.31768421E-7 0 0 0 0 0 0
51.6500015 5.00011444E-2 5.30095065E-7 5.30095065E-7 0 0 0 0 0 0
51.75 4.99992371E-2 5.28430178E-7 5.28430178E-7 0 0 0 0 0 0
51.8499985 4.99992371E-2 5.26773761E-7 5.26773761E-7 0 0 0 0 0 0
51.9499969 5.00011444E-2 5.25125643E-7 5.25125643E-7 0 0 0 0 0 0
52.0499992 4.99992371E-2 5.23485767E-7 5.23485767E-7 0 0 0 0 0 0
52.1500015 5.00011444E-2 5.2185419E-7 5.2185419E-7 0 0 0 0 0 0
52.25 4.99992371E-2 5.20230742E-7 5.20230742E-7 0 0 0 0 0 0
52.3499985 4.99992371E-2 5.18615536E-7 5.18615536E-7 0 0 0 0 0 0
52.4499969 5.00011444E-2 5.17008289E-7 5.17008289E-7 0 0 0 0 0 0
52.5499992 4.99992371E-2 5.15408999E-7 5.15408999E-7 0 0 0 0 0 0
52.6500015 5.00011444E-2 5.13817781E-7 5.13817781E-7 0 0 0 0 0 0
52.75 4.99992371E-2 5.12234408E-7 5.12234408E-7 0 0 0 0 0 0
52.8499985 4.99992371E-2 5.10658879E-7 5.10658879E-7 0 0 0 0 0 0
52.9499969 5.00011444E-2 5.09091137E-7 5.09091137E-7 0 0 0 0 0 0
53.0499992 4.99992371E-2 5.07531126E-7 5.07531126E-7 0 0 0 0 0 0
53.1500015 5.00011444E-2 5.0597879E-7 5.0597879E-7 0 0 0 0 0 0
53.25 4.99992371E-2 5.04434126E-7 5.04434126E-7 0 0 0 0 0 0
53.3499985 4.99992371E-2 5.0289708E-7 5.0289708E-7 0 0 0 0 0 0
53.4499969 5.00011444E-2 5.01367538E-7 5.01367538E-7 0 0 0 0 0 0
53.5499992 4.99992371E-2 4.99845385E-7 4.99845385E-7 0 0 0 0 0 0
53.6500015 5.00011444E-2 4.98330735E-7 4.98330735E-7 0 0 0 0 0 0
53.75 4.99992371E-2 4.96823418E-7 4.96823418E-7 0 0 0 0 0 0
53.8499985 4.99992371E-2 4.95323548E-7 4.95323548E-7 0 0 0 0 0 0
53.9499969 5.00011444E-2 4.93830839E-7 4.93830839E-7 0 0 0 0 0 0
54.0499992 4.99992371E-2 4.92345407E-7 4.92345407E-7 0 0 0 0 0 0
54.1500015 5.00011444E-2 4.90867137E-7 4.90867137E-7 0 0 0 0 0 0
54.25 4.99992371E-2 4.89396086E-7 4.89396086E-7 0 0 0 0 0 0
54.3499985 4.99992371E-2 4.87932084E-7 4.87932084E-7 0 0 0 0 0 0
54.4499969 5.00011444E-2 4.86475074E-7 4.86475074E-7 0 0 0 0 0 0
54.5499992 4.99992371E-2 4.85025055E-7 4.85025055E-7 0 0 0 0 0 0
54.6500015 5.00011444E-2 4.83582028E-7 4.83582028E-7 0 0 0 0 0 0
54.75 4.99992371E-2 4.82145936E-7 4.82145936E-7 0 0 0 0 0 0
54.8499985 4.99992371E-2 4.80716722E-7 4.80716722E-7 0 0 0 0 0 0
54.9499969 5.00011444E-2 4.79294272E-7 4.79294272E-7 0 0 0 0 0 0
55.0499992 4.99992371E-2 4.77878586E-7 4.77878586E-7 0 0 0 0 0 0
55.1500015 5.00011444E-2 4.7646958E-7 4.7646958E-7 0 0 0 0 0 0
55.25 4.99992371E-2 4.7506731E-7 4.7506731E-7 0 0 0 0 0 0
55.3499985 4.99992371E-2 4.73671719E-7 4.73671719E-7 0 0 0 0 0 0
55.4499969 5.00011444E-2 4.72282665E-7 4.72282665E-7 0 0 0 0 0 0
55.5499992 4.99992371E-2 4.70900204E-7 4.70900204E-7 0 0 0 0 0 0
55.6500015 5.00011444E-2 4.69524224E-7 4.69524224E-7 0 0 0 0 0 0
55.75 4.99992371E-2 4.68154667E-7 4.68154667E-7 0 0 0 0 0 0
55.8499985 4.99992371E-2 4.66791619E-7 4.66791619E-7 0 0 0 0 0 0
55.9499969 5.00011444E-2 4.6543488E-7 4.6543488E-7 0 0 0 0 0 0
56.0499992 4.99992371E-2 4.64084508E-7 4.64084508E-7 0 0 0 0 0 0
56.1500015 5.00011444E-2 4.62740445E-7 4.62740445E-7 0 0 0 0 0 0
56.25 4.99992371E-2 4.61402635E-7 4.61402635E-7 0 0 0 0 0 0
56.3499985 4.99992371E-2 4.60071078E-7 4.60071078E-7 0 0 0 0 0 0
56.4499969 5.00011444E-2 4.58745632E-7 4.58745632E-7 0 0 0 0 0 0
56.5499992 4.99992371E-2 4.5742641E-7 4.5742641E-7 0 0 0 0 0 0
56.6500015 5.00011444E-2 4.5611327E-7 4.5611327E-7 0 0 0 0 0 0
56.75 4.99992371E-2 4.54806155E-7 4.54806155E-7 0 0 0 0 0 0
56.8499985 4.99992371E-2 4.53505066E-7 4.53505066E-7 0 0 0 0 0 0
56.9499969 5.00011444E-2 4.52210031E-7 4.52210031E-7 0 0 0 0 0 0
57.0499992 4.99992371E-2 4.50920879E-7 4.50920879E-7 0 0 0 0 0 0
57.1500015 5.00011444E-2 4.49637639E-7 4.49637639E-7 0 0 0 0 0 0
57.25 4.99992371E-2 4.48360311E-7 4.48360311E-7 0 0 0 0 0 0
57.3499985 4.99992371E-2 4.47088865E-7 4.47088865E-7 0 0 0 0 0 0
57.4499969 5.00011444E-2 4.45823105E-7 4.45823105E-7 0 0 0 0 0 0
57.5499992 4.99992371E-2 4.44563199E-7 4.44563199E-7 0 0 0 0 0 0
57.6500015 5.00011444E-2 4.43308977E-7 4.43308977E-7 0 0 0 0 0 0
57.75 4.99992371E-2 4.42060411E-7 4.42060411E-7 0 0 0 0 0 0
57.8499985 4.99992371E-2 4.40817615E-7 4.40817615E-7 0 0 0 0 0 0
57.9499969 5.00011444E-2 4.39580333E-7 4.39580333E-7 0 0 0 0 0 0
58.0499992 4.99992371E-2 4.38348707E-7 4.38348707E-7 0 0 0 0 0 0
58.1500015 5.00011444E-2 4.37122566E-7 4.37122566E-7 0 0 0 0 0 0
58.25 4.99992371E-2 4.35902024E-7 4.35902024E-7 0 0 0 0 0 0
58.3499985 4.99992371E-2 4.34686854E-7 4.34686854E-7 0 0 0 0 0 0
58.4499969 5.00011444E-2 4.33477197E-7 4.33477197E-7 0 0 0 0 0 0
58.5499992 4.99992371E-2 4.32272998E-7 4.32272998E-7 0 0 0 0 0 0
58.6500015 5.00011444E-2 4.31074142E-7 4.31074142E-7 0 0 0 0 0 0
58.75 4.99992371E-2 4.298806E-7 4.298806E-7 0 0 0 0 0 0
58.8499985 4.99992371E-2 4.28692488E-7 4.28692488E-7 0 0 0 0 0 0
58.9499969 5.00011444E-2 4.27509519E-7 4.27509519E-7 0 0 0 0 0 0
59.0499992 4.99992371E-2 4.26331894E-7 4.26331894E-7 0 0 0 0 0 0
59.1500015 5.00011444E-2 4.25159442E-7 4.25159442E-7 0 0 0 0 0 0
59.25 4.99992371E-2 4.23992248E-7 4.23992248E-7 0 0 0 0 0 0
59.3499985 4.99992371E-2 4.22830084E-7 4.22830084E-7 0 0 0 0 0 0
59.4499969 5.00011444E-2 4.2167315E-7 4.2167315E-7 0 0 0 0 0 0
59.5499992 4.99992371E-2 4.20521218E-7 4.20521218E-7 0 0 0 0 0 0
59.6500015 5.00011444E-2 4.19374402E-7 4.19374402E-7 0 0 0 0 0 0
59.75 4.99992371E-2 4.18232645E-7 4.18232645E-7 0 0 0 0 0 0
59.8499985 4.99992371E-2 4.17095919E-7 4.17095919E-7 0 0 0 0 0 0
59.9499969 5.00011444E-2 4.15964081E-7 4.15964081E-7 0 0 0 0 0 0
60.0499992 4.99992371E-2 4.14837245E-7 4.14837245E-7 0 0 0 0 0 0
60.1500015 5.00011444E-2 4.1371527E-7 4.1371527E-7 0 0 0 0 0 0
60.25 4.99992371E-2 4.12598155E-7 4.12598155E-7 0 0 0 0 0 0
60.3499985 4.99992371E-2 4.11486013E-7 4.11486013E-7 0 0 0 0 0 0
60.4499969 5.00011444E-2 4.10378561E-7 4.10378561E-7 0 0 0 0 0 0
60.5499992 4.99992371E-2 4.0927597E-7 4.0927597E-7 0 0 0 0 0 0
60.6500015 5.00011444E-2 4.08178181E-7 4.08178181E-7 0 0 0 0 0 0
60.75 4.99992371E-2 4.07085025E-7 4.07085025E-7 0 0 0 0 0 0
60.8499985 4.99992371E-2 4.05996673E-7 4.05996673E-7 0 0 0 0 0 0
60.9499969 5.00011444E-2 4.04912981E-7 4.04912981E-7 0 0 0 0 0 0
61.0499992 4.99992371E-2 4.03833951E-7 4.03833951E-7 0 0 0 0 0 0
61.1500015 5.00011444E-2 4.02759468E-7 4.02759468E-7 0 0 0 0 0 0
61.25 4.99992371E-2 4.01689675E-7 4.01689675E-7 0 0 0 0 0 0
61.3499985 4.99992371E-2 4.00624458E-7 4.00624458E-7 0 0 0 0 0 0
61.4499969 5.00011444E-2 3.9956376E-7 3.9956376E-7 0 0 0 0 0 0
61.5499992 4.99992371E-2 3.98507524E-7 3.98507524E-7 0 0 0 0 0 0
61.6500015 5.00011444E-2 3.97455892E-7 3.97455892E-7 0 0 0 0 0 0
61.75 4.99992371E-2 3.96408666E-7 3.96408666E-7 0 0 0 0 0 0
61.8499985 4.99992371E-2 3.95365902E-7 3.95365902E-7 0 0 0 0 0 0
61.9499969 5.00011444E-2 3.94327543E-7 3.94327543E-7 0 0 0 0 0 0
62.0499992 4.99992371E-2 3.93293561E-7 3.93293561E-7 0 0 0 0 0 0
62.1500015 5.00011444E-2 3.92263928E-7 3.92263928E-7 0 0 0 0 0 0
62.25 4.99992371E-2 3.91238672E-7 3.91238672E-7 0 0 0 0 0 0
62.3499985 4.99992371E-2 3.90217707E-7 3.90217707E-7 0 0 0 0 0 0
62.4499969 5.00011444E-2 3.89201034E-7 3.89201034E-7 0 0 0 0 0 0
62.5499992 4.99992371E-2 3.88188596E-7 3.88188596E-7 0 0 0 0 0 0
62.6500015 5.00011444E-2 3.87180449E-7 3.87180449E-7 0 0 0 0 0 0
62.75 4.99992371E-2 3.86176453E-7 3.86176453E-7 0 0 0 0 0 0
62.8499985 4.99992371E-2 3.85176691E-7 3.85176691E-7 0 0 0 0 0 0
62.9499969 5.00011444E-2 3.84181135E-7 3.84181135E-7 0 0 0 0 0 0
63.0499992 4.99992371E-2 3.83189587E-7 3.83189587E-7 0 0 0 0 0 0
63.1500015 5.00011444E-2 3.82202273E-7 3.82202273E-7 0 0 0 0 0 0
63.25 4.99992371E-2 3.81219024E-7 3.81219024E-7 0 0 0 0 0 0
63.3499985 4.99992371E-2 3.80239896E-7 3.80239896E-7 0 0 0 0 0 0
63.4499969 5.00011444E-2 3.79264776E-7 3.79264776E-7 0 0 0 0 0 0
63.5499992 4.99992371E-2 3.78293606E-7 3.78293606E-7 0 0 0 0 0 0
63.6500015 5.00011444E-2 3.77326529E-7 3.77326529E-7 0 0 0 0 0 0
63.75 4.99992371E-2 3.76363346E-7 3.76363346E-7 0 0 0 0 0 0
63.8499985 4.99992371E-2 3.75404227E-7 3.75404227E-7 0 0 0 0 0 0
63.9499969 5.00011444E-2 3.74448973E-7 3.74448973E-7 0 0 0 0 0 0
64.0500031 4.99992371E-2 3.73497642E-7 3.73497642E-7 0 0 0 0 0 0
64.1499939 4.99992371E-2 3.72550232E-7 3.72550232E-7 0 0 0 0 0 0
64.25 5.00030518E-2 3.7160666E-7 3.7160666E-7 0 0 0 0 0 0
64.3500061 4.99992371E-2 3.70666953E-7 3.70666953E-7 0 0 0 0 0 0
64.4499969 4.99992371E-2 3.69731055E-7 3.69731055E-7 0 0 0 0 0 0
64.5500031 4.99992371E-2 3.68798965E-7 3.68798965E-7 0 0 0 0 0 0
64.6499939 4.99992371E-2 3.67870683E-7 3.67870683E-7 0 0 0 0 0 0
64.75 5.00030518E-2 3.66946097E-7 3.66946097E-7 0 0 0 0 0 0
64.8500061 4.99992371E-2 3.66025262E-7 3.66025262E-7 0 0 0 0 0 0
64.9499969 4.99992371E-2 3.65108178E-7 3.65108178E-7 0 0 0 0 0 0
65.0500031 4.99992371E-2 3.64194818E-7 3.64194818E-7 0 0 0 0 0 0
65.1499939 4.99992371E-2 3.63285125E-7 3.63285125E-7 0 0 0 0 0 0
65.25 5.00030518E-2 3.62379069E-7 3.62379069E-7 0 0 0 0 0 0
65.3500061 4.99992371E-2 3.61476651E-7 3.61476651E-7 0 0 0 0 0 0
65.4499969 4.99992371E-2 3.60577843E-7 3.60577843E-7 0 0 0 0 0 0
65.5500031 4.99992371E-2 3.59682645E-7 3.59682645E-7 0 0 0 0 0 0
65.6499939 4.99992371E-2 3.58791027E-7 3.58791027E-7 0 0 0 0 0 0
65.75 5.00030518E-2 3.57902991E-7 3.57902991E-7 0 0 0 0 0 0
65.8500061 4.99992371E-2 3.57018422E-7 3.57018422E-7 0 0 0 0 0 0
65.9499969 4.99992371E-2 3.56137434E-7 3.56137434E-7 0 0 0 0 0 0
66.0500031 4.99992371E-2 3.55259914E-7 3.55259914E-7 0 0 0 0 0 0
66.1499939 4.99992371E-2 3.5438589E-7 3.5438589E-7 0 0 0 0 0 0
66.25 5.00030518E-2 3.53515361E-7 3.53515361E-7 0 0 0 0 0 0
66.3500061 4.99992371E-2 3.52648186E-7 3.52648186E-7 0 0 0 0 0 0
66.4499969 4.99992371E-2 3.51784479E-7 3.51784479E-7 0 0 0 0 0 0
66.5500031 4.99992371E-2 3.50924239E-7 3.50924239E-7 0 0 0 0 0 0
66.6499939 4.99992371E-2 3.50067353E-7 3.50067353E-7 0 0 0 0 0 0
66.75 5.00030518E-2 3.49213764E-7 3.49213764E-7 0 0 0 0 0 0
66.8500061 4.99992371E-2 3.48363528E-7 3.48363528E-7 0 0 0 0 0 0
66.9499969 4.99992371E-2 3.47516703E-7 3.47516703E-7 0 0 0 0 0 0
67.0500031 4.99992371E-2 3.46673204E-7 3.46673204E-7 0 0 0 0 0 0
67.1499939 4.99992371E-2 3.45832945E-7 3.45832945E-7 0 0 0 0 0 0
67.25 5.00030518E-2 3.44995925E-7 3.44995925E-7 0 0 0 0 0 0
67.3500061 4.99992371E-2 3.44162231E-7 3.44162231E-7 0 0 0 0 0 0
67.4499969 4.99992371E-2 3.43331749E-7 3.43331749E-7 0 0 0 0 0 0
67.5500031 4.99992371E-2 3.42504535E-7 3.42504535E-7 0 0 0 0 0 0
67.6499939 4.99992371E-2 3.41680504E-7 3.41680504E-7 0 0 0 0 0 0
67.75 5.00030518E-2 3.40859685E-7 3.40859685E-7 0 0 0 0 0 0
67.8500061 4.99992371E-2 3.40041964E-7 3.40041964E-7 0 0 0 0 0 0
67.9499969 4.99992371E-2 3.39227483E-7 3.39227483E-7 0 0 0 0 0 0
68.0500031 4.99992371E-2 3.38416157E-7 3.38416157E-7 0 0 0 0 0 0
68.1499939 4.99992371E-2 3.37607901E-7 3.37607901E-7 0 0 0 0 0 0
68.25 5.00030518E-2 3.36802771E-7 3.36802771E-7 0 0 0 0 0 0
68.3500061 4.99992371E-2 3.3600071E-7 3.3600071E-7 0 0 0 0 0 0
68.4499969 4.99992371E-2 3.35201747E-7 3.35201747E-7 0 0 0 0 0 0
68.5500031 4.99992371E-2 3.34405854E-7 3.34405854E-7 0 0 0 0 0 0
68.6499939 4.99992371E-2 3.33613002E-7 3.33613002E-7 0 0 0 0 0 0
68.75 5.00030518E-2 3.32823134E-7 3.32823134E-7 0 0 0 0 0 0
68.8500061 4.99992371E-2 3.32036279E-7 3.32036279E-7 0 0 0 0 0 0
68.9499969 4.99992371E-2 3.31252465E-7 3.31252465E-7 0 0 0 0 0 0
69.0500031 4.99992371E-2 3.30471579E-7 3.30471579E-7 0 0 0 0 0 0
69.1499939 4.99992371E-2 3.29693734E-7 3.29693734E-7 0 0 0 0 0 0
69.25 5.00030518E-2 3.28918816E-7 3.28918816E-7 0 0 0 0 0 0
69.3500061 4.99992371E-2 3.28146768E-7 3.28146768E-7 0 0 0 0 0 0
69.4499969 4.99992371E-2 3.27377649E-7 3.27377649E-7 0 0 0 0 0 0
69.5500031 4.99992371E-2 3.26611485E-7 3.26611485E-7 0 0 0 0 0 0
69.6499939 4.99992371E-2 3.2584822E-7 3.2584822E-7 0 0 0 0 0 0
69.75 5.00030518E-2 3.2508774E-7 3.2508774E-7 0 0 0 0 0 0
69.8500061 4.99992371E-2 3.24330188E-7 3.24330188E-7 0 0 0 0 0 0
69.9499969 4.99992371E-2 3.23575449E-7 3.23575449E-7 0 0 0 0 0 0
70.0500031 4.99992371E-2 3.22823553E-7 3.22823553E-7 0 0 0 0 0 0
70.1499939 4.99992371E-2 3.22074499E-7 3.22074499E-7 0 0 0 0 0 0
70.25 5.00030518E-2 3.21328145E-7 3.21328145E-7 0 0 0 0 0 0
70.3500061 4.99992371E-2 3.20584633E-7 3.20584633E-7 0 0 0 0 0 0
70.4499969 4.99992371E-2 3.19843906E-7 3.19843906E-7 0 0 0 0 0 0
70.5500031 4.99992371E-2 3.19105936E-7 3.19105936E-7 0 0 0 0 0 0
70.6499939 4.99992371E-2 3.18370695E-7 3.18370695E-7 0 0 0 0 0 0
70.75 5.00030518E-2 3.17638182E-7 3.17638182E-7 0 0 0 0 0 0
70.8500061 4.99992371E-2 3.16908341E-7 3.16908341E-7 0 0 0 0 0 0
70.9499969 4.99992371E-2 3.16181286E-7 3.16181286E-7 0 0 0 0 0 0
71.0500031 4.99992371E-2 3.15456873E-7 3.15456873E-7 0 0 0 0 0 0
71.1499939 4.99992371E-2 3.14735161E-7 3.14735161E-7 0 0 0 0 0 0
71.25 5.00030518E-2 3.14016035E-7 3.14016035E-7 0 0 0 0 0 0
71.3500061 4.99992371E-2 3.1329958E-7 3.1329958E-7 0 0 0 0 0 0
71.4499969 4.99992371E-2 3.12585797E-7 3.12585797E-7 0 0 0 0 0 0
71.5500031 4.99992371E-2 3.11874629E-7 3.11874629E-7 0 0 0 0 0 0
71.6499939 4.99992371E-2 3.11166048E-7 3.11166048E-7 0 0 0 0 0 0
71.75 5.00030518E-2 3.10460052E-7 3.10460052E-7 0 0 0 0 0 0
71.8500061 4.99992371E-2 3.09756615E-7 3.09756615E-7 0 0 0 0 0 0
71.9499969 4.99992371E-2 3.09055793E-7 3.09055793E-7 0 0 0 0 0 0
72.0500031 4.99992371E-2 3.083575E-7 3.083575E-7 0 0 0 0 0 0
72.1499939 4.99992371E-2 3.07661765E-7 3.07661765E-7 0 0 0 0 0 0
72.25 5.00030518E-2 3.06968559E-7 3.06968559E-7 0 0 0 0 0 0
72.3500061 4.99992371E-2 3.06277826E-7 3.06277826E-7 0 0 0 0 0 0
72.4499969 4.99992371E-2 3.05589623E-7 3.05589623E-7 0 0 0 0 0 0
72.5500031 4.99992371E-2 3.04903892E-7 3.04903892E-7 0 0 0 0 0 0
72.6499939 4.99992371E-2 3.0422072E-7 3.0422072E-7 0 0 0 0 0 0
72.75 5.00030518E-2 3.03539935E-7 3.03539935E-7 0 0 0 0 0 0
72.8500061 4.99992371E-2 3.02861594E-7 3.02861594E-7 0 0 0 0 0 0
72.9499969 4.99992371E-2 3.02185697E-7 3.02185697E-7 0 0 0 0 0 0
73.0500031 4.99992371E-2 3.01512273E-7 3.01512273E-7 0 0 0 0 0 0
73.1499939 4.99992371E-2 3.00841236E-7 3.00841236E-7 0 0 0 0 0 0
73.25 5.00030518E-2 3.00172616E-7 3.00172616E-7 0 0 0 0 0 0
73.3500061 4.99992371E-2 2.99506354E-7 2.99506354E-7 0 0 0 0 0 0
73.4499969 4.99992371E-2 2.98842536E-7 2.98842536E-7 0 0 0 0 0 0
73.5500031 4.99992371E-2 2.98181021E-7 2.98181021E-7 0 0 0 0 0 0
73.6499939 4.99992371E-2 2.97521922E-7 2.97521922E-7 0 0 0 0 0 0
73.75 5.00030518E-2 2.96865181E-7 2.96865181E-7 0 0 0 0 0 0
73.8500061 4.99992371E-2 2.96210686E-7 2.96210686E-7 0 0 0 0 0 0
73.9499969 4.99992371E-2 2.95558579E-7 2.95558579E-7 0 0 0 0 0 0
74.0500031 4.99992371E-2 2.94908773E-7 2.94908773E-7 0 0 0 0 0 0
74.1499939 4.99992371E-2 2.9426127E-7 2.9426127E-7 0 0 0 0 0 0
74.25 5.00030518E-2 2.9361604E-7 2.9361604E-7 0 0 0 0 0 0
74.3500061 4.99992371E-2 2.92973084E-7 2.92973084E-7 0 0 0 0 0 0
74.4499969 4.99992371E-2 2.92332402E-7 2.92332402E-7 0 0 0 0 0 0
74.5500031 4.99992371E-2 2.91694022E-7 2.91694022E-7 0 0 0 0 0 0
74.6499939 4.99992371E-2 2.9105783E-7 2.9105783E-7 0 0 0 0 0 0
74.75 5.00030518E-2 2.90423941E-7 2.90423941E-7 0 0 0 0 0 0
74.8500061 4.99992371E-2 2.89792155E-7 2.89792155E-7 0 0 0 0 0 0
74.9499969 4.99992371E-2 2.89162671E-7 2.89162671E-7 0 0 0 0 0 0
75.0500031 4.99992371E-2 2.88535404E-7 2.88535404E-7 0 0 0 0 0 0
75.1499939 4.99992371E-2 2.87910296E-7 2.87910296E-7 0 0 0 0 0 0
75.25 5.00030518E-2 2.87287378E-7 2.87287378E-7 0 0 0 0 0 0
75.3500061 4.99992371E-2 2.86666619E-7 2.86666619E-7 0 0 0 0 0 0
75.4499969 4.99992371E-2 2.86048021E-7 2.86048021E-7 0 0 0 0 0 0
75.5500031 4.99992371E-2 2.85431582E-7 2.85431582E-7 0 0 0 0 0 0
75.6499939 4.99992371E-2 2.84817276E-7 2.84817276E-7 0 0 0 0 0 0
75.75 5.00030518E-2 2.842051E-7 2.842051E-7 0 0 0 0 0 0
75.8500061 4.99992371E-2 2.83595E-7 2.83595E-7 0 0 0 0 0 0
75.9499969 4.99992371E-2 2.8298706E-7 2.8298706E-7 0 0 0 0 0 0
76.0500031 4.99992371E-2 2.82381251E-7 2.82381251E-7 0 0 0 0 0 0
76.1499939 4.99992371E-2 2.81777488E-7 2.81777488E-7 0 0 0 0 0 0
76.25 5.00030518E-2 2.81175801E-7 2.81175801E-7 0 0 0 0 0 0
76.3500061 4.99992371E-2 2.8057616E-7 2.8057616E-7 0 0 0 0 0 0
76.4499969 4.99992371E-2 2.79978622E-7 2.79978622E-7 0 0 0 0 0 0
76.5500031 4.99992371E-2 2.79383102E-7 2.79383102E-7 0 0 0 0 0 0
76.6499939 4.99992371E-2 2.78789685E-7 2.78789685E-7 0 0 0 0 0 0
76.75 5.00030518E-2 2.781982E-7 2.781982E-7 0 0 0 0 0 0
76.8500061 4.99992371E-2 2.77608819E-7 2.77608819E-7 0 0 0 0 0 0
76.9499969 4.99992371E-2 2.770214E-7 2.770214E-7 0 0 0 0 0 0
77.0500031 4.99992371E-2 2.76435998E-7 2.76435998E-7 0 0 0 0 0 0
77.1499939 4.99992371E-2 2.75852614E-7 2.75852614E-7 0 0 0 0 0 0
77.25 5.00030518E-2 2.75271191E-7 2.75271191E-7 0 0 0 0 0 0
77.3500061 4.99992371E-2 2.74691729E-7 2.74691729E-7 0 0 0 0 0 0
77.4499969 4.99992371E-2 2.74114228E-7 2.74114228E-7 0 0 0 0 0 0
77.5500031 4.99992371E-2 2.73538745E-7 2.73538745E-7 0 0 0 0 0 0
77.6499939 4.99992371E-2 2.72965138E-7 2.72965138E-7 0 0 0 0 0 0
77.75 5.00030518E-2 2.72393464E-7 2.72393464E-7 0 0 0 0 0 0
77.8500061 4.99992371E-2 2.71823751E-7 2.71823751E-7 0 0 0 0 0 0
77.9499969 4.99992371E-2 2.71255971E-7 2.71255971E-7 0 0 0 0 0 0
78.0500031 4.99992371E-2 2.70690094E-7 2.70690094E-7 0 0 0 0 0 0
78.1499939 4.99992371E-2 2.70126094E-7 2.70126094E-7 0 0 0 0 0 0
78.25 5.00030518E-2 2.69563998E-7 2.69563998E-7 0 0 0 0 0 0
78.3500061 4.99992371E-2 2.69003777E-7 2.69003777E-7 0 0 0 0 0 0
78.4499969 4.99992371E-2 2.68445433E-7 2.68445433E-7 0 0 0 0 0 0
78.5500031 4.99992371E-2 2.67888964E-7 2.67888964E-7 0 0 0 0 0 0
78.6499939 4.99992371E-2 2.67334372E-7 2.67334372E-7 0 0 0 0 0 0
78.75 5.00030518E-2 2.66781598E-7 2.66781598E-7 0 0 0 0 0 0
78.8500061 4.99992371E-2 2.66230671E-7 2.66230671E-7 0 0 0 0 0 0
78.9499969 4.99992371E-2 2.65681592E-7 2.65681592E-7 0 0 0 0 0 0
79.0500031 4.99992371E-2 2.65134332E-7 2.65134332E-7 0 0 0 0 0 0
79.1499939 4.99992371E-2 2.64588891E-7 2.64588891E-7 0 0 0 0 0 0
79.25 5.00030518E-2 2.64045241E-7 2.64045241E-7 0 0 0 0 0 0
79.3500061 4.99992371E-2 2.63503381E-7 2.63503381E-7 0 0 0 0 0 0
79.4499969 4.99992371E-2 2.6296334E-7 2.6296334E-7 0 0 0 0 0 0
79.5500031 4.99992371E-2 2.62425061E-7 2.62425061E-7 0 0 0 0 0 0
79.6499939 4.99992371E-2 2.61888573E-7 2.61888573E-7 0 0 0 0 0 0
79.75 5.00030518E-2 2.61353847E-7 2.61353847E-7 0 0 0 0 0 0
79.8500061 4.99992371E-2 2.60820855E-7 2.60820855E-7 0 0 0 0 0 0
79.9499969 4.99992371E-2 2.60289653E-7 2.60289653E-7 0 0 0 0 0 0
80.0500031 4.99992371E-2 2.59760185E-7 2.59760185E-7 0 0 0 0 0 0
80.1499939 4.99992371E-2 2.59232451E-7 2.59232451E-7 0 0 0 0 0 0
80.25 5.00030518E-2 2.58706393E-7 2.58706393E-7 0 0 0 0 0 0
80.3500061 4.99992371E-2 2.58182126E-7 2.58182126E-7 0 0 0 0 0 0
80.4499969 4.99992371E-2 2.57659565E-7 2.57659565E-7 0 0 0 0 0 0
80.5500031 4.99992371E-2 2.5713868E-7 2.5713868E-7 0 0 0 0 0 0
80.6499939 4.99992371E-2 2.56619472E-7 2.56619472E-7 0 0 0 0 0 0
80.75 5.00030518E-2 2.56101998E-7 2.56101998E-7 0 0 0 0 0 0
80.8500061 4.99992371E-2 2.55586173E-7 2.55586173E-7 0 0 0 0 0 0
80.9499969 4.99992371E-2 2.55072024E-7 2.55072024E-7 0 0 0 0 0 0
81.0500031 4.99992371E-2 2.54559552E-7 2.54559552E-7 0 0 0 0 0 0
81.1499939 4.99992371E-2 2.54048757E-7 2.54048757E-7 0 0 0 0 0 0
81.25 5.00030518E-2 2.53539582E-7 2.53539582E-7 0 0 0 0 0 0
81.3500061 4.99992371E-2 2.53032056E-7 2.53032056E-7 0 0 0 0 0 0
81.4499969 4.99992371E-2 2.52526149E-7 2.52526149E-7 0 0 0 0 0 0
81.5500031 4.99992371E-2 2.52021948E-7 2.52021948E-7 0 0 0 0 0 0
81.6499939 4.99992371E-2 2.51519282E-7 2.51519282E-7 0 0 0 0 0 0
81.75 5.00030518E-2 2.51018292E-7 2.51018292E-7 0 0 0 0 0 0
81.8500061 4.99992371E-2 2.50518838E-7 2.50518838E-7 0 0 0 0 0 0
81.9499969 4.99992371E-2 2.50021031E-7 2.50021031E-7 0 0 0 0 0 0
82.0500031 4.99992371E-2 2.49524817E-7 2.49524817E-7 0 0 0 0 0 0
82.1499939 4.99992371E-2 2.49030222E-7 2.49030222E-7 0 0 0 0 0 0
82.25 5.00030518E-2 2.48537162E-7 2.48537162E-7 0 0 0 0 0 0
82.3500061 4.99992371E-2 2.48045637E-7 2.48045637E-7 0 0 0 0 0 0
82.4499969 4.99992371E-2 2.47555761E-7 2.47555761E-7 0 0 0 0 0 0
82.5500031 4.99992371E-2 2.47067419E-7 2.47067419E-7 0 0 0 0 0 0
82.6499939 4.99992371E-2 2.46580612E-7 2.46580612E-7 0 0 0 0 0 0
82.75 5.00030518E-2 2.4609534E-7 2.4609534E-7 0 0 0 0 0 0
82.8500061 4.99992371E-2 2.45611602E-7 2.45611602E-7 0 0 0 0 0 0
82.9499969 4.99992371E-2 2.45129428E-7 2.45129428E-7 0 0 0 0 0 0
83.0500031 4.99992371E-2 2.44648788E-7 2.44648788E-7 0 0 0 0 0 0
83.1499939 4.99992371E-2 2.44169627E-7 2.44169627E-7 0 0 0 0 0 0
83.25 5.00030518E-2 2.43691971E-7 2.43691971E-7 0 0 0 0 0 0
83.3500061 4.99992371E-2 2.43215851E-7 2.43215851E-7 0 0 0 0 0 0
83.4499969 4.99992371E-2 2.42741265E-7 2.42741265E-7 0 0 0 0 0 0
83.5500031 4.99992371E-2 2.42268101E-7 2.42268101E-7 0 0 0 0 0 0
83.6499939 4.99992371E-2 2.41796471E-7 2.41796471E-7 0 0 0 0 0 0
83.75 5.00030518E-2 2.41326262E-7 2.41326262E-7 0 0 0 0 0 0
83.8500061 4.99992371E-2 2.4085756E-7 2.4085756E-7 0 0 0 0 0 0
83.9499969 4.99992371E-2 2.40390307E-7 2.40390307E-7 0 0 0 0 0 0
84.0500031 4.99992371E-2 2.39924589E-7 2.39924589E-7 0 0 0 0 0 0
84.1499939 4.99992371E-2 2.39460263E-7 2.39460263E-7 0 0 0 0 0 0
84.25 5.00030518E-2 2.38997387E-7 2.38997387E-7 0 0 0 0 0 0
84.3500061 4.99992371E-2 2.38535932E-7 2.38535932E-7 0 0 0 0 0 0
84.4499969 4.99992371E-2 2.38075955E-7 2.38075955E-7 0 0 0 0 0 0
84.5500031 4.99992371E-2 2.37617385E-7 2.37617385E-7 0 0 0 0 0 0
84.6499939 4.99992371E-2 2.37160236E-7 2.37160236E-7 0 0 0 0 0 0
84.75 5.00030518E-2 2.36704537E-7 2.36704537E-7 0 0 0 0 0 0
84.8500061 4.99992371E-2 2.36250173E-7 2.36250173E-7 0 0 0 0 0 0
84.9499969 4.99992371E-2 2.35797273E-7 2.35797273E-7 0 0 0 0 0 0
85.0500031 4.99992371E-2 2.3534578E-7 2.3534578E-7 0 0 0 0 0 0
85.1499939 4.99992371E-2 2.34895666E-7 2.34895666E-7 0 0 0 0 0 0
85.25 5.00030518E-2 2.34446944E-7 2.34446944E-7 0 0 0 0 0 0
85.3500061 4.99992371E-2 2.33999543E-7 2.33999543E-7 0 0 0 0 0 0
85.4499969 4.99992371E-2 2.33553578E-7 2.33553578E-7 0 0 0 0 0 0
85.5500031 4.99992371E-2 2.33108977E-7 2.33108977E-7 0 0 0 0 0 0
85.6499939 4.99992371E-2 2.32665769E-7 2.32665769E-7 0 0 0 0 0 0
85.75 5.00030518E-2 2.32223883E-7 2.32223883E-7 0 0 0 0 0 0
85.8500061 4.99992371E-2 2.31783318E-7 2.31783318E-7 0 0 0 0 0 0
85.9499969 4.99992371E-2 2.31344131E-7 2.31344131E-7 0 0 0 0 0 0
86.0500031 4.99992371E-2 2.30906309E-7 2.30906309E-7 0 0 0 0 0 0
86.1499939 4.99992371E-2 2.30469794E-7 2.30469794E-7 0 0 0 0 0 0
86.25 5.00030518E-2 2.30034601E-7 2.30034601E-7 0 0 0 0 0 0
86.3500061 4.99992371E-2 2.29600744E-7 2.29600744E-7 0 0 0 0 0 0
86.4499969 4.99992371E-2 2.2916818E-7 2.2916818E-7 0 0 0 0 0 0
86.5500031 4.99992371E-2 2.28736965E-7 2.28736965E-7 0 0 0 0 0 0
86.6499939 4.99992371E-2 2.28307044E-7 2.28307044E-7 0 0 0 0 0 0
86.75 5.00030518E-2 2.27878445E-7 2.27878445E-7 0 0 0 0 0 0
86.8500061 4.99992371E-2 2.2745111E-7 2.2745111E-7 0 0 0 0 0 0
86.9499969 4.99992371E-2 2.27025083E-7 2.27025083E-7 0 0 0 0 0 0
87.0500031 4.99992371E-2 2.26600335E-7 2.26600335E-7 0 0 0 0 0 0
87.1499939 4.99992371E-2 2.26176894E-7 2.26176894E-7 0 0 0 0 0 0
87.25 5.00030518E-2 2.2575469E-7 2.2575469E-7 0 0 0 0 0 0
87.3500061 4.99992371E-2 2.2533375E-7 2.2533375E-7 0 0 0 0 0 0
87.4499969 4.99992371E-2 2.24914103E-7 2.24914103E-7 0 0 0 0 0 0
87.5500031 4.99992371E-2 2.24495722E-7 2.24495722E-7 0 0 0 0 0 0
87.6499939 4.99992371E-2 2.24078562E-7 2.24078562E-7 0 0 0 0 0 0
87.75 5.00030518E-2 2.23662681E-7 2.23662681E-7 0 0 0 0 0 0
87.8500061 4.99992371E-2 2.23248023E-7 2.23248023E-7 0 0 0 0 0 0
87.9499969 4.99992371E-2 2.22834601E-7 2.22834601E-7 0 0 0 0 0 0
88.0500031 4.99992371E-2 2.22422443E-7 2.22422443E-7 0 0 0 0 0 0
88.1499939 4.99992371E-2 2.22011465E-7 2.22011465E-7 0 0 0 0 0 0
88.25 5.00030518E-2 2.21601766E-7 2.21601766E-7 0 0 0 0 0 0
88.3500061 4.99992371E-2 2.21193218E-7 2.21193218E-7 0 0 0 0 0 0
88.4499969 4.99992371E-2 2.2078595E-7 2.2078595E-7 0 0 0 0 0 0
88.5500031 4.99992371E-2 2.20379846E-7 2.20379846E-7 0 0 0 0 0 0
88.6499939 4.99992371E-2 2.19974979E-7 2.19974979E-7 0 0 0 0 0 0
88.75 5.00030518E-2 2.19571291E-7 2.19571291E-7 0 0 0 0 0 0
88.8500061 4.99992371E-2 2.19168783E-7 2.19168783E-7 0 0 0 0 0 0
88.9499969 4.99992371E-2 2.18767511E-7 2.18767511E-7 0 0 0 0 0 0
89.0500031 4.99992371E-2 2.18367347E-7 2.18367347E-7 0 0 0 0 0 0
89.1499939 4.99992371E-2 2.17968434E-7 2.17968434E-7 0 0 0 0 0 0
89.25 5.00030518E-2 2.17570673E-7 2.17570673E-7 0 0 0 0 0 0
89.3500061 4.99992371E-2 2.17174048E-7 2.17174048E-7 0 0 0 0 0 0
89.4499969 4.99992371E-2 2.16778616E-7 2.16778616E-7 0 0 0 0 0 0
89.5500031 4.99992371E-2 2.16384379E-7 2.16384379E-7 0 0 0 0 0 0
89.6499939 4.99992371E-2 2.15991264E-7 2.15991264E-7 0 0 0 0 0 0
89.75 5.00030518E-2 2.155993E-7 2.155993E-7 0 0 0 0 0 0
89.8500061 4.99992371E-2 2.15208459E-7 2.15208459E-7 0 0 0 0 0 0
89.9499969 4.99992371E-2 2.14818797E-7 2.14818797E-7 0 0 0 0 0 0
90.0500031 4.99992371E-2 2.14430258E-7 2.14430258E-7 0 0 0 0 0 0
90.1499939 4.99992371E-2 2.14042871E-7 2.14042871E-7 0 0 0 0 0 0
90.25 5.00030518E-2 2.13656563E-7 2.13656563E-7 0 0 0 0 0 0
90.3500061 4.99992371E-2 2.13271363E-7 2.13271363E-7 0 0 0 0 0 0
90.4499969 4.99992371E-2 2.12887358E-7 2.12887358E-7 0 0 0 0 0 0
90.5500031 4.99992371E-2 2.12504446E-7 2.12504446E-7 0 0 0 0 0 0
90.6499939 4.99992371E-2 2.12122615E-7 2.12122615E-7 0 0 0 0 0 0
90.75 5.00030518E-2 2.1174192E-7 2.1174192E-7 0 0 0 0 0 0
90.8500061 4.99992371E-2 2.11362291E-7 2.11362291E-7 0 0 0 0 0 0
90.9499969 4.99992371E-2 2.10983771E-7 2.10983771E-7 0 0 0 0 0 0
91.0500031 4.99992371E-2 2.10606359E-7 2.10606359E-7 0 0 0 0 0 0
91.1499939 4.99992371E-2 2.10230027E-7 2.10230027E-7 0 0 0 0 0 0
91.25 5.00030518E-2 2.09854804E-7 2.09854804E-7 0 0 0 0 0 0
91.3500061 4.99992371E-2 2.09480604E-7 2.09480604E-7 0 0 0 0 0 0
91.4499969 4.99992371E-2 2.09107512E-7 2.09107512E-7 0 0 0 0 0 0
91.5500031 4.99992371E-2 2.087355E-7 2.087355E-7 0 0 0 0 0 0
91.6499939 4.99992371E-2 2.08364554E-7 2.08364554E-7 0 0 0 0 0 0
91.75 5.00030518E-2 2.07994646E-7 2.07994646E-7 0 0 0 0 0 0
91.8500061 4.99992371E-2 2.07625774E-7 2.07625774E-7 0 0 0 0 0 0
91.9499969 4.99992371E-2 2.07258012E-7 2.07258012E-7 0 0 0 0 0 0
92.0500031 4.99992371E-2 2.06891272E-7 2.06891272E-7 0 0 0 0 0 0
92.1499939 4.99992371E-2 2.06525613E-7 2.06525613E-7 0 0 0 0 0 0
92.25 5.00030518E-2 2.06160948E-7 2.06160948E-7 0 0 0 0 0 0
92.3500061 4.99992371E-2 2.05797335E-7 2.05797335E-7 0 0 0 0 0 0
92.4499969 4.99992371E-2 2.05434745E-7 2.05434745E-7 0 0 0 0 0 0
92.5500031 4.99992371E-2 2.05073221E-7 2.05073221E-7 0 0 0 0 0 0
92.6499939 4.99992371E-2 2.04712677E-7 2.04712677E-7 0 0 0 0 0 0
92.75 5.00030518E-2 2.04353213E-7 2.04353213E-7 0 0 0 0 0 0
92.8500061 4.99992371E-2 2.03994702E-7 2.03994702E-7 0 0 0 0 0 0
92.9499969 4.99992371E-2 2.03637242E-7 2.03637242E-7 0 0 0 0 0 0
93.0500031 4.99992371E-2 2.03280777E-7 2.03280777E-7 0 0 0 0 0 0
93.1499939 4.99992371E-2 2.02925321E-7 2.02925321E-7 0 0 0 0 0 0
93.25 5.00030518E-2 2.0257086E-7 2.0257086E-7 0 0 0 0 0 0
93.3500061 4.99992371E-2 2.02217407E-7 2.02217407E-7 0 0 0 0 0 0
93.4499969 4.99992371E-2 2.01864935E-7 2.01864935E-7 0 0 0 0 0 0
93.5500031 4.99992371E-2 2.01513487E-7 2.01513487E-7 0 0 0 0 0 0
93.6499939 4.99992371E-2 2.0116299E-7 2.0116299E-7 0 0 0 0 0 0
93.75 5.00030518E-2 2.00813489E-7 2.00813489E-7 0 0 0 0 0 0
93.8500061 4.99992371E-2 2.00464939E-7 2.00464939E-7 0 0 0 0 0 0
93.9499969 4.99992371E-2 2.00117412E-7 2.00117412E-7 0 0 0 0 0 0
94.0500031 4.99992371E-2 1.9977081E-7 1.9977081E-7 0 0 0 0 0 0
94.1499939 4.99992371E-2 1.99425216E-7 1.99425216E-7 0 0 0 0 0 0
94.25 5.00030518E-2 1.99080546E-7 1.99080546E-7 0 0 0 0 0 0
94.3500061 4.99992371E-2 1.98736871E-7 1.98736871E-7 0 0 0 0 0 0
94.4499969 4.99992371E-2 1.98394133E-7 1.98394133E-7 0 0 0 0 0 0
94.5500031 4.99992371E-2 1.98052362E-7 1.98052362E-7 0 0 0 0 0 0
94.6499939 4.99992371E-2 1.97711529E-7 1.97711529E-7 0 0 0 0 0 0
94.75 5.00030518E-2 1.97371634E-7 1.97371634E-7 0 0 0 0 0 0
94.8500061 4.99992371E-2 1.97032691E-7 1.97032691E-7 0 0 0 0 0 0
94.9499969 4.99992371E-2 1.96694685E-7 1.96694685E-7 0 0 0 0 0 0
95.0500031 4.99992371E-2 1.96357618E-7 1.96357618E-7 0 0 0 0 0 0
95.1499939 4.99992371E-2 1.9602146E-7 1.9602146E-7 0 0 0 0 0 0
95.25 5.00030518E-2 1.95686255E-7 1.95686255E-7 0 0 0 0 0 0
95.3500061 4.99992371E-2 1.95351944E-7 1.95351944E-7 0 0 0 0 0 0
95.4499969 4.99992371E-2 1.95018586E-7 1.95018586E-7 0 0 0 0 0 0
95.5500031 4.99992371E-2 1.94686109E-7 1.94686109E-7 0 0 0 0 0 0
95.6499939 4.99992371E-2 1.94354598E-7 1.94354598E-7 0 0 0 0 0 0
95.75 5.00030518E-2 1.94023968E-7 1.94023968E-7 0 0 0 0 0 0
95.8500061 4.99992371E-2 1.93694234E-7 1.93694234E-7 0 0 0 0 0 0
95.9499969 4.99992371E-2 1.93365381E-7 1.93365381E-7 0 0 0 0 0 0
96.0500031 4.99992371E-2 1.93037479E-7 1.93037479E-7 0 0 0 0 0 0
96.1499939 4.99992371E-2 1.92710459E-7 1.92710459E-7 0 0 0 0 0 0
96.25 5.00030518E-2 1.9238432E-7 1.9238432E-7 0 0 0 0 0 0
96.3500061 4.99992371E-2 1.92059062E-7 1.92059062E-7 0 0 0 0 0 0
96.4499969 4.99992371E-2 1.91734699E-7 1.91734699E-7 0 0 0 0 0 0
96.5500031 4.99992371E-2 1.91411232E-7 1.91411232E-7 0 0 0 0 0 0
96.6499939 4.99992371E-2 1.91088631E-7 1.91088631E-7 0 0 0 0 0 0
96.75 5.00030518E-2 1.9076694E-7 1.9076694E-7 0 0 0 0 0 0
96.8500061 4.99992371E-2 1.90446059E-7 1.90446059E-7 0 0 0 0 0 0
96.9499969 4.99992371E-2 1.90126102E-7 1.90126102E-7 0 0 0 0 0 0
97.0500031 4.99992371E-2 1.89806983E-7 1.89806983E-7 0 0 0 0 0 0
97.1499939 4.99992371E-2 1.89488745E-7 1.89488745E-7 0 0 0 0 0 0
97.25 5.00030518E-2 1.89171345E-7 1.89171345E-7 0 0 0 0 0 0
97.3500061 4.99992371E-2 1.88854813E-7 1.88854813E-7 0 0 0 0 0 0
97.4499969 4.99992371E-2 1.88539133E-7 1.88539133E-7 0 0 0 0 0 0
97.5500031 4.99992371E-2 1.88224305E-7 1.88224305E-7 0 0 0 0 0 0
97.6499939 4.99992371E-2 1.87910331E-7 1.87910331E-7 0 0 0 0 0 0
97.75 5.00030518E-2 1.87597195E-7 1.87597195E-7 0 0 0 0 0 0
97.8500061 4.99992371E-2 1.87284869E-7 1.87284869E-7 0 0 0 0 0 0
97.9499969 4.99992371E-2 1.86973423E-7 1.86973423E-7 0 0 0 0 0 0
98.0500031 4.99992371E-2 1.86662803E-7 1.86662803E-7 0 0 0 0 0 0
98.1499939 4.99992371E-2 1.86353006E-7 1.86353006E-7 0 0 0 0 0 0
98.25 5.00030518E-2 1.86044048E-7 1.86044048E-7 0 0 0 0 0 0
98.3500061 4.99992371E-2 1.857359E-7 1.857359E-7 0 0 0 0 0 0
98.4499969 4.99992371E-2 1.8542859E-7 1.8542859E-7 0 0 0 0 0 0
98.5500031 4.99992371E-2 1.8512209E-7 1.8512209E-7 0 0 0 0 0 0
98.6499939 4.99992371E-2 1.84816415E-7 1.84816415E-7 0 0 0 0 0 0
98.75 5.00030518E-2 1.84511549E-7 1.84511549E-7 0 0 0 0 0 0
98.8500061 4.99992371E-2 1.84207479E-7 1.84207479E-7 0 0 0 0 0 0
98.9499969 4.99992371E-2 1.8390422E-7 1.8390422E-7 0 0 0 0 0 0
99.0500031 4.99992371E-2 1.83601799E-7 1.83601799E-7 0 0 0 0 0 0
99.1499939 4.99992371E-2 1.83300159E-7 1.83300159E-7 0 0 0 0 0 0
99.25 5.00030518E-2 1.82999301E-7 1.82999301E-7 0 0 0 0 0 0
99.3500061 4.99992371E-2 1.82699253E-7 1.82699253E-7 0 0 0 0 0 0
99.4499969 4.99992371E-2 1.82400001E-7 1.82400001E-7 0 0 0 0 0 0
99.5500031 4.99992371E-2 1.8210153E-7 1.8210153E-7 0 0 0 0 0 0
99.6499939 4.99992371E-2 1.81803856E-7 1.81803856E-7 0 0 0 0 0 0
99.75 5.00030518E-2 1.81506977E-7 1.81506977E-7 0 0 0 0 0 0
99.8500061 4.99992371E-2 1.81210837E-7 1.81210837E-7 0 0 0 0 0 0
99.9499969 4.99992371E-2 1.80915507E-7 1.80915507E-7 0 0 0 0 0 0
