0.150000006 5.00000007E-2 0 0 0 0 0 0 0 0
0.25 5.00000045E-2 0 0 0 0 0 0 0 0
0.350000024 4.9999997E-2 0 0 0 0 0 0 0 0
0.449999988 4.9999997E-2 1.66488451E-19 0 0 0 0 0 2.49129158E-20 1.41575529E-19
0.550000012 5.00000119E-2 1.708079E-17 0 0 0 0 0 2.75690158E-18 1.4323888E-17
0.650000036 5.00000119E-2 3.70220314E-14 2.67778623E-33 0 0 1.90054533E-33 1.61362196E-32 3.88335553E-15 3.31386767E-14
0.75 4.99999821E-2 1.98944437E-11 9.13197556E-27 0 0 6.24482399E-27 1.5505172E-25 7.66492122E-13 1.9127951E-11
0.850000024 5.00000119E-2 8.96451524E-10 7.78528784E-23 0 0 5.45261604E-23 2.45639038E-21 1.93705885E-11 8.77080963E-10
0.950000048 4.99999821E-2 2.5101631E-8 6.80105263E-19 0 0 4.89208625E-19 2.46857495E-17 4.85361806E-10 2.46162681E-8
1.04999995 5.00000119E-2 2.28360889E-7 1.14305434E-15 0 0 9.41827898E-16 2.67663038E-14 7.72424968E-9 2.20636608E-7
1.1500001 5.00000119E-2 6.50217089E-7 2.43391949E-13 0 0 2.47972948E-13 2.27354615E-12 6.36517683E-8 5.86562521E-7
1.25 5.00000119E-2 1.60172772E-6 1.31804142E-11 0 0 1.06132074E-11 7.19769522E-11 2.0490819E-7 1.39672375E-6
1.35000014 5.00000119E-2 3.68197288E-6 9.46009659E-11 0 0 7.39428241E-11 6.25631102E-10 3.87326679E-7 3.29385216E-6
1.45000005 4.99999523E-2 6.96636334E-6 1.10794007E-9 0 0 9.53884638E-10 5.73024872E-9 9.88736019E-7 5.96983546E-6
1.54999995 5.00000119E-2 7.20812523E-6 7.63265184E-9 0 0 6.32474917E-9 1.85120026E-8 1.82039662E-6 5.35525942E-6
1.6500001 5.00000119E-2 9.5098876E-6 3.537642E-8 0 0 2.86203665E-8 6.23809129E-8 2.94090296E-6 6.44260717E-6
1.75 5.00000119E-2 1.60825184E-5 1.21103341E-7 0 0 1.01252525E-7 2.48299216E-7 4.50590551E-6 1.11059571E-5
1.85000014 5.00000119E-2 4.41845368E-5 2.08603922E-7 0 0 1.72615785E-7 1.23969301E-6 5.17909484E-6 3.73845287E-5
1.95000005 4.99999523E-2 1.74433771E-5 3.93478388E-7 0 0 3.19091896E-7 5.34245203E-7 6.03721355E-6 1.01593469E-5
2.04999995 4.99999523E-2 3.79995217E-5 8.15571354E-7 0 0 7.79700031E-7 2.22559311E-6 8.83409575E-6 2.53445596E-5
2.1500001 5.00000715E-2 3.01711116E-5 1.48771971E-6 0 0 1.19455535E-6 2.22161407E-6 8.80621974E-6 1.64610028E-5
2.25 4.99999523E-2 3.12106931E-5 2.44979105E-6 0 0 1.97839177E-6 2.70335499E-6 1.01454507E-5 1.39337035E-5
2.3499999 4.99999523E-2 4.04373422E-5 3.71383703E-6 0 0 3.12593806E-6 4.56053658E-6 1.17732425E-5 1.72637865E-5
2.44999981 5.00000715E-2 8.18676344E-5 4.84151042E-6 0 0 3.95469942E-6 1.49997095E-5 1.2067645E-5 4.60040719E-5
2.54999995 4.99999523E-2 3.9761002E-5 5.45531157E-6 0 0 4.4548301E-6 4.7679091E-6 1.20839477E-5 1.2999003E-5
2.6500001 5.00000715E-2 4.95366585E-5 7.17458079E-6 0 0 6.93009861E-6 6.32330875E-6 1.51838212E-5 1.39248477E-5
2.75 4.99999523E-2 4.63741817E-5 9.03265754E-6 0 0 7.26971803E-6 5.94295761E-6 1.32455643E-5 1.08832837E-5
2.8499999 4.99999523E-2 5.52842248E-5 1.09675339E-5 0 0 8.82022323E-6 8.5157053E-6 1.36931212E-5 1.32876412E-5
2.94999981 5.00000715E-2 5.38341992E-5 1.29206246E-5 0 0 1.03574348E-5 7.03139312E-6 1.39834438E-5 9.54130337E-6
3.04999995 4.99999523E-2 5.86468122E-5 1.48407116E-5 0 0 1.17548307E-5 8.18406807E-6 1.40414049E-5 9.82579786E-6
3.1500001 5.00000715E-2 7.60786352E-5 1.66859627E-5 0 0 1.3941044E-5 1.46779912E-5 1.49515818E-5 1.58220537E-5
3.25 4.99999523E-2 6.11267969E-5 1.78100745E-5 0 0 1.42297113E-5 7.4498148E-6 1.41771352E-5 7.46005935E-6
3.3499999 4.99999523E-2 6.57979544E-5 1.93519227E-5 0 0 1.68182833E-5 7.40567702E-6 1.54044428E-5 6.8176314E-6
3.44999981 5.00000715E-2 6.430543E-5 2.0828129E-5 0 0 1.63607983E-5 7.14967246E-6 1.38733312E-5 6.09349991E-6
3.54999995 4.99999523E-2 6.56814518E-5 2.21589416E-5 0 0 1.72851378E-5 6.99290104E-6 1.36813542E-5 5.56311488E-6
3.6500001 5.00000715E-2 6.75113843E-5 2.33411956E-5 0 0 1.80616626E-5 7.24793381E-6 1.34398797E-5 5.42071166E-6
3.75 4.99999523E-2 6.71296802E-5 2.4376106E-5 0 0 1.87238275E-5 6.35406059E-6 1.31801498E-5 4.4955359E-6
3.8499999 4.99999523E-2 7.17737566E-5 2.52682221E-5 0 0 1.95676021E-5 8.27061285E-6 1.31015295E-5 5.56578607E-6
3.94999981 5.00000715E-2 7.1251583E-5 2.60243833E-5 0 0 2.07940684E-5 6.77136632E-6 1.33065705E-5 4.35519314E-6
4.05000019 4.99999523E-2 6.71223024E-5 2.63812854E-5 0 0 1.99817059E-5 5.18471552E-6 1.23530126E-5 3.2215853E-6
4.14999962 4.99999523E-2 7.04976628E-5 2.67975593E-5 0 0 2.23969419E-5 4.96045504E-6 1.33671065E-5 2.97560041E-6
4.25 5.00001907E-2 6.65672851E-5 2.72912512E-5 0 0 2.03819709E-5 4.53746816E-6 1.1731594E-5 2.62499725E-6
4.35000038 4.99999523E-2 6.59961734E-5 2.76770606E-5 0 0 2.04988992E-5 4.1059161E-6 1.14160375E-5 2.29826082E-6
4.44999981 4.99999523E-2 6.52263043E-5 2.79647575E-5 0 0 2.0407746E-5 3.77503284E-6 1.10283563E-5 2.05041079E-6
4.55000019 4.99999523E-2 6.5175409E-5 2.81639077E-5 0 0 2.05759115E-5 3.67575581E-6 1.08175172E-5 1.94231461E-6
4.64999962 4.99999523E-2 6.3995416E-5 2.828367E-5 0 0 2.044545E-5 3.15775856E-6 1.04814599E-5 1.62707829E-6
4.75 5.00001907E-2 6.33504678E-5 2.83326972E-5 0 0 2.04397184E-5 2.88600586E-6 1.02389886E-5 1.45306092E-6
4.85000038 4.99999523E-2 6.30912182E-5 2.83190639E-5 0 0 2.06919995E-5 2.63436846E-6 1.01473188E-5 1.29846353E-6
4.94999981 4.99999523E-2 6.15674944E-5 2.82502333E-5 0 0 2.01256262E-5 2.36860478E-6 9.67819597E-6 1.14483271E-6
5.05000019 4.99999523E-2 6.03018343E-5 2.81330558E-5 0 0 1.96997644E-5 2.1463602E-6 9.30381157E-6 1.01884211E-6
5.14999962 4.99999523E-2 5.94253324E-5 2.79737596E-5 0 0 1.95293524E-5 1.9440397E-6 9.0706535E-6 9.07528545E-7
5.25 5.00001907E-2 5.81217719E-5 2.77779745E-5 0 0 1.90662904E-5 1.75222738E-6 8.71983411E-6 8.05446859E-7
5.35000038 4.99999523E-2 5.70022166E-5 2.75508137E-5 0 0 1.87161513E-5 1.58087846E-6 8.4380199E-6 7.16352758E-7
5.44999981 4.99999523E-2 5.6480596E-5 2.72968373E-5 0 0 1.86947982E-5 1.50076016E-6 8.31713078E-6 6.7107095E-7
5.55000019 4.99999523E-2 5.48665557E-5 2.70201344E-5 0 0 1.80614825E-5 1.28199315E-6 7.93673644E-6 5.6621144E-7
5.64999962 4.99999523E-2 5.49651959E-5 2.67243413E-5 0 0 1.85351437E-5 1.15126545E-6 8.05178388E-6 5.02662033E-7
5.75 5.00001907E-2 5.26713084E-5 2.6412712E-5 0 0 1.73273966E-5 1.0365294E-6 7.44692625E-6 4.47743986E-7
5.85000038 4.99999523E-2 5.15897045E-5 2.60881097E-5 0 0 1.69580853E-5 9.30041494E-7 7.21571951E-6 3.97749403E-7
5.94999981 4.99999523E-2 5.12154002E-5 2.5753081E-5 0 0 1.70786625E-5 8.31759621E-7 7.19948548E-6 3.5241132E-7
6.05000019 4.99999523E-2 4.93139123E-5 2.54098686E-5 0 0 1.61095159E-5 7.48326386E-7 6.73189606E-6 3.14304344E-7
6.14999962 4.99999523E-2 4.88441474E-5 2.50604389E-5 0 0 1.61421012E-5 6.71349255E-7 6.69058181E-6 2.79676982E-7
6.25 5.00001907E-2 4.70003251E-5 2.47065273E-5 0 0 1.51958675E-5 5.99709153E-7 6.2502977E-6 2.47924987E-7
6.35000038 4.99999523E-2 1.89067694E-4 2.43496434E-5 1.43128404E-4 0 1.4790995E-5 5.3776165E-7 6.04017259E-6 2.20722299E-7
6.44999981 4.99999523E-2 1.90181629E-4 2.39911187E-5 1.44658989E-4 0 1.46483399E-5 6.68846212E-7 5.94164567E-6 2.7267734E-7
6.55000019 4.99999523E-2 4.68179896E-5 2.36321048E-5 0 0 1.46331959E-5 1.88937327E-6 5.89792671E-6 7.65389245E-7
6.64999962 4.99999523E-2 1.29386812E-4 2.32735965E-5 0 0 7.39369498E-5 1.82042118E-6 2.962279E-5 7.33062052E-7
6.75 5.00001907E-2 1.30255255E-4 2.2916458E-5 0 0 7.63550779E-5 4.02628103E-7 3.04198657E-5 1.61223326E-7
6.85000038 4.99999523E-2 4.13811649E-5 2.25614385E-5 0 0 1.31684728E-5 3.09451167E-7 5.21854463E-6 1.23256697E-7
6.94999981 4.99999523E-2 9.21757601E-5 2.22091767E-5 0 0 4.99032467E-5 2.76404762E-7 1.96773854E-5 1.09543976E-7
7.05000019 4.99999523E-2 7.69338294E-5 2.18602199E-5 0 3.76755452E-5 1.22469601E-5 2.472581E-7 4.80631434E-6 9.75301333E-8
7.14999962 4.99999523E-2 3.38875689E-5 1.88752019E-5 0 0 1.03438979E-5 1.9423095E-7 4.39135965E-6 8.28776905E-8
7.25 5.00001907E-2 3.29558497E-5 1.83565517E-5 0 0 1.00659427E-5 1.71914252E-7 4.28783596E-6 7.36037578E-8
7.35000038 4.99999523E-2 3.21441985E-5 1.8154924E-5 0 0 9.67679534E-6 1.54267696E-7 4.09263339E-6 6.55768702E-8
7.44999981 4.99999523E-2 3.16216392E-5 1.79507042E-5 0 0 9.48810975E-6 1.38664745E-7 3.9856186E-6 5.85445505E-8
7.55000019 4.99999523E-2 3.11285803E-5 1.77445236E-5 0 0 9.31799968E-6 1.24779689E-7 3.88893432E-6 5.23427097E-8
7.64999962 4.99999523E-2 3.06084366E-5 1.75369605E-5 0 0 9.12671931E-6 1.12217407E-7 3.78575396E-6 4.67845354E-8
7.75 5.00001907E-2 3.42357707E-5 1.73285189E-5 0 0 1.18698517E-5 1.00756061E-7 4.89488093E-6 4.17611474E-8
7.85000038 4.99999523E-2 4.72319116E-5 1.71196552E-5 0 0 2.12639643E-5 9.07706124E-8 8.72010696E-6 3.74134075E-8
7.94999981 4.99999523E-2 2.89760501E-5 1.69107843E-5 0 0 8.48804939E-6 8.14123737E-8 3.46242496E-6 3.33785373E-8
8.05000019 5.00001907E-2 2.87740477E-5 1.6702259E-5 0 0 8.51373079E-6 7.29341281E-8 3.4553716E-6 2.97515825E-8
8.15000057 5.00001907E-2 2.9488021E-5 1.64944086E-5 0 0 9.18986643E-6 6.53787069E-8 3.71182523E-6 2.65411071E-8
8.25 4.99997139E-2 3.80919591E-5 1.62875149E-5 0 0 1.54928384E-5 5.89364042E-8 6.22885318E-6 2.38157973E-8
8.35000038 5.00001907E-2 2.77947092E-5 1.60185227E-5 0 0 8.34938783E-6 5.43767875E-8 3.35048981E-6 2.19316636E-8
8.45000076 5.00001907E-2 2.8372895E-5 1.57911345E-5 0 0 8.93986544E-6 4.71291877E-8 3.57581962E-6 1.89469347E-8
8.55000114 4.99997139E-2 2.58035325E-5 1.55945127E-5 0 0 7.25860082E-6 4.2356163E-8 2.89110676E-6 1.69563457E-8
8.65000057 5.00001907E-2 2.81514676E-5 1.53992914E-5 0 0 9.09202117E-6 3.81658616E-8 3.60677086E-6 1.52172994E-8
8.75 4.99997139E-2 2.71531135E-5 1.520564E-5 0 0 8.52925859E-6 3.41629622E-8 3.37048368E-6 1.35687834E-8
8.85000038 5.00001907E-2 2.47883963E-5 1.50137139E-5 0 0 6.9826483E-6 3.07379473E-8 2.74913282E-6 1.21633965E-8
8.95000076 5.00001907E-2 2.52075552E-5 1.48236422E-5 0 0 7.4303689E-6 2.75959486E-8 2.91506672E-6 1.08814771E-8
9.05000114 4.99997139E-2 2.48965025E-5 1.46355451E-5 0 0 7.35188632E-6 2.48112162E-8 2.87450939E-6 9.75028769E-9
9.15000057 5.00001907E-2 2.43714712E-5 1.44495179E-5 0 0 7.11723078E-6 2.22706884E-8 2.77372737E-6 8.72350014E-9
9.25 4.99997139E-2 2.32673792E-5 1.42656463E-5 0 0 6.46297985E-6 2.00245687E-8 2.51090933E-6 7.81926346E-9
9.35000038 5.00001907E-2 2.28415574E-5 1.40839993E-5 0 0 6.29448186E-6 1.79498034E-8 2.43813975E-6 6.98815805E-9
9.45000076 5.00001907E-2 2.24152864E-5 1.3904636E-5 0 0 6.12320764E-6 1.61712173E-8 2.36499318E-6 6.27766328E-9
9.55000114 4.99997139E-2 2.21163791E-5 1.37276047E-5 0 0 6.04157776E-6 1.45335761E-8 2.32703542E-6 5.62638558E-9
9.65000057 5.00001907E-2 2.17662655E-5 1.35529472E-5 0 0 5.92079596E-6 1.3019581E-8 2.27447549E-6 5.02692732E-9
9.75 4.99997139E-2 2.12363739E-5 1.33806889E-5 0 0 5.66773087E-6 1.17220793E-8 2.17171873E-6 4.51443549E-9
9.85000038 5.00001907E-2 2.09505906E-5 1.32108526E-5 0 0 5.58887677E-6 1.05473337E-8 2.13626231E-6 4.05207157E-9
9.95000076 5.00001907E-2 2.05476572E-5 1.30434528E-5 0 0 5.42309181E-6 9.471262E-9 2.06801178E-6 3.63009778E-9
10.0500011 4.99997139E-2 2.02727206E-5 1.28806596E-5 0 0 5.34639503E-6 8.49240855E-9 2.03392688E-6 3.24720406E-9
10.1500006 5.00001907E-2 1.99091228E-5 1.27222665E-5 0 0 5.2019991E-6 7.66589725E-9 1.97426743E-6 2.92417313E-9
10.25 4.99997139E-2 1.95567154E-5 1.25659817E-5 0 0 5.06382275E-6 6.88003343E-9 1.9174131E-6 2.61837685E-9
10.3500004 5.00001907E-2 1.92391872E-5 1.24118214E-5 0 0 4.94902088E-6 6.19026519E-9 1.86980469E-6 2.35066433E-9
10.4500008 5.00001907E-2 1.89126804E-5 1.22598003E-5 0 0 4.82583073E-6 5.55639224E-9 1.81938742E-6 2.10547668E-9
10.5500011 4.99997139E-2 1.85868394E-5 1.21099247E-5 0 0 4.7012204E-6 5.01493203E-9 1.76878302E-6 1.89641525E-9
10.6500006 5.00001907E-2 1.82620588E-5 1.19622009E-5 0 0 4.57554961E-6 4.49945814E-9 1.71811064E-6 1.69813597E-9
10.75 4.99997139E-2 1.79417184E-5 1.18166236E-5 0 0 4.45124397E-6 4.05882794E-9 1.66826396E-6 1.52893276E-9
10.8500004 5.00001907E-2 1.76200556E-5 1.1673189E-5 0 0 4.32417801E-6 3.63950203E-9 1.61767969E-6 1.36847023E-9
10.9500008 5.00001907E-2 1.73301687E-5 1.15318899E-5 0 0 4.21842878E-6 3.27929195E-9 1.5753393E-6 1.23085764E-9
11.0500011 4.99997139E-2 1.70572857E-5 1.13927154E-5 0 0 4.12330564E-6 2.95579694E-9 1.53720134E-6 1.10755227E-9
11.1500006 5.00001907E-2 1.67909511E-5 1.12556527E-5 0 0 4.03122885E-6 2.66094036E-9 1.50041274E-6 9.95434846E-10
11.25 4.99997139E-2 1.65362399E-5 1.11206855E-5 0 0 3.94593599E-6 2.38282327E-9 1.46634602E-6 8.89984975E-10
11.3500004 5.00001907E-2 1.62841534E-5 1.09877974E-5 0 0 3.8608564E-6 2.15456697E-9 1.43254158E-6 8.0350393E-10
11.4500008 5.00001907E-2 1.60335549E-5 1.08569639E-5 0 0 3.77522088E-6 1.94190042E-9 1.39870497E-6 7.23127891E-10
11.5500011 4.99997139E-2 1.57844206E-5 1.07281703E-5 0 0 3.68903125E-6 1.74302739E-9 1.36482879E-6 6.48148424E-10
11.6500006 5.00001907E-2 1.55367397E-5 1.06013913E-5 0 0 3.60229092E-6 1.56808888E-9 1.33090703E-6 5.82296322E-10
11.75 4.99997139E-2 1.52904431E-5 1.04766013E-5 0 0 3.51497579E-6 1.41595957E-9 1.29692432E-6 5.2510668E-10
11.8500004 5.00001907E-2 1.50458591E-5 1.03537805E-5 0 0 3.42735734E-6 1.27522592E-9 1.26297346E-6 4.72309192E-10
11.9500008 5.00001907E-2 1.48026957E-5 1.02328995E-5 0 0 3.33924686E-6 1.14658749E-9 1.22897904E-6 4.24138336E-10
12.0500011 4.99997139E-2 1.45609793E-5 1.01139331E-5 0 0 3.25068299E-6 1.03257736E-9 1.19494894E-6 3.81506327E-10
12.1500006 5.00001907E-2 1.43234311E-5 9.99685562E-6 0 0 3.163683E-6 9.30470589E-10 1.16161868E-6 3.43382128E-10
12.25 4.99997139E-2 1.40905968E-5 9.88164174E-6 0 0 3.07867026E-6 8.39788239E-10 1.12913517E-6 3.09568648E-10
12.3500004 5.00001907E-2 1.38702198E-5 9.76825959E-6 0 0 3.00134684E-6 7.55351004E-10 1.09957989E-6 2.78140261E-10
12.4500008 5.00001907E-2 1.36635081E-5 9.65668278E-6 0 0 2.93262315E-6 6.80102585E-10 1.07327196E-6 2.50168358E-10
12.5500011 4.99997139E-2 1.34602869E-5 9.54688585E-6 0 0 2.86507907E-6 6.13054441E-10 1.04748415E-6 2.25275687E-10
12.6500006 5.00001907E-2 1.32681344E-5 9.43883788E-6 0 0 2.80429003E-6 5.54392698E-10 1.02424781E-6 2.03518563E-10
12.75 4.99997139E-2 1.30791541E-5 9.33251249E-6 0 0 2.74450736E-6 4.97965169E-10 1.00145428E-6 1.82629148E-10
12.8500004 5.00001907E-2 1.28922384E-5 9.22788058E-6 0 0 2.68493613E-6 4.4828094E-10 9.78809339E-7 1.64255082E-10
12.9500008 5.00001907E-2 1.27069579E-5 9.12491396E-6 0 0 2.62528579E-6 4.05409567E-10 9.56203849E-7 1.48413115E-10
13.0500011 4.99997139E-2 1.25231236E-5 9.02358533E-6 0 0 2.56544399E-6 3.6626821E-10 9.33593924E-7 1.33967407E-10
13.1500006 5.00001907E-2 1.23406135E-5 8.92386652E-6 0 0 2.50534504E-6 3.28633037E-10 9.10953304E-7 1.20100319E-10
13.25 4.99997139E-2 1.21593939E-5 8.82572931E-6 0 0 2.44498278E-6 2.96524666E-10 8.88276986E-7 1.08277408E-10
13.3500004 5.00001907E-2 1.19794759E-5 8.72914734E-6 0 0 2.38438861E-6 2.68299299E-10 8.65574123E-7 9.78929021E-11
13.4500008 5.00001907E-2 1.18028083E-5 8.6340915E-6 0 0 2.32501634E-6 2.42033477E-10 8.43369946E-7 8.8241317E-11
13.5500011 4.99997139E-2 1.16292422E-5 8.54053724E-6 0 0 2.26677867E-6 2.17537641E-10 8.21629158E-7 7.92511473E-11
13.6500006 5.00001907E-2 1.14570512E-5 8.44845727E-6 0 0 2.20842935E-6 1.96354016E-10 7.99897521E-7 7.14817303E-11
13.75 4.99997139E-2 1.12872322E-5 8.35782521E-6 0 0 2.15071964E-6 1.77593759E-10 7.78444928E-7 6.46064938E-11
13.8500004 5.00001907E-2 1.11283798E-5 8.26861196E-6 0 0 2.09998757E-6 1.60299912E-10 7.59561431E-7 5.8275211E-11
13.9500008 5.00001907E-2 1.09754828E-5 8.18079752E-6 0 0 2.0525722E-6 1.44239773E-10 7.41916608E-7 5.24017843E-11
14.0500011 4.99997139E-2 1.08249797E-5 8.09435187E-6 0 0 2.00588056E-6 1.30064223E-10 7.24570043E-7 4.72212616E-11
14.1500006 5.00001907E-2 1.06810576E-5 8.00925227E-6 0 0 1.96300743E-6 1.177341E-10 7.0863706E-7 4.27177703E-11
14.25 4.99997139E-2 1.05390009E-5 7.92547416E-6 0 0 1.92051016E-6 1.06413711E-10 6.92871538E-7 3.85867449E-11
14.3500004 5.00001907E-2 1.03984403E-5 7.842993E-6 0 0 1.878136E-6 9.56888249E-11 6.77180878E-7 3.46771431E-11
14.4500008 5.00001907E-2 1.02601616E-5 7.7617824E-6 0 0 1.83648251E-6 8.62523941E-11 6.61779325E-7 3.12393479E-11
14.5500011 4.99997139E-2 1.01243986E-5 7.68182235E-6 0 0 1.79573715E-6 7.82597875E-11 6.46732531E-7 2.83285929E-11
14.6500006 5.00001907E-2 9.98974974E-6 7.60308922E-6 0 0 1.75488935E-6 7.06883649E-11 6.31675221E-7 2.55738694E-11
14.75 4.99997139E-2 9.85623956E-6 7.52556025E-6 0 0 1.71397403E-6 6.35360584E-11 6.16618991E-7 2.29740393E-11
14.8500004 5.00001907E-2 9.72606722E-6 7.44921135E-6 0 0 1.67462713E-6 5.73329995E-11 6.0215126E-7 2.07203248E-11
14.9500008 5.00001907E-2 9.59698082E-6 7.37402206E-6 0 0 1.63520804E-6 5.20608973E-11 5.87680461E-7 1.88054745E-11
15.0500011 4.99997139E-2 9.46894215E-6 7.29997237E-6 0 0 1.59570425E-6 4.69916502E-11 5.73201305E-7 1.69660154E-11
15.1500006 5.00001907E-2 9.34274249E-6 7.22703862E-6 0 0 1.55671694E-6 4.22669434E-11 5.58928889E-7 1.5252891E-11
15.25 4.99997139E-2 9.21797619E-6 7.15520218E-6 0 0 1.51796223E-6 3.81657726E-11 5.44760269E-7 1.37664793E-11
15.3500004 5.00001907E-2 9.09451046E-6 7.08444031E-6 0 0 1.47935782E-6 3.46521145E-11 5.30665091E-7 1.2493423E-11
15.4500008 5.00001907E-2 8.98101189E-6 7.01473482E-6 0 0 1.44729927E-6 3.12804088E-11 5.18935622E-7 1.12728047E-11
15.5500011 4.99997139E-2 8.86876387E-6 6.94606615E-6 0 0 1.41538578E-6 2.8169491E-11 5.07274194E-7 1.01473196E-11
15.6500006 5.00001907E-2 8.7575736E-6 6.87841521E-6 0 0 1.38348969E-6 2.54182109E-11 4.9563431E-7 9.15239672E-12
15.75 4.99997139E-2 8.65137918E-6 6.81176243E-6 0 0 1.35452592E-6 2.3089107E-11 4.85059388E-7 8.3103472E-12
15.8500004 5.00001907E-2 8.54655627E-6 6.74608964E-6 0 0 1.32584069E-6 2.08668725E-11 4.74597613E-7 7.50751111E-12
15.9500008 4.99997139E-2 8.44274018E-6 6.68137864E-6 0 0 1.29717921E-6 1.878399E-11 4.64157182E-7 6.7554985E-12
16.0499992 5.00001907E-2 8.34002822E-6 6.6176126E-6 0 0 1.26862471E-6 1.69502797E-11 4.53767541E-7 6.09370627E-12
16.1500015 5.00001907E-2 8.23833398E-6 6.55477243E-6 0 0 1.24013002E-6 1.54134084E-11 4.43411182E-7 5.5391425E-12
16.25 5.00001907E-2 8.13902079E-6 6.49284175E-6 0 0 1.21270978E-6 1.39297237E-11 4.33450424E-7 5.00414033E-12
16.3500023 5.00001907E-2 8.04116007E-6 6.4318051E-6 0 0 1.18569335E-6 1.2538596E-11 4.23644735E-7 4.50280091E-12
16.4500008 4.99992371E-2 7.9449328E-6 6.37164567E-6 0 0 1.1592258E-6 1.13302224E-11 4.14045559E-7 4.06745644E-12
16.5499992 5.00001907E-2 7.84985968E-6 6.31234752E-6 0 0 1.13296721E-6 1.03060381E-11 4.04530795E-7 3.69854061E-12
16.6500015 5.00001907E-2 7.75588978E-6 6.25389293E-6 0 0 1.10689246E-6 9.31063039E-12 3.95091263E-7 3.34022306E-12
16.75 5.00001907E-2 7.66273206E-6 6.19626871E-6 0 0 1.08079848E-6 8.37913419E-12 3.85653948E-7 3.00508403E-12
16.8500023 5.00001907E-2 7.57037014E-6 6.1394594E-6 0 0 1.05468303E-6 7.57928182E-12 3.76217798E-7 2.71737689E-12
16.9500008 4.99992371E-2 7.47915146E-6 6.08344999E-6 0 0 1.02881427E-6 6.89120375E-12 3.66878197E-7 2.46992878E-12
17.0499992 5.00001907E-2 7.39241932E-6 6.02822593E-6 0 0 1.00566763E-6 6.22583408E-12 3.58517241E-7 2.23078392E-12
17.1500015 5.00001907E-2 7.30882357E-6 5.97377357E-6 0 0 9.84259259E-7 5.60859258E-12 3.50783097E-7 2.00903487E-12
17.25 5.00001907E-2 7.2259777E-6 5.92007746E-6 0 0 9.62841E-7 5.07253961E-12 3.43052278E-7 1.81650073E-12
17.3500023 5.00001907E-2 7.14450243E-6 5.86712531E-6 0 0 9.41880273E-7 4.61161708E-12 3.3549091E-7 1.65098339E-12
17.4500008 4.99992371E-2 7.06592755E-6 5.8149044E-6 0 0 9.22513891E-7 4.1696425E-12 3.28503575E-7 1.4923491E-12
17.5499992 5.00001907E-2 6.98818076E-6 5.76340153E-6 0 0 9.03224873E-7 3.75694918E-12 3.21549521E-7 1.34428612E-12
17.6500015 5.00001907E-2 6.91169407E-6 5.71260216E-6 0 0 8.84341887E-7 3.3977517E-12 3.14745506E-7 1.21544528E-12
17.75 5.00001907E-2 6.83647977E-6 5.66249582E-6 0 0 8.65882441E-7 3.08980836E-12 3.08097555E-7 1.10500758E-12
17.8500023 5.00001907E-2 6.76207219E-6 5.61306888E-6 0 0 8.47513093E-7 2.79515647E-12 3.01486637E-7 9.99383519E-13
17.9500008 4.99992371E-2 6.68834173E-6 5.56431041E-6 0 0 8.29146074E-7 2.5190607E-12 2.94881431E-7 9.00449583E-13
18.0499992 5.00001907E-2 6.61558215E-6 5.51620815E-6 0 0 8.11008476E-7 2.27761928E-12 2.88362543E-7 8.13952367E-13
18.1500015 5.00001907E-2 6.54353971E-6 5.46875026E-6 0 0 7.92920616E-7 2.07256955E-12 2.81865852E-7 7.40502115E-13
18.25 5.00001907E-2 6.47214119E-6 5.42192538E-6 0 0 7.74837815E-7 1.87498107E-12 2.75375356E-7 6.697544E-13
18.3500023 5.00001907E-2 6.40210919E-6 5.3757235E-6 0 0 7.5730054E-7 1.69039099E-12 2.6908296E-7 6.0368377E-13
18.4500008 4.99992371E-2 6.3328639E-6 5.33013326E-6 0 0 7.39889117E-7 1.52879445E-12 2.62839308E-7 5.45854865E-13
18.5499992 5.00001907E-2 6.26427118E-6 5.28514374E-6 0 0 7.22513391E-7 1.39097566E-12 2.56612196E-7 4.96541285E-13
18.6500015 5.00001907E-2 6.19639286E-6 5.24074494E-6 0 0 7.05225773E-7 1.25858091E-12 2.50420157E-7 4.49186505E-13
18.75 5.00001907E-2 6.13130351E-6 5.1969264E-6 0 0 6.89565809E-7 1.13575436E-12 2.44809627E-7 4.05267345E-13
18.8500023 5.00001907E-2 6.06863296E-6 5.1536781E-6 0 0 6.75267756E-7 1.02670932E-12 2.39685789E-7 3.66284179E-13
18.9500008 4.99992371E-2 6.00653038E-6 5.11099188E-6 0 0 6.60971921E-7 9.34173637E-13 2.34565746E-7 3.3320658E-13
19.0499992 5.00001907E-2 5.94498124E-6 5.0688559E-6 0 0 6.4667563E-7 8.45633839E-13 2.29448474E-7 3.01568097E-13
19.1500015 5.00001907E-2 5.88583544E-6 5.02726107E-6 0 0 6.33752052E-7 7.63747897E-13 2.2482098E-7 2.72315211E-13
19.25 5.00001907E-2 5.82789971E-6 4.9861992E-6 0 0 6.21326535E-7 6.899758E-13 2.20372741E-7 2.45966658E-13
19.3500023 5.00001907E-2 5.77049423E-6 4.9456612E-6 0 0 6.08904145E-7 6.27775067E-13 2.15928026E-7 2.23752847E-13
19.4500008 4.99992371E-2 5.71362852E-6 4.90563843E-6 0 0 5.96498069E-7 5.68861581E-13 2.11491454E-7 2.02719162E-13
19.5499992 5.00001907E-2 5.65755772E-6 4.86612134E-6 0 0 5.84303621E-7 5.13905921E-13 2.07132203E-7 1.83103681E-13
19.6500015 5.00001907E-2 5.60212993E-6 4.82710175E-6 0 0 5.72214844E-7 4.64055443E-13 2.02812629E-7 1.65314187E-13
19.75 5.00001907E-2 5.54721737E-6 4.788571E-6 0 0 5.60144031E-7 4.22306667E-13 1.98501525E-7 1.50416843E-13
19.8500023 5.00001907E-2 5.49277638E-6 4.75052275E-6 0 0 5.48063781E-7 3.82883856E-13 1.94189113E-7 1.36353182E-13
19.9500008 4.99992371E-2 5.43880969E-6 4.71294743E-6 0 0 5.35983247E-7 3.45985908E-13 1.89878634E-7 1.23193475E-13
20.0499992 5.00001907E-2 5.38535687E-6 4.67583823E-6 0 0 5.23936421E-7 3.12379083E-13 1.85582053E-7 1.11209964E-13
20.1500015 5.00001907E-2 5.33239427E-6 4.63918605E-6 0 0 5.11912447E-7 2.84239564E-13 1.8129542E-7 1.01176602E-13
20.25 5.00001907E-2 5.27989232E-6 4.60298406E-6 0 0 4.99895066E-7 2.57858947E-13 1.77012978E-7 9.17725707E-14
20.3500023 5.00001907E-2 5.2283558E-6 4.56722546E-6 0 0 4.88261776E-7 2.33103738E-13 1.72868312E-7 8.2949984E-14
20.4500008 4.99992371E-2 5.17745002E-6 4.53190296E-6 0 0 4.76770936E-7 2.10422324E-13 1.68775728E-7 7.4868036E-14
20.5499992 5.00001907E-2 5.12919178E-6 4.49700929E-6 0 0 4.66917783E-7 1.91416165E-13 1.65264467E-7 6.80960686E-14
20.6500015 5.00001907E-2 5.08194034E-6 4.46253671E-6 0 0 4.574961E-7 1.73748507E-13 1.61907295E-7 6.18022885E-14
20.75 5.00001907E-2 5.03540787E-6 4.42847977E-6 0 0 4.48297754E-7 1.57178862E-13 1.58630527E-7 5.59008914E-14
20.8500023 5.00001907E-2 4.98931695E-6 4.39483028E-6 0 0 4.39123227E-7 1.41818035E-13 1.55363452E-7 5.04310881E-14
20.9500008 4.99992371E-2 4.94458527E-6 4.36158416E-6 0 0 4.30654069E-7 1.29026117E-13 1.5234717E-7 4.58762463E-14
21.0499992 5.00001907E-2 4.90043521E-6 4.32873276E-6 0 0 4.22321733E-7 1.17167628E-13 1.49380426E-7 4.16545359E-14
21.1500015 5.00001907E-2 4.85689952E-6 4.29627016E-6 0 0 4.14155551E-7 1.06036606E-13 1.46473553E-7 3.76925901E-14
21.25 5.00001907E-2 4.81376037E-6 4.26419092E-6 0 0 4.05998236E-7 9.56200519E-14 1.43570887E-7 3.39856554E-14
21.3500023 5.00001907E-2 4.77102458E-6 4.23248866E-6 0 0 3.97859878E-7 8.70283324E-14 1.40675965E-7 3.09282154E-14
21.4500008 4.99992371E-2 4.72870397E-6 4.20115794E-6 0 0 3.89752813E-7 7.90533614E-14 1.37793108E-7 2.80907279E-14
21.5499992 5.00001907E-2 4.68682629E-6 4.17019191E-6 0 0 3.8170279E-7 7.15686191E-14 1.34931412E-7 2.54281476E-14
21.6500015 5.00001907E-2 4.64534833E-6 4.1395856E-6 0 0 3.73681786E-7 6.45173747E-14 1.32080885E-7 2.29202372E-14
21.75 5.00001907E-2 4.60423871E-6 4.10933353E-6 0 0 3.65670672E-7 5.87356363E-14 1.29234792E-7 2.08638953E-14
21.8500023 5.00001907E-2 4.56347561E-6 4.0794298E-6 0 0 3.57657171E-7 5.33630757E-14 1.26388741E-7 1.8953382E-14
21.9500008 4.99992371E-2 4.52305767E-6 4.0498694E-6 0 0 3.49644381E-7 4.83236464E-14 1.23543813E-7 1.71616329E-14
22.0499992 5.00001907E-2 4.48301125E-6 4.02064643E-6 0 0 3.41656289E-7 4.35643004E-14 1.20708492E-7 1.54697574E-14
22.1500015 5.00001907E-2 4.44335819E-6 3.99175588E-6 0 0 3.33712649E-7 3.96572898E-14 1.17889677E-7 1.40809046E-14
22.25 5.00001907E-2 4.4042763E-6 3.96319365E-6 0 0 3.25947667E-7 3.60336455E-14 1.1513476E-7 1.27929648E-14
22.3500023 5.00001907E-2 4.36668552E-6 3.93495384E-6 0 0 3.19046251E-7 3.26474145E-14 1.12685633E-7 1.1589591E-14
22.4500008 4.99992371E-2 4.33042078E-6 3.9070319E-6 0 0 3.12888915E-7 2.94326941E-14 1.10499968E-7 1.0447356E-14
22.5499992 5.00001907E-2 4.2944821E-6 3.87942282E-6 0 0 3.06741043E-7 2.67850791E-14 1.08318268E-7 9.50664294E-15
22.6500015 5.00001907E-2 4.25894541E-6 3.85212161E-6 0 0 3.00661952E-7 2.43434897E-14 1.06161458E-7 8.63924224E-15
22.75 5.00001907E-2 4.22413495E-6 3.82512462E-6 0 0 2.94895017E-7 2.20671666E-14 1.04115436E-7 7.83066544E-15
22.8500023 5.00001907E-2 4.18990521E-6 3.79842595E-6 0 0 2.89335816E-7 1.99002226E-14 1.02143296E-7 7.06106231E-15
22.9500008 4.99992371E-2 4.15607838E-6 3.77202241E-6 0 0 2.83856252E-7 1.80972181E-14 1.00199806E-7 6.42073336E-15
23.0499992 5.00001907E-2 4.12259442E-6 3.74590923E-6 0 0 2.78414944E-7 1.64539724E-14 9.82703199E-8 5.83720558E-15
23.1500015 5.00001907E-2 4.0893965E-6 3.72008139E-6 0 0 2.7297375E-7 1.49213188E-14 9.63413598E-8 5.29301953E-15
23.25 5.00001907E-2 4.05651599E-6 3.69453574E-6 0 0 2.67558363E-7 1.34676146E-14 9.44219778E-8 4.77693844E-15
23.3500023 5.00001907E-2 4.0239579E-6 3.66926724E-6 0 0 2.6217586E-7 1.22366123E-14 9.25146821E-8 4.33993805E-15
23.4500008 4.99992371E-2 3.99170676E-6 3.64427319E-6 0 0 2.56817287E-7 1.11259641E-14 9.06162612E-8 3.94569885E-15
23.5499992 5.00001907E-2 3.95976258E-6 3.61954812E-6 0 0 2.51486256E-7 1.00950666E-14 8.87279938E-8 3.57981069E-15
23.6500015 5.00001907E-2 3.92808261E-6 3.59508863E-6 0 0 2.46154201E-7 9.11958954E-15 8.68398118E-8 3.23363721E-15
23.75 5.00001907E-2 3.89666411E-6 3.57089084E-6 0 0 2.40821464E-7 8.27933794E-15 8.49517932E-8 2.93546806E-15
23.8500023 5.00001907E-2 3.86572447E-6 3.54695135E-6 0 0 2.35651484E-7 7.52539392E-15 8.31215914E-8 2.66794774E-15
23.9500008 4.99992371E-2 3.83507586E-6 3.52326606E-6 0 0 2.30508348E-7 6.83239857E-15 8.1301252E-8 2.42207822E-15
24.0499992 5.00001907E-2 3.80467804E-6 3.49983202E-6 0 0 2.25365E-7 6.17777424E-15 7.94812109E-8 2.18985037E-15
24.1500015 5.00001907E-2 3.77453625E-6 3.476644E-6 0 0 2.20228301E-7 5.60359008E-15 7.76638842E-8 1.98617156E-15
24.25 5.00001907E-2 3.74563456E-6 3.45369995E-6 0 0 2.15827882E-7 5.09355978E-15 7.61065451E-8 1.80526205E-15
24.3500023 5.00001907E-2 3.71718193E-6 3.430996E-6 0 0 2.11581977E-7 4.62593957E-15 7.4604003E-8 1.63941088E-15
24.4500008 4.99992371E-2 3.68901829E-6 3.40852921E-6 0 0 2.07373915E-7 4.18626256E-15 7.31151033E-8 1.48348736E-15
24.5499992 5.00001907E-2 3.6613153E-6 3.38629525E-6 0 0 2.0333411E-7 3.79399694E-15 7.16858182E-8 1.34438719E-15
24.6500015 5.00001907E-2 3.63412528E-6 3.36429162E-6 0 0 1.99503276E-7 3.44955502E-15 7.03304721E-8 1.22225256E-15
24.75 5.00001907E-2 3.60733475E-6 3.34251467E-6 0 0 1.95799885E-7 3.13298768E-15 6.90203095E-8 1.11001169E-15
24.8500023 5.00001907E-2 3.58077409E-6 3.32096124E-6 0 0 1.92100856E-7 2.83739795E-15 6.77119232E-8 1.00521868E-15
24.9500008 4.99992371E-2 3.55454745E-6 3.29962904E-6 0 0 1.88485259E-7 2.57017854E-15 6.64332021E-8 9.1049075E-16
25.0499992 5.00001907E-2 3.52854818E-6 3.27851444E-6 0 0 1.84876697E-7 2.33686946E-15 6.5157181E-8 8.27787723E-16
25.1500015 5.00001907E-2 3.50276764E-6 3.25761425E-6 0 0 1.81270906E-7 2.12235159E-15 6.38823607E-8 7.51752011E-16
25.25 5.00001907E-2 3.4772263E-6 3.23692552E-6 0 0 1.77685664E-7 1.92359636E-15 6.26150083E-8 6.81309522E-16
25.3500023 5.00001907E-2 3.45189733E-6 3.21644507E-6 0 0 1.74103377E-7 1.74165962E-15 6.13489206E-8 6.16832739E-16
25.4500008 4.99992371E-2 3.42688099E-6 3.19617106E-6 0 0 1.70599208E-7 1.58355573E-15 6.01105583E-8 5.60804527E-16
25.5499992 5.00001907E-2 3.40214365E-6 3.17609988E-6 0 0 1.67151413E-7 1.43802562E-15 5.88922688E-8 5.09236155E-16
25.6500015 5.00001907E-2 3.37764004E-6 3.15622947E-6 0 0 1.63727833E-7 1.3044535E-15 5.76826977E-8 4.61908613E-16
25.75 5.00001907E-2 3.35333448E-6 3.13655573E-6 0 0 1.60305021E-7 1.18051257E-15 5.64735956E-8 4.17997154E-16
25.8500023 5.00001907E-2 3.32923787E-6 3.11707777E-6 0 0 1.56892057E-7 1.07325501E-15 5.52681385E-8 3.79997906E-16
25.9500008 4.99992371E-2 3.30537227E-6 3.09779193E-6 0 0 1.53507457E-7 9.74949745E-16 5.40728635E-8 3.45172782E-16
26.0499992 5.00001907E-2 3.28169654E-6 3.07869595E-6 0 0 1.5012273E-7 8.84801405E-16 5.287772E-8 3.13239454E-16
26.1500015 5.00001907E-2 3.25867336E-6 3.05978688E-6 0 0 1.47082375E-7 8.00351373E-16 5.18040331E-8 2.83327068E-16
26.25 5.00001907E-2 3.23611516E-6 3.04106288E-6 0 0 1.4424883E-7 7.27757791E-16 5.08033438E-8 2.57615065E-16
26.3500023 5.00001907E-2 3.21374364E-6 3.02252056E-6 0 0 1.41418909E-7 6.61141614E-16 4.98040826E-8 2.3402181E-16
26.4500008 4.99992371E-2 3.19155447E-6 3.00415877E-6 0 0 1.38590238E-7 6.00314749E-16 4.88053935E-8 2.12480266E-16
26.5499992 5.00001907E-2 3.16960973E-6 2.98597411E-6 0 0 1.35811291E-7 5.43177612E-16 4.78243614E-8 1.92247005E-16
26.6500015 5.00001907E-2 3.14822728E-6 2.96796452E-6 0 0 1.3331848E-7 4.93792044E-16 4.69442156E-8 1.74759269E-16
26.75 5.00001907E-2 3.12706652E-6 2.95012819E-6 0 0 1.30861523E-7 4.48427395E-16 4.60768099E-8 1.58696374E-16
26.8500023 5.00001907E-2 3.1060797E-6 2.93246217E-6 0 0 1.28407137E-7 4.07482299E-16 4.52104345E-8 1.4419914E-16
26.9500008 4.99992371E-2 3.08533208E-6 2.91496485E-6 0 0 1.26004764E-7 3.68770961E-16 4.43624799E-8 1.30493843E-16
27.0499992 5.00001907E-2 3.06477227E-6 2.89763375E-6 0 0 1.23618236E-7 3.35117786E-16 4.35202203E-8 1.18579716E-16
27.1500015 5.00001907E-2 3.04444256E-6 2.88046635E-6 0 0 1.21280848E-7 3.04373481E-16 4.26953619E-8 1.07696037E-16
27.25 5.00001907E-2 3.02429703E-6 2.86346153E-6 0 0 1.18959264E-7 2.76619547E-16 4.18761736E-8 9.78714542E-17
27.3500023 5.00001907E-2 3.00431861E-6 2.8466161E-6 0 0 1.16643427E-7 2.50315732E-16 4.1059117E-8 8.85608681E-17
27.4500008 4.99992371E-2 2.9845346E-6 2.82992846E-6 0 0 1.14354535E-7 2.27473742E-16 4.02516385E-8 8.04759055E-17
27.5499992 5.00001907E-2 2.96494636E-6 2.81339749E-6 0 0 1.12094497E-7 2.06599568E-16 3.94544095E-8 7.30878327E-17
27.6500015 5.00001907E-2 2.94552137E-6 2.79701953E-6 0 0 1.09841828E-7 1.87767127E-16 3.865987E-8 6.64227157E-17
27.75 5.00001907E-2 2.92624827E-6 2.78079347E-6 0 0 1.07589173E-7 1.69994549E-16 3.78654263E-8 6.01331189E-17
27.8500023 5.00001907E-2 2.90712615E-6 2.76471837E-6 0 0 1.05336589E-7 1.54481406E-16 3.70710964E-8 5.46432833E-17
27.9500008 4.99992371E-2 2.88815158E-6 2.74879085E-6 0 0 1.03083877E-7 1.40305515E-16 3.62768091E-8 4.96269391E-17
28.0499992 5.00001907E-2 2.869323E-6 2.73300975E-6 0 0 1.00830803E-7 1.27510381E-16 3.54824827E-8 4.50993958E-17
28.1500015 5.00001907E-2 2.85111287E-6 2.71737258E-6 0 0 9.8928453E-8 1.15535784E-16 3.48116522E-8 4.08624476E-17
28.25 5.00001907E-2 2.83306395E-6 2.70187843E-6 0 0 9.70397451E-8 1.04923387E-16 3.41456996E-8 3.71076168E-17
28.3500023 5.00001907E-2 2.81516577E-6 2.68652525E-6 0 0 9.51581569E-8 9.52957528E-17 3.34823191E-8 3.37013631E-17
28.4500008 4.99992371E-2 2.79741334E-6 2.67131122E-6 0 0 9.32814146E-8 8.65970685E-17 3.2820715E-8 3.06239005E-17
28.5499992 5.00001907E-2 2.77987419E-6 2.65623453E-6 0 0 9.14608904E-8 7.85391514E-17 3.21789564E-8 2.77732773E-17
28.6500015 5.00001907E-2 2.76259129E-6 2.64129312E-6 0 0 8.9729447E-8 7.12745469E-17 3.15686037E-8 2.52034091E-17
28.75 5.00001907E-2 2.74548324E-6 2.62648655E-6 0 0 8.80278961E-8 6.47484889E-17 3.09688275E-8 2.28948853E-17
28.8500023 5.00001907E-2 2.7286535E-6 2.61181185E-6 0 0 8.64345324E-8 5.88143746E-17 3.04071719E-8 2.07958483E-17
28.9500008 4.99992371E-2 2.71198269E-6 2.59726812E-6 0 0 8.48618527E-8 5.33946607E-17 2.98528491E-8 1.8878849E-17
29.0499992 5.00001907E-2 2.69546422E-6 2.58285354E-6 0 0 8.33060412E-8 4.84196028E-17 2.93045126E-8 1.71192075E-17
29.1500015 5.00001907E-2 2.67908445E-6 2.56856652E-6 0 0 8.17585999E-8 4.40216092E-17 2.87591746E-8 1.55637159E-17
29.25 5.00001907E-2 2.66286247E-6 2.55440614E-6 0 0 8.02341944E-8 3.99487737E-17 2.82219847E-8 1.41232917E-17
29.3500023 5.00001907E-2 2.64677715E-6 2.54037013E-6 0 0 7.87189265E-8 3.63119286E-17 2.76880598E-8 1.28371053E-17
29.4500008 4.99992371E-2 2.63081597E-6 2.52645691E-6 0 0 7.72045183E-8 3.29236611E-17 2.7154492E-8 1.16388886E-17
29.5499992 5.00001907E-2 2.6149844E-6 2.51266601E-6 0 0 7.5695489E-8 2.9932265E-17 2.6622855E-8 1.05810462E-17
29.6500015 5.00001907E-2 2.59927765E-6 2.49899517E-6 0 0 7.41901331E-8 2.71623084E-17 2.60925628E-8 9.60155686E-18
29.75 5.00001907E-2 2.58369619E-6 2.48544211E-6 0 0 7.26899643E-8 2.47003807E-17 2.5564141E-8 8.73101627E-18
29.8500023 5.00001907E-2 2.5682325E-6 2.47200728E-6 0 0 7.11895751E-8 2.23968051E-17 2.50356802E-8 7.91650476E-18
29.9500008 4.99992371E-2 2.55288455E-6 2.45868819E-6 0 0 6.96890297E-8 2.03628226E-17 2.45072123E-8 7.19733739E-18
30.0499992 5.00001907E-2 2.53765302E-6 2.44548391E-6 0 0 6.81898129E-8 1.84774116E-17 2.39792541E-8 6.5307299E-18
30.1500015 5.00001907E-2 2.52283667E-6 2.43239288E-6 0 0 6.69140192E-8 1.6801868E-17 2.35298998E-8 5.93833872E-18
30.25 5.00001907E-2 2.5081622E-6 2.41941348E-6 0 0 6.56603305E-8 1.52359902E-17 2.30883597E-8 5.38474478E-18
30.3500023 5.00001907E-2 2.49359914E-6 2.40654526E-6 0 0 6.44070255E-8 1.38531279E-17 2.26469847E-8 4.8958645E-18
30.4500008 4.99992371E-2 2.47916682E-6 2.39378573E-6 0 0 6.31696935E-8 1.25703751E-17 2.22112639E-8 4.44239457E-18
30.5499992 5.00001907E-2 2.46489208E-6 2.38113466E-6 0 0 6.19689899E-8 1.14290677E-17 2.17884555E-8 4.03893847E-18
30.6500015 5.00001907E-2 2.45082424E-6 2.36859046E-6 0 0 6.08421615E-8 1.03651554E-17 2.13916547E-8 3.66285667E-18
30.75 5.00001907E-2 2.43686372E-6 2.35615175E-6 0 0 5.97166832E-8 9.42479829E-18 2.09953566E-8 3.33045848E-18
30.8500023 5.00001907E-2 2.42302326E-6 2.34381741E-6 0 0 5.86027511E-8 8.55174307E-18 2.06031459E-8 3.02186159E-18
30.9500008 4.99992371E-2 2.40929853E-6 2.33158607E-6 0 0 5.74981378E-8 7.77445386E-18 2.02142427E-8 2.74712224E-18
31.0499992 5.00001907E-2 2.39577753E-6 2.31945705E-6 0 0 5.64686076E-8 7.05147567E-18 1.98517629E-8 2.49158898E-18
31.1500015 5.00001907E-2 2.38237317E-6 2.30742876E-6 0 0 5.54508972E-8 6.4119629E-18 1.94934646E-8 2.26556146E-18
31.25 5.00001907E-2 2.36907044E-6 2.29550028E-6 0 0 5.44345902E-8 5.82131789E-18 1.91356833E-8 2.05681272E-18
31.3500023 5.00001907E-2 2.3558714E-6 2.28367026E-6 0 0 5.34219886E-8 5.28848991E-18 1.87792324E-8 1.8685034E-18
31.4500008 4.99992371E-2 2.34277422E-6 2.271938E-6 0 0 5.24123891E-8 4.79963899E-18 1.84238598E-8 1.69574145E-18
31.5499992 5.00001907E-2 2.32977413E-6 2.26030193E-6 0 0 5.14033829E-8 4.36211504E-18 1.80687199E-8 1.54112268E-18
31.6500015 5.00001907E-2 2.31687318E-6 2.24876112E-6 0 0 5.03974675E-8 3.96424778E-18 1.77146902E-8 1.40052235E-18
31.75 5.00001907E-2 2.30407022E-6 2.23731445E-6 0 0 4.93941847E-8 3.59737292E-18 1.73616073E-8 1.27087843E-18
31.8500023 5.00001907E-2 2.29136572E-6 2.22596077E-6 0 0 4.83950231E-8 3.26905087E-18 1.70100005E-8 1.15486097E-18
31.9500008 4.99992371E-2 2.27875739E-6 2.21469963E-6 0 0 4.73983981E-8 2.96857234E-18 1.66593033E-8 1.04868531E-18
32.0499992 4.99992371E-2 2.26624161E-6 2.2035299E-6 0 0 4.64027607E-8 2.70021737E-18 1.63089755E-8 9.5386291E-19
32.1500015 5.00011444E-2 2.25393092E-6 2.19244976E-6 0 0 4.54924844E-8 2.44856235E-18 1.59886699E-8 8.64944509E-19
32.25 4.99992371E-2 2.241836E-6 2.18145897E-6 0 0 4.46758328E-8 2.22698114E-18 1.57012874E-8 7.86653622E-19
32.3499985 4.99992371E-2 2.22982953E-6 2.17055617E-6 0 0 4.38593979E-8 2.0223503E-18 1.54140007E-8 7.14353952E-19
32.4499969 5.00011444E-2 2.21791106E-6 2.15974069E-6 0 0 4.30434923E-8 1.83957151E-18 1.51269148E-8 6.49776427E-19
32.5499992 4.99992371E-2 2.20608331E-6 2.14901092E-6 0 0 4.22311395E-8 1.66775369E-18 1.48410972E-8 5.89073571E-19
32.6500015 5.00011444E-2 2.19441085E-6 2.13836688E-6 0 0 4.14704964E-8 1.51702329E-18 1.4573466E-8 5.358217E-19
32.75 4.99992371E-2 2.18284731E-6 2.12780719E-6 0 0 4.07278229E-8 1.37765577E-18 1.43121666E-8 4.86585635E-19
32.8499985 4.99992371E-2 2.17136767E-6 2.11733095E-6 0 0 3.99856752E-8 1.25312962E-18 1.40510652E-8 4.4259374E-19
32.9499969 5.00011444E-2 2.15997943E-6 2.10693702E-6 0 0 3.92499935E-8 1.13608604E-18 1.37922544E-8 4.01246523E-19
33.0499992 4.99992371E-2 2.14867782E-6 2.09662517E-6 0 0 3.85180208E-8 1.03332457E-18 1.35347573E-8 3.64945236E-19
33.1500015 5.00011444E-2 2.1374708E-6 2.08639358E-6 0 0 3.77964575E-8 9.38405903E-19 1.32809346E-8 3.31415418E-19
33.25 4.99992371E-2 2.12638429E-6 2.07624225E-6 0 0 3.71044884E-8 8.53613686E-19 1.30375222E-8 3.0146326E-19
33.3499985 4.99992371E-2 2.11539555E-6 2.06616983E-6 0 0 3.64265418E-8 7.74221046E-19 1.27990525E-8 2.7341933E-19
33.4499969 5.00011444E-2 2.10448934E-6 2.05617584E-6 0 0 3.57518068E-8 7.03795199E-19 1.25617206E-8 2.48543191E-19
33.5499992 4.99992371E-2 2.09366158E-6 2.04625917E-6 0 0 3.50777682E-8 6.39159151E-19 1.2324648E-8 2.25712696E-19
33.6500015 5.00011444E-2 2.08291476E-6 2.03641912E-6 0 0 3.44070337E-8 5.81436575E-19 1.20887478E-8 2.05324542E-19
33.75 4.99992371E-2 2.0722448E-6 2.02665456E-6 0 0 3.37372228E-8 5.27889089E-19 1.18531833E-8 1.86411549E-19
33.8499985 4.99992371E-2 2.0616551E-6 2.01696503E-6 0 0 3.30712773E-8 4.79312649E-19 1.16189911E-8 1.69254711E-19
33.9499969 5.00011444E-2 2.05115498E-6 2.00734985E-6 0 0 3.24164482E-8 4.35583126E-19 1.1388714E-8 1.53810047E-19
34.0499992 4.99992371E-2 2.0407324E-6 1.99780789E-6 0 0 3.17648805E-8 3.97767789E-19 1.11595932E-8 1.4045435E-19
34.1500015 5.00011444E-2 2.03038326E-6 1.98833868E-6 0 0 3.11139274E-8 3.61637418E-19 1.09307017E-8 1.27694133E-19
34.25 4.99992371E-2 2.02021624E-6 1.9789411E-6 0 0 3.0544637E-8 3.25987278E-19 1.07305071E-8 1.15103979E-19
34.3499985 4.99992371E-2 2.01016019E-6 1.96961514E-6 0 0 3.0004486E-8 2.71865859E-19 1.05405586E-8 9.59923326E-20
34.4499969 5.00011444E-2 2.00017598E-6 1.96035921E-6 0 0 2.94657436E-8 2.49478914E-19 1.03511155E-8 8.80862243E-20
34.5499992 4.99992371E-2 1.99026272E-6 1.95117286E-6 0 0 2.89279516E-8 2.27267098E-19 1.01620152E-8 8.02422515E-20
34.6500015 5.00011444E-2 1.98045632E-6 1.94205563E-6 0 0 2.84180519E-8 2.05157232E-19 9.98271954E-9 7.24345583E-20
34.75 4.99992371E-2 1.97073859E-6 1.93300639E-6 0 0 2.79233188E-8 1.85068039E-19 9.8087618E-9 6.53405863E-20
34.8499985 4.99992371E-2 1.96109181E-6 1.9240249E-6 0 0 2.74312768E-8 1.69844827E-19 9.63575708E-9 5.99648235E-20
34.9499969 5.00011444E-2 1.95151256E-6 1.91511049E-6 0 0 2.6939297E-8 1.54966097E-19 9.46277989E-9 5.47108631E-20
35.0499992 4.99992371E-2 1.94199924E-6 1.90626201E-6 0 0 2.64472693E-8 1.4009043E-19 9.28979382E-9 4.9458179E-20
35.1500015 5.00011444E-2 1.932553E-6 1.89747902E-6 0 0 2.59567248E-8 1.25970586E-19 9.117338E-9 4.44725158E-20
35.25 4.99992371E-2 1.92317589E-6 1.88876072E-6 0 0 2.54691876E-8 1.15619002E-19 8.94594532E-9 4.08173436E-20
35.3499985 4.99992371E-2 1.91387562E-6 1.88010711E-6 0 0 2.49908059E-8 1.05653298E-19 8.77777406E-9 3.72985206E-20
35.4499969 5.00011444E-2 1.90464243E-6 1.87151636E-6 0 0 2.4515403E-8 9.56880335E-20 8.61065796E-9 3.37799753E-20
35.5499992 4.99992371E-2 1.89550724E-6 1.86298894E-6 0 0 2.40657236E-8 8.60480642E-20 8.45258263E-9 3.03763824E-20
35.6500015 5.00011444E-2 1.88643855E-6 1.85452348E-6 0 0 2.36194406E-8 7.86947194E-20 8.29570723E-9 2.77800983E-20
35.75 4.99992371E-2 1.8774407E-6 1.84611986E-6 0 0 2.31796768E-8 7.20191909E-20 8.14112688E-9 2.54231748E-20
35.8499985 4.99992371E-2 1.86850468E-6 1.83777729E-6 0 0 2.27405206E-8 6.53390806E-20 7.98676592E-9 2.306471E-20
35.9499969 5.00011444E-2 1.85963086E-6 1.82949532E-6 0 0 2.23026895E-8 5.88224613E-20 7.83287657E-9 2.07640283E-20
36.0499992 4.99992371E-2 1.85081922E-6 1.82127303E-6 0 0 2.18665246E-8 5.35454367E-20 7.67957786E-9 1.89009849E-20
36.1500015 5.00011444E-2 1.84207101E-6 1.81310963E-6 0 0 2.14338272E-8 4.9074742E-20 7.52750395E-9 1.73226257E-20
36.25 4.99992371E-2 1.83338352E-6 1.80500535E-6 0 0 2.1002311E-8 4.46000664E-20 7.37584926E-9 1.5742903E-20
36.3499985 4.99992371E-2 1.82483393E-6 1.79695905E-6 0 0 2.06299404E-8 4.02042736E-20 7.24497129E-9 1.41910767E-20
36.4499969 5.00011444E-2 1.81635824E-6 1.78896994E-6 0 0 2.02698125E-8 3.64296869E-20 7.11839876E-9 1.28585622E-20
36.5499992 4.99992371E-2 1.80793961E-6 1.78103812E-6 0 0 1.99097094E-8 3.34359005E-20 6.99183822E-9 1.18016823E-20
36.6500015 5.00011444E-2 1.79958045E-6 1.77316258E-6 0 0 1.9551786E-8 3.04404727E-20 6.86604862E-9 1.0744253E-20
36.75 4.99992371E-2 1.79129745E-6 1.76534274E-6 0 0 1.92090699E-8 2.74805329E-20 6.74560363E-9 9.69938173E-21
36.8499985 4.99992371E-2 1.78308881E-6 1.75757816E-6 0 0 1.88805167E-8 2.47968278E-20 6.63013733E-9 8.75203698E-21
36.9499969 5.00011444E-2 1.77493507E-6 1.74986837E-6 0 0 1.85519387E-8 2.27836528E-20 6.51466481E-9 8.04137897E-21
37.0499992 4.99992371E-2 1.76683614E-6 1.74221293E-6 0 0 1.82238242E-8 2.07779967E-20 6.39935971E-9 7.33339557E-21
37.1500015 5.00011444E-2 1.75879086E-6 1.73461103E-6 0 0 1.78957453E-8 1.87802198E-20 6.28407104E-9 6.62821238E-21
37.25 4.99992371E-2 1.75079981E-6 1.72706234E-6 0 0 1.75684409E-8 1.68953336E-20 6.1690586E-9 5.96289098E-21
37.3499985 4.99992371E-2 1.74286288E-6 1.71956628E-6 0 0 1.72421295E-8 1.55222268E-20 6.05439832E-9 5.47820838E-21
37.4499969 5.00011444E-2 1.73498825E-6 1.71212264E-6 0 0 1.69232095E-8 1.41787142E-20 5.94233684E-9 5.00398307E-21
37.5499992 4.99992371E-2 1.72717387E-6 1.70473038E-6 0 0 1.66108372E-8 1.28350861E-20 5.83257886E-9 4.52972989E-21
37.6500015 5.00011444E-2 1.71941201E-6 1.69738951E-6 0 0 1.62993157E-8 1.15423102E-20 5.72312286E-9 4.07343558E-21
37.75 4.99992371E-2 1.711707E-6 1.69009934E-6 0 0 1.5992331E-8 1.05730694E-20 5.61526292E-9 3.73133137E-21
37.8499985 4.99992371E-2 1.70407066E-6 1.68285942E-6 0 0 1.5699019E-8 9.67311148E-21 5.51220758E-9 3.41368634E-21
37.9499969 5.00011444E-2 1.69648752E-6 1.67566918E-6 0 0 1.54083182E-8 8.77311877E-21 5.41007195E-9 3.09603767E-21
38.0499992 4.99992371E-2 1.68895428E-6 1.66852806E-6 0 0 1.51181023E-8 7.90114439E-21 5.3081104E-9 2.78828428E-21
38.1500015 5.00011444E-2 1.6814713E-6 1.66143593E-6 0 0 1.48288608E-8 7.20187385E-21 5.20649301E-9 2.54148436E-21
38.25 4.99992371E-2 1.67403743E-6 1.65439201E-6 0 0 1.45403769E-8 6.59892785E-21 5.1051452E-9 2.32868225E-21
38.3499985 4.99992371E-2 1.66665177E-6 1.64739606E-6 0 0 1.42519276E-8 5.99595963E-21 5.00381248E-9 2.11587752E-21
38.4499969 5.00011444E-2 1.65934432E-6 1.64044752E-6 0 0 1.39862983E-8 5.40576182E-21 4.91049468E-9 1.90758431E-21
38.5499992 4.99992371E-2 1.65212043E-6 1.63354616E-6 0 0 1.37476173E-8 4.90350446E-21 4.82664042E-9 1.73032815E-21
38.6500015 5.00011444E-2 1.64494338E-6 1.6266913E-6 0 0 1.35092186E-8 4.49967351E-21 4.74288786E-9 1.58780822E-21
38.75 4.99992371E-2 1.63781249E-6 1.61988248E-6 0 0 1.32708422E-8 4.09584337E-21 4.65914596E-9 1.44529183E-21
38.8499985 4.99992371E-2 1.63072855E-6 1.61311948E-6 0 0 1.30333833E-8 3.69844246E-21 4.57572824E-9 1.30504746E-21
38.9499969 5.00011444E-2 1.62371464E-6 1.60640172E-6 0 0 1.28141684E-8 3.33907772E-21 4.49871784E-9 1.1782278E-21
39.0499992 4.99992371E-2 1.61674632E-6 1.59972899E-6 0 0 1.25954163E-8 3.06852826E-21 4.4218722E-9 1.08275004E-21
39.1500015 5.00011444E-2 1.60982245E-6 1.59310048E-6 0 0 1.23768285E-8 2.79797275E-21 4.34508651E-9 9.87272272E-22
39.25 4.99992371E-2 1.60294667E-6 1.58651608E-6 0 0 1.21611965E-8 2.5296409E-21 4.26934044E-9 8.92581296E-22
39.3499985 4.99992371E-2 1.59611648E-6 1.57997556E-6 0 0 1.19468941E-8 2.27643134E-21 4.19406332E-9 8.0322817E-22
39.4499969 5.00011444E-2 1.58932949E-6 1.57347813E-6 0 0 1.17325802E-8 2.09219907E-21 4.11878398E-9 7.38215025E-22
39.5499992 4.99992371E-2 1.58258558E-6 1.56702356E-6 0 0 1.1518452E-8 1.91090717E-21 4.0435717E-9 6.74240855E-22
39.6500015 5.00011444E-2 1.57588875E-6 1.56061151E-6 0 0 1.13077077E-8 1.72823092E-21 3.96954958E-9 6.09779584E-22
39.75 4.99992371E-2 1.56923932E-6 1.55424152E-6 0 0 1.1100826E-8 1.55535825E-21 3.89688504E-9 5.48778599E-22
39.8499985 4.99992371E-2 1.56263297E-6 1.54791348E-6 0 0 1.08948699E-8 1.42499238E-21 3.82454735E-9 5.02776472E-22
39.9499969 5.00011444E-2 1.55606813E-6 1.5416266E-6 0 0 1.06891376E-8 1.30058652E-21 3.75229003E-9 4.58878142E-22
40.0499992 4.99992371E-2 1.54954751E-6 1.53538087E-6 0 0 1.04857412E-8 1.17953098E-21 3.68085451E-9 4.16162801E-22
40.1500015 5.00011444E-2 1.54307975E-6 1.52917551E-6 0 0 1.02916378E-8 1.06268212E-21 3.6126826E-9 3.74932537E-22
40.25 4.99992371E-2 1.53665314E-6 1.52301038E-6 0 0 1.00980895E-8 9.68947071E-22 3.54470764E-9 3.41857935E-22
40.3499985 4.99992371E-2 1.53026747E-6 1.51688539E-6 0 0 9.90510163E-9 8.87851766E-22 3.47693097E-9 3.13243488E-22
40.4499969 5.00011444E-2 1.52392317E-6 1.51079973E-6 0 0 9.71369207E-9 8.06754845E-22 3.40970963E-9 2.84628941E-22
40.5499992 4.99992371E-2 1.51761844E-6 1.50475341E-6 0 0 9.52247348E-9 7.27868805E-22 3.3425569E-9 2.56794975E-22
40.6500015 5.00011444E-2 1.51138863E-6 1.49874586E-6 0 0 9.3579553E-9 6.60304648E-22 3.28477778E-9 2.32955952E-22
40.75 4.99992371E-2 1.50520464E-6 1.49277696E-6 0 0 9.1988186E-9 6.04429113E-22 3.22888916E-9 2.13241068E-22
40.8499985 4.99992371E-2 1.49905907E-6 1.48684603E-6 0 0 9.03997321E-9 5.48691508E-22 3.17310445E-9 1.93575258E-22
40.9499969 5.00011444E-2 1.49295158E-6 1.48095285E-6 0 0 8.88132057E-9 4.95667787E-22 3.11738835E-9 1.74867251E-22
41.0499992 4.99992371E-2 1.48688935E-6 1.47509729E-6 0 0 8.7283869E-9 4.4752218E-22 3.06368086E-9 1.57880501E-22
41.1500015 5.00011444E-2 1.48087724E-6 1.4692788E-6 0 0 8.58508997E-9 4.11276609E-22 3.01335712E-9 1.45092245E-22
41.25 4.99992371E-2 1.47490221E-6 1.46349726E-6 0 0 8.44184367E-9 3.75074558E-22 2.96305225E-9 1.32319565E-22
41.3499985 4.99992371E-2 1.46896377E-6 1.45775232E-6 0 0 8.29861424E-9 3.39255325E-22 2.91275448E-9 1.1968214E-22
41.4499969 5.00011444E-2 1.46306172E-6 1.45204365E-6 0 0 8.15558643E-9 3.05367451E-22 2.86252821E-9 1.07726302E-22
41.5499992 4.99992371E-2 1.45719673E-6 1.44637056E-6 0 0 8.01353117E-9 2.80578765E-22 2.81264456E-9 9.89806181E-23
41.6500015 5.00011444E-2 1.45136778E-6 1.44073329E-6 0 0 7.87169441E-9 2.5632441E-22 2.76283885E-9 9.04235915E-23
41.75 4.99992371E-2 1.44557407E-6 1.43513114E-6 0 0 7.72986741E-9 2.32133517E-22 2.71303779E-9 8.18890884E-23
41.8499985 4.99992371E-2 1.43981686E-6 1.42956412E-6 0 0 7.58917373E-9 2.09069458E-22 2.66363531E-9 7.37522469E-23
41.9499969 5.00011444E-2 1.43409795E-6 1.42403167E-6 0 0 7.45113482E-9 1.89905856E-22 2.61516542E-9 6.69914691E-23
42.0499992 4.99992371E-2 1.42841418E-6 1.41853377E-6 0 0 7.31361149E-9 1.72124716E-22 2.5668776E-9 6.07184787E-23
42.1500015 5.00011444E-2 1.42276474E-6 1.41306964E-6 0 0 7.17634085E-9 1.54662958E-22 2.51867949E-9 5.45582639E-23
42.25 4.99992371E-2 1.41714918E-6 1.4076395E-6 0 0 7.03916081E-9 1.37931395E-22 2.47051379E-9 4.86557258E-23
42.3499985 4.99992371E-2 1.41156829E-6 1.4022429E-6 0 0 6.90273305E-9 1.25700732E-22 2.42261344E-9 4.43409753E-23
42.4499969 5.00011444E-2 1.40603072E-6 1.3968795E-6 0 0 6.77383971E-9 1.15193761E-22 2.37735809E-9 4.0634323E-23
42.5499992 4.99992371E-2 1.40052691E-6 1.39154906E-6 0 0 6.64548638E-9 1.04686127E-22 2.33229303E-9 3.69275004E-23
42.6500015 5.00011444E-2 1.39505653E-6 1.38625103E-6 0 0 6.51791465E-9 9.29857107E-23 2.28750374E-9 3.27999939E-23
42.75 4.99992371E-2 1.38961923E-6 1.38098585E-6 0 0 6.39059516E-9 8.43011221E-23 2.24280305E-9 2.97363453E-23
42.8499985 4.99992371E-2 1.38424275E-6 1.3757525E-6 0 0 6.28461327E-9 7.7385595E-23 2.20559193E-9 2.72967646E-23
42.9499969 5.00011444E-2 1.37889981E-6 1.37055099E-6 0 0 6.17997431E-9 7.04698913E-23 2.1688531E-9 2.48571586E-23
43.0499992 4.99992371E-2 1.37358927E-6 1.36538108E-6 0 0 6.07585937E-9 6.36971607E-23 2.13229856E-9 2.24680192E-23
43.1500015 5.00011444E-2 1.36831011E-6 1.36024255E-6 0 0 5.97175642E-9 5.75112984E-23 2.09574869E-9 2.02859195E-23
43.25 4.99992371E-2 1.36306562E-6 1.35513505E-6 0 0 5.87040061E-9 5.28303556E-23 2.06016382E-9 1.86346806E-23
43.3499985 4.99992371E-2 1.3578607E-6 1.35005837E-6 0 0 5.7754157E-9 4.81971988E-23 2.02681538E-9 1.70003233E-23
43.4499969 5.00011444E-2 1.35268635E-6 1.34501238E-6 0 0 5.6805205E-9 4.36183409E-23 1.99349914E-9 1.538514E-23
43.5499992 4.99992371E-2 1.34754225E-6 1.33999629E-6 0 0 5.58568658E-9 3.92873115E-23 1.96020511E-9 1.38573973E-23
43.6500015 5.00011444E-2 1.34242839E-6 1.33501067E-6 0 0 5.49086199E-9 3.60580494E-23 1.92691441E-9 1.27182845E-23
43.75 4.99992371E-2 1.3373442E-6 1.33005449E-6 0 0 5.39606182E-9 3.29540648E-23 1.89363325E-9 1.16233779E-23
43.8499985 4.99992371E-2 1.33228991E-6 1.32512821E-6 0 0 5.30137756E-9 2.98583537E-23 1.86039328E-9 1.05314051E-23
43.9499969 5.00011444E-2 1.32726495E-6 1.32023104E-6 0 0 5.20674259E-9 2.6934832E-23 1.82717108E-9 9.50017931E-24
44.0499992 4.99992371E-2 1.3222691E-6 1.31536297E-6 0 0 5.11211562E-9 2.46524003E-23 1.79395232E-9 8.69508522E-24
44.1500015 5.00011444E-2 1.31730462E-6 1.31052366E-6 0 0 5.01953856E-9 2.25267089E-23 1.76145343E-9 7.94528555E-24
44.25 4.99992371E-2 1.31237027E-6 1.30571311E-6 0 0 4.92787899E-9 2.04010585E-23 1.72927705E-9 7.19551113E-24
44.3499985 4.99992371E-2 1.30746491E-6 1.30093088E-6 0 0 4.83669949E-9 1.38593852E-23 1.69726955E-9 4.88821249E-24
44.4499969 5.00011444E-2 1.30258775E-6 1.29617683E-6 0 0 4.74561146E-9 1.26471056E-23 1.66529468E-9 4.46061241E-24
44.5499992 4.99992371E-2 1.29773844E-6 1.29145053E-6 0 0 4.65462247E-9 1.1575315E-23 1.63335523E-9 4.08256778E-24
44.6500015 5.00011444E-2 1.29291766E-6 1.28675208E-6 0 0 4.56407134E-9 1.05084303E-23 1.60156977E-9 3.70625825E-24
44.75 4.99992371E-2 1.28812951E-6 1.28208092E-6 0 0 4.47741577E-9 6.40598009E-24 1.57115188E-9 2.2593355E-24
44.8499985 4.99992371E-2 1.28337206E-6 1.27743726E-6 0 0 4.39322667E-9 4.22843763E-24 1.54159985E-9 1.49132527E-24
44.9499969 5.00011444E-2 1.27864189E-6 1.27282033E-6 0 0 4.30944835E-9 3.84568666E-24 1.51219248E-9 1.35632484E-24
45.0499992 4.99992371E-2 1.27395526E-6 1.26823033E-6 0 0 4.23782875E-9 2.03306909E-24 1.48705204E-9 7.17033246E-25
45.1500015 5.00011444E-2 1.26929763E-6 1.26366683E-6 0 0 4.16824353E-9 1.84613962E-24 1.46262591E-9 6.51102175E-25
45.25 4.99992371E-2 1.26466705E-6 1.25912982E-6 0 0 4.09890166E-9 1.66057055E-24 1.43828549E-9 5.85651569E-25
45.3499985 4.99992371E-2 1.26006307E-6 1.25461906E-6 0 0 4.02990619E-9 0 1.41406697E-9 0
45.4499969 5.00011444E-2 1.25548581E-6 1.25013412E-6 0 0 3.96156885E-9 0 1.39007972E-9 0
45.5499992 4.99992371E-2 1.25094107E-6 1.24567498E-6 0 0 3.89825283E-9 0 1.36785472E-9 0
45.6500015 5.00011444E-2 1.24642213E-6 1.24124153E-6 0 0 3.83494791E-9 0 1.34563383E-9 0
45.75 4.99992371E-2 1.24192832E-6 1.23683321E-6 0 0 3.77165321E-9 0 1.32341715E-9 0
45.8499985 4.99992371E-2 1.23745986E-6 1.23245036E-6 0 0 3.70836162E-9 0 1.30120159E-9 0
45.9499969 5.00011444E-2 1.23301641E-6 1.22809229E-6 0 0 3.64508046E-9 0 1.27899002E-9 0
46.0499992 4.99992371E-2 1.22859751E-6 1.22375889E-6 0 0 3.58182639E-9 0 1.25678856E-9 0
46.1500015 5.00011444E-2 1.22420352E-6 1.21945016E-6 0 0 3.51871532E-9 0 1.23463728E-9 0
46.25 4.99992371E-2 1.21983419E-6 1.21516575E-6 0 0 3.45588247E-9 0 1.21258414E-9 0
46.3499985 4.99992371E-2 1.21548953E-6 1.21090568E-6 0 0 3.39325168E-9 0 1.19060195E-9 0
46.4499969 5.00011444E-2 1.2111708E-6 1.20666948E-6 0 0 3.33216876E-9 0 1.16916343E-9 0
46.5499992 4.99992371E-2 1.20687696E-6 1.20245693E-6 0 0 3.27196936E-9 0 1.14803511E-9 0
46.6500015 5.00011444E-2 1.20260734E-6 1.19826848E-6 0 0 3.21194671E-9 0 1.12696885E-9 0
46.75 4.99992371E-2 1.19836102E-6 1.19410311E-6 0 0 3.15200843E-9 0 1.10593279E-9 0
46.8499985 4.99992371E-2 1.19413812E-6 1.18996115E-6 0 0 3.09212256E-9 0 1.08491516E-9 0
46.9499969 5.00011444E-2 1.18993842E-6 1.18584228E-6 0 0 3.03229353E-9 0 1.06391784E-9 0
47.0499992 4.99992371E-2 1.18576236E-6 1.18174626E-6 0 0 2.97298675E-9 0 1.04310394E-9 0
47.1500015 5.00011444E-2 1.18161347E-6 1.17767297E-6 0 0 2.91705482E-9 0 1.02347453E-9 0
47.25 4.99992371E-2 1.1774946E-6 1.17362219E-6 0 0 2.86659985E-9 0 1.00576691E-9 0
47.3499985 4.99992371E-2 1.17340392E-6 1.16959404E-6 0 0 2.8203222E-9 0 9.89525129E-10 0
47.4499969 5.00011444E-2 1.16933506E-6 1.16558783E-6 0 0 2.77404633E-9 0 9.73284231E-10 0
47.5499992 4.99992371E-2 1.16528861E-6 1.16160379E-6 0 0 2.72777356E-9 0 9.57044555E-10 0
47.6500015 5.00011444E-2 1.16126432E-6 1.15764169E-6 0 0 2.6817244E-9 0 9.40883593E-10 0
47.75 4.99992371E-2 1.15726516E-6 1.15370131E-6 0 0 2.63827271E-9 0 9.25634125E-10 0
47.8499985 4.99992371E-2 1.1532893E-6 1.14978241E-6 0 0 2.59601807E-9 0 9.10804765E-10 0
47.9499969 5.00011444E-2 1.14933471E-6 1.14588488E-6 0 0 2.55377453E-9 0 8.95979568E-10 0
48.0499992 4.99992371E-2 1.14540148E-6 1.14200884E-6 0 0 2.51153054E-9 0 8.81154316E-10 0
48.1500015 5.00011444E-2 1.14148952E-6 1.13815361E-6 0 0 2.46946708E-9 0 8.66392569E-10 0
48.25 4.99992371E-2 1.13759847E-6 1.1343194E-6 0 0 2.42743581E-9 0 8.51642312E-10 0
48.3499985 4.99992371E-2 1.13372857E-6 1.13050601E-6 0 0 2.38561482E-9 0 8.36966052E-10 0
48.4499969 5.00011444E-2 1.12987982E-6 1.12671319E-6 0 0 2.34419395E-9 0 8.2243018E-10 0
48.5499992 4.99992371E-2 1.12605142E-6 1.12294072E-6 0 0 2.30281594E-9 0 8.07909684E-10 0
48.6500015 5.00011444E-2 1.12224393E-6 1.11918882E-6 0 0 2.26170727E-9 0 7.93483723E-10 0
48.75 4.99992371E-2 1.11845748E-6 1.11545683E-6 0 0 2.22137664E-9 0 7.79330933E-10 0
48.8499985 4.99992371E-2 1.11469137E-6 1.11174484E-6 0 0 2.18129093E-9 0 7.65264241E-10 0
48.9499969 5.00011444E-2 1.11094539E-6 1.10805286E-6 0 0 2.14130447E-9 0 7.51232465E-10 0
49.0499992 4.99992371E-2 1.10721896E-6 1.10438043E-6 0 0 2.10135731E-9 0 7.37214678E-10 0
49.1500015 5.00011444E-2 1.10351232E-6 1.10072767E-6 0 0 2.06145589E-9 0 7.23212989E-10 0
49.25 4.99992371E-2 1.09982511E-6 1.09709435E-6 0 0 2.02157624E-9 0 7.09219072E-10 0
49.3499985 4.99992371E-2 1.09615735E-6 1.09348025E-6 0 0 1.98180317E-9 0 6.95262847E-10 0
49.4499969 5.00011444E-2 1.09250982E-6 1.08988536E-6 0 0 1.94289118E-9 0 6.81608825E-10 0
49.5499992 4.99992371E-2 1.08889094E-6 1.08630934E-6 0 0 1.91107485E-9 0 6.70444089E-10 0
49.6500015 5.00011444E-2 1.08529093E-6 1.08275231E-6 0 0 1.87927407E-9 0 6.59285071E-10 0
49.75 4.99992371E-2 1.08170957E-6 1.07921392E-6 0 0 1.84747728E-9 0 6.48127496E-10 0
49.8499985 4.99992371E-2 1.07814685E-6 1.07569417E-6 0 0 1.81569237E-9 0 6.36974251E-10 0
49.9499969 5.00011444E-2 1.0746038E-6 1.07219296E-6 0 0 1.78469317E-9 0 6.26096675E-10 0
50.0499992 4.99992371E-2 1.06870993E-6 1.06870993E-6 0 0 0 0 0 0
50.1500015 5.00011444E-2 1.06524521E-6 1.06524521E-6 0 0 0 0 0 0
50.25 4.99992371E-2 1.06179857E-6 1.06179857E-6 0 0 0 0 0 0
50.3499985 4.99992371E-2 1.05836978E-6 1.05836978E-6 0 0 0 0 0 0
50.4499969 5.00011444E-2 1.05495872E-6 1.05495872E-6 0 0 0 0 0 0
50.5499992 4.99992371E-2 1.05156539E-6 1.05156539E-6 0 0 0 0 0 0
50.6500015 5.00011444E-2 1.04818969E-6 1.04818969E-6 0 0 0 0 0 0
50.75 4.99992371E-2 1.04483149E-6 1.04483149E-6 0 0 0 0 0 0
50.8499985 4.99992371E-2 1.04149046E-6 1.04149046E-6 0 0 0 0 0 0
50.9499969 5.00011444E-2 1.0381666E-6 1.0381666E-6 0 0 0 0 0 0
51.0499992 4.99992371E-2 1.03485979E-6 1.03485979E-6 0 0 0 0 0 0
51.1500015 5.00011444E-2 1.03156992E-6 1.03156992E-6 0 0 0 0 0 0
51.25 4.99992371E-2 1.02829699E-6 1.02829699E-6 0 0 0 0 0 0
51.3499985 4.99992371E-2 1.02504077E-6 1.02504077E-6 0 0 0 0 0 0
51.4499969 5.00011444E-2 1.02180093E-6 1.02180093E-6 0 0 0 0 0 0
51.5499992 4.99992371E-2 1.01857756E-6 1.01857756E-6 0 0 0 0 0 0
51.6500015 5.00011444E-2 1.01537069E-6 1.01537069E-6 0 0 0 0 0 0
51.75 4.99992371E-2 1.01218006E-6 1.01218006E-6 0 0 0 0 0 0
51.8499985 4.99992371E-2 1.00900547E-6 1.00900547E-6 0 0 0 0 0 0
51.9499969 5.00011444E-2 1.00584691E-6 1.00584691E-6 0 0 0 0 0 0
52.0499992 4.99992371E-2 1.00270415E-6 1.00270415E-6 0 0 0 0 0 0
52.1500015 5.00011444E-2 9.99577423E-7 9.99577423E-7 0 0 0 0 0 0
52.25 4.99992371E-2 9.96466156E-7 9.96466156E-7 0 0 0 0 0 0
52.3499985 4.99992371E-2 9.93370691E-7 9.93370691E-7 0 0 0 0 0 0
52.4499969 5.00011444E-2 9.90290573E-7 9.90290573E-7 0 0 0 0 0 0
52.5499992 4.99992371E-2 9.87225803E-7 9.87225803E-7 0 0 0 0 0 0
52.6500015 5.00011444E-2 9.84176268E-7 9.84176268E-7 0 0 0 0 0 0
52.75 4.99992371E-2 9.81141966E-7 9.81141966E-7 0 0 0 0 0 0
52.8499985 4.99992371E-2 9.78122671E-7 9.78122671E-7 0 0 0 0 0 0
52.9499969 5.00011444E-2 9.75118155E-7 9.75118155E-7 0 0 0 0 0 0
53.0499992 4.99992371E-2 9.7212876E-7 9.7212876E-7 0 0 0 0 0 0
53.1500015 5.00011444E-2 9.69153916E-7 9.69153916E-7 0 0 0 0 0 0
53.25 4.99992371E-2 9.66193852E-7 9.66193852E-7 0 0 0 0 0 0
53.3499985 4.99992371E-2 9.63248226E-7 9.63248226E-7 0 0 0 0 0 0
53.4499969 5.00011444E-2 9.60317038E-7 9.60317038E-7 0 0 0 0 0 0
53.5499992 4.99992371E-2 9.57400289E-7 9.57400289E-7 0 0 0 0 0 0
53.6500015 5.00011444E-2 9.54497636E-7 9.54497636E-7 0 0 0 0 0 0
53.75 4.99992371E-2 9.51609422E-7 9.51609422E-7 0 0 0 0 0 0
53.8499985 4.99992371E-2 9.48735021E-7 9.48735021E-7 0 0 0 0 0 0
53.9499969 5.00011444E-2 9.45874604E-7 9.45874604E-7 0 0 0 0 0 0
54.0499992 4.99992371E-2 9.43028169E-7 9.43028169E-7 0 0 0 0 0 0
54.1500015 5.00011444E-2 9.40195491E-7 9.40195491E-7 0 0 0 0 0 0
54.25 4.99992371E-2 9.37376399E-7 9.37376399E-7 0 0 0 0 0 0
54.3499985 4.99992371E-2 9.34571005E-7 9.34571005E-7 0 0 0 0 0 0
54.4499969 5.00011444E-2 9.31779141E-7 9.31779141E-7 0 0 0 0 0 0
54.5499992 4.99992371E-2 9.29000521E-7 9.29000521E-7 0 0 0 0 0 0
54.6500015 5.00011444E-2 9.26235487E-7 9.26235487E-7 0 0 0 0 0 0
54.75 4.99992371E-2 9.23483356E-7 9.23483356E-7 0 0 0 0 0 0
54.8499985 4.99992371E-2 9.20744696E-7 9.20744696E-7 0 0 0 0 0 0
54.9499969 5.00011444E-2 9.18019055E-7 9.18019055E-7 0 0 0 0 0 0
55.0499992 4.99992371E-2 9.15306202E-7 9.15306202E-7 0 0 0 0 0 0
55.1500015 5.00011444E-2 9.12606424E-7 9.12606424E-7 0 0 0 0 0 0
55.25 4.99992371E-2 9.09919379E-7 9.09919379E-7 0 0 0 0 0 0
55.3499985 4.99992371E-2 9.07245123E-7 9.07245123E-7 0 0 0 0 0 0
55.4499969 5.00011444E-2 9.04583374E-7 9.04583374E-7 0 0 0 0 0 0
55.5499992 4.99992371E-2 9.01934357E-7 9.01934357E-7 0 0 0 0 0 0
55.6500015 5.00011444E-2 8.99297845E-7 8.99297845E-7 0 0 0 0 0 0
55.75 4.99992371E-2 8.96673498E-7 8.96673498E-7 0 0 0 0 0 0
55.8499985 4.99992371E-2 8.94061657E-7 8.94061657E-7 0 0 0 0 0 0
55.9499969 5.00011444E-2 8.91462037E-7 8.91462037E-7 0 0 0 0 0 0
56.0499992 4.99992371E-2 8.88874524E-7 8.88874524E-7 0 0 0 0 0 0
56.1500015 5.00011444E-2 8.86299176E-7 8.86299176E-7 0 0 0 0 0 0
56.25 4.99992371E-2 8.83735652E-7 8.83735652E-7 0 0 0 0 0 0
56.3499985 4.99992371E-2 8.81184349E-7 8.81184349E-7 0 0 0 0 0 0
56.4499969 5.00011444E-2 8.78644755E-7 8.78644755E-7 0 0 0 0 0 0
56.5499992 4.99992371E-2 8.76116815E-7 8.76116815E-7 0 0 0 0 0 0
56.6500015 5.00011444E-2 8.73600754E-7 8.73600754E-7 0 0 0 0 0 0
56.75 4.99992371E-2 8.71096233E-7 8.71096233E-7 0 0 0 0 0 0
56.8499985 4.99992371E-2 8.68603195E-7 8.68603195E-7 0 0 0 0 0 0
56.9499969 5.00011444E-2 8.66121866E-7 8.66121866E-7 0 0 0 0 0 0
57.0499992 4.99992371E-2 8.63651621E-7 8.63651621E-7 0 0 0 0 0 0
57.1500015 5.00011444E-2 8.61193087E-7 8.61193087E-7 0 0 0 0 0 0
57.25 4.99992371E-2 8.58745466E-7 8.58745466E-7 0 0 0 0 0 0
57.3499985 4.99992371E-2 8.56309327E-7 8.56309327E-7 0 0 0 0 0 0
57.4499969 5.00011444E-2 8.5388416E-7 8.5388416E-7 0 0 0 0 0 0
57.5499992 4.99992371E-2 8.5147002E-7 8.5147002E-7 0 0 0 0 0 0
57.6500015 5.00011444E-2 8.49066907E-7 8.49066907E-7 0 0 0 0 0 0
57.75 4.99992371E-2 8.46674652E-7 8.46674652E-7 0 0 0 0 0 0
57.8499985 4.99992371E-2 8.44293368E-7 8.44293368E-7 0 0 0 0 0 0
57.9499969 5.00011444E-2 8.4192277E-7 8.4192277E-7 0 0 0 0 0 0
58.0499992 4.99992371E-2 8.39562858E-7 8.39562858E-7 0 0 0 0 0 0
58.1500015 5.00011444E-2 8.3721369E-7 8.3721369E-7 0 0 0 0 0 0
58.25 4.99992371E-2 8.34874982E-7 8.34874982E-7 0 0 0 0 0 0
58.3499985 4.99992371E-2 8.32546903E-7 8.32546903E-7 0 0 0 0 0 0
58.4499969 5.00011444E-2 8.30229226E-7 8.30229226E-7 0 0 0 0 0 0
58.5499992 4.99992371E-2 8.27921895E-7 8.27921895E-7 0 0 0 0 0 0
58.6500015 5.00011444E-2 8.25624966E-7 8.25624966E-7 0 0 0 0 0 0
58.75 4.99992371E-2 8.23338155E-7 8.23338155E-7 0 0 0 0 0 0
58.8499985 4.99992371E-2 8.2106169E-7 8.2106169E-7 0 0 0 0 0 0
58.9499969 5.00011444E-2 8.18795343E-7 8.18795343E-7 0 0 0 0 0 0
59.0499992 4.99992371E-2 8.16538943E-7 8.16538943E-7 0 0 0 0 0 0
59.1500015 5.00011444E-2 8.14292548E-7 8.14292548E-7 0 0 0 0 0 0
59.25 4.99992371E-2 8.12056157E-7 8.12056157E-7 0 0 0 0 0 0
59.3499985 4.99992371E-2 8.09829771E-7 8.09829771E-7 0 0 0 0 0 0
59.4499969 5.00011444E-2 8.07613048E-7 8.07613048E-7 0 0 0 0 0 0
59.5499992 4.99992371E-2 8.05406103E-7 8.05406103E-7 0 0 0 0 0 0
59.6500015 5.00011444E-2 8.03208934E-7 8.03208934E-7 0 0 0 0 0 0
59.75 4.99992371E-2 8.01021258E-7 8.01021258E-7 0 0 0 0 0 0
59.8499985 4.99992371E-2 7.98843416E-7 7.98843416E-7 0 0 0 0 0 0
59.9499969 5.00011444E-2 7.9667501E-7 7.9667501E-7 0 0 0 0 0 0
60.0499992 4.99992371E-2 7.94515984E-7 7.94515984E-7 0 0 0 0 0 0
60.1500015 5.00011444E-2 7.9236645E-7 7.9236645E-7 0 0 0 0 0 0
60.25 4.99992371E-2 7.90226238E-7 7.90226238E-7 0 0 0 0 0 0
60.3499985 4.99992371E-2 7.88095406E-7 7.88095406E-7 0 0 0 0 0 0
60.4499969 5.00011444E-2 7.85973725E-7 7.85973725E-7 0 0 0 0 0 0
60.5499992 4.99992371E-2 7.83861253E-7 7.83861253E-7 0 0 0 0 0 0
60.6500015 5.00011444E-2 7.81757933E-7 7.81757933E-7 0 0 0 0 0 0
60.75 4.99992371E-2 7.79663822E-7 7.79663822E-7 0 0 0 0 0 0
60.8499985 4.99992371E-2 7.77578634E-7 7.77578634E-7 0 0 0 0 0 0
60.9499969 5.00011444E-2 7.75502372E-7 7.75502372E-7 0 0 0 0 0 0
61.0499992 4.99992371E-2 7.7343509E-7 7.7343509E-7 0 0 0 0 0 0
61.1500015 5.00011444E-2 7.71376676E-7 7.71376676E-7 0 0 0 0 0 0
61.25 4.99992371E-2 7.69327016E-7 7.69327016E-7 0 0 0 0 0 0
61.3499985 4.99992371E-2 7.67286224E-7 7.67286224E-7 0 0 0 0 0 0
61.4499969 5.00011444E-2 7.65254129E-7 7.65254129E-7 0 0 0 0 0 0
61.5499992 4.99992371E-2 7.63230673E-7 7.63230673E-7 0 0 0 0 0 0
61.6500015 5.00011444E-2 7.61215858E-7 7.61215858E-7 0 0 0 0 0 0
61.75 4.99992371E-2 7.59209513E-7 7.59209513E-7 0 0 0 0 0 0
61.8499985 4.99992371E-2 7.57211751E-7 7.57211751E-7 0 0 0 0 0 0
61.9499969 5.00011444E-2 7.55222459E-7 7.55222459E-7 0 0 0 0 0 0
62.0499992 4.99992371E-2 7.53241466E-7 7.53241466E-7 0 0 0 0 0 0
62.1500015 5.00011444E-2 7.51268999E-7 7.51268999E-7 0 0 0 0 0 0
62.25 4.99992371E-2 7.49304718E-7 7.49304718E-7 0 0 0 0 0 0
62.3499985 4.99992371E-2 7.47348849E-7 7.47348849E-7 0 0 0 0 0 0
62.4499969 5.00011444E-2 7.4540111E-7 7.4540111E-7 0 0 0 0 0 0
62.5499992 4.99992371E-2 7.43461499E-7 7.43461499E-7 0 0 0 0 0 0
62.6500015 5.00011444E-2 7.41530016E-7 7.41530016E-7 0 0 0 0 0 0
62.75 4.99992371E-2 7.39606662E-7 7.39606662E-7 0 0 0 0 0 0
62.8499985 4.99992371E-2 7.3769138E-7 7.3769138E-7 0 0 0 0 0 0
62.9499969 5.00011444E-2 7.35783999E-7 7.35783999E-7 0 0 0 0 0 0
63.0499992 4.99992371E-2 7.33884633E-7 7.33884633E-7 0 0 0 0 0 0
63.1500015 5.00011444E-2 7.31993111E-7 7.31993111E-7 0 0 0 0 0 0
63.25 4.99992371E-2 7.30109377E-7 7.30109377E-7 0 0 0 0 0 0
63.3499985 4.99992371E-2 7.28233545E-7 7.28233545E-7 0 0 0 0 0 0
63.4499969 5.00011444E-2 7.26365442E-7 7.26365442E-7 0 0 0 0 0 0
63.5499992 4.99992371E-2 7.24505014E-7 7.24505014E-7 0 0 0 0 0 0
63.6500015 5.00011444E-2 7.22652373E-7 7.22652373E-7 0 0 0 0 0 0
63.75 4.99992371E-2 7.20807179E-7 7.20807179E-7 0 0 0 0 0 0
63.8499985 4.99992371E-2 7.18969659E-7 7.18969659E-7 0 0 0 0 0 0
63.9499969 5.00011444E-2 7.17139699E-7 7.17139699E-7 0 0 0 0 0 0
64.0500031 4.99992371E-2 7.15317299E-7 7.15317299E-7 0 0 0 0 0 0
64.1499939 4.99992371E-2 7.13502232E-7 7.13502232E-7 0 0 0 0 0 0
64.25 5.00030518E-2 7.11694668E-7 7.11694668E-7 0 0 0 0 0 0
64.3500061 4.99992371E-2 7.09894437E-7 7.09894437E-7 0 0 0 0 0 0
64.4499969 4.99992371E-2 7.08101538E-7 7.08101538E-7 0 0 0 0 0 0
64.5500031 4.99992371E-2 7.06315859E-7 7.06315859E-7 0 0 0 0 0 0
64.6499939 4.99992371E-2 7.0453757E-7 7.0453757E-7 0 0 0 0 0 0
64.75 5.00030518E-2 7.02766442E-7 7.02766442E-7 0 0 0 0 0 0
64.8500061 4.99992371E-2 7.01002364E-7 7.01002364E-7 0 0 0 0 0 0
64.9499969 4.99992371E-2 6.99245504E-7 6.99245504E-7 0 0 0 0 0 0
65.0500031 4.99992371E-2 6.97495807E-7 6.97495807E-7 0 0 0 0 0 0
65.1499939 4.99992371E-2 6.95753045E-7 6.95753045E-7 0 0 0 0 0 0
65.25 5.00030518E-2 6.94017331E-7 6.94017331E-7 0 0 0 0 0 0
65.3500061 4.99992371E-2 6.92288666E-7 6.92288666E-7 0 0 0 0 0 0
65.4499969 4.99992371E-2 6.90566708E-7 6.90566708E-7 0 0 0 0 0 0
65.5500031 4.99992371E-2 6.88851969E-7 6.88851969E-7 0 0 0 0 0 0
65.6499939 4.99992371E-2 6.87143938E-7 6.87143938E-7 0 0 0 0 0 0
65.75 5.00030518E-2 6.85442728E-7 6.85442728E-7 0 0 0 0 0 0
65.8500061 4.99992371E-2 6.83748112E-7 6.83748112E-7 0 0 0 0 0 0
65.9499969 4.99992371E-2 6.82060431E-7 6.82060431E-7 0 0 0 0 0 0
66.0500031 4.99992371E-2 6.80379515E-7 6.80379515E-7 0 0 0 0 0 0
66.1499939 4.99992371E-2 6.78705135E-7 6.78705135E-7 0 0 0 0 0 0
66.25 5.00030518E-2 6.77037463E-7 6.77037463E-7 0 0 0 0 0 0
66.3500061 4.99992371E-2 6.7537627E-7 6.7537627E-7 0 0 0 0 0 0
66.4499969 4.99992371E-2 6.73721786E-7 6.73721786E-7 0 0 0 0 0 0
66.5500031 4.99992371E-2 6.72073782E-7 6.72073782E-7 0 0 0 0 0 0
66.6499939 4.99992371E-2 6.70432371E-7 6.70432371E-7 0 0 0 0 0 0
66.75 5.00030518E-2 6.68797156E-7 6.68797156E-7 0 0 0 0 0 0
66.8500061 4.99992371E-2 6.67168592E-7 6.67168592E-7 0 0 0 0 0 0
66.9499969 4.99992371E-2 6.65546281E-7 6.65546281E-7 0 0 0 0 0 0
67.0500031 4.99992371E-2 6.63930393E-7 6.63930393E-7 0 0 0 0 0 0
67.1499939 4.99992371E-2 6.62320872E-7 6.62320872E-7 0 0 0 0 0 0
67.25 5.00030518E-2 6.60717546E-7 6.60717546E-7 0 0 0 0 0 0
67.3500061 4.99992371E-2 6.5912036E-7 6.5912036E-7 0 0 0 0 0 0
67.4499969 4.99992371E-2 6.57529597E-7 6.57529597E-7 0 0 0 0 0 0
67.5500031 4.99992371E-2 6.55944973E-7 6.55944973E-7 0 0 0 0 0 0
67.6499939 4.99992371E-2 6.54366488E-7 6.54366488E-7 0 0 0 0 0 0
67.75 5.00030518E-2 6.52794085E-7 6.52794085E-7 0 0 0 0 0 0
67.8500061 4.99992371E-2 6.51227651E-7 6.51227651E-7 0 0 0 0 0 0
67.9499969 4.99992371E-2 6.4966747E-7 6.4966747E-7 0 0 0 0 0 0
68.0500031 4.99992371E-2 6.48113257E-7 6.48113257E-7 0 0 0 0 0 0
68.1499939 4.99992371E-2 6.46565013E-7 6.46565013E-7 0 0 0 0 0 0
68.25 5.00030518E-2 6.45022681E-7 6.45022681E-7 0 0 0 0 0 0
68.3500061 4.99992371E-2 6.43486317E-7 6.43486317E-7 0 0 0 0 0 0
68.4499969 4.99992371E-2 6.41955808E-7 6.41955808E-7 0 0 0 0 0 0
68.5500031 4.99992371E-2 6.4043121E-7 6.4043121E-7 0 0 0 0 0 0
68.6499939 4.99992371E-2 6.38912411E-7 6.38912411E-7 0 0 0 0 0 0
68.75 5.00030518E-2 6.37399467E-7 6.37399467E-7 0 0 0 0 0 0
68.8500061 4.99992371E-2 6.3589215E-7 6.3589215E-7 0 0 0 0 0 0
68.9499969 4.99992371E-2 6.34390744E-7 6.34390744E-7 0 0 0 0 0 0
69.0500031 4.99992371E-2 6.32894967E-7 6.32894967E-7 0 0 0 0 0 0
69.1499939 4.99992371E-2 6.31404873E-7 6.31404873E-7 0 0 0 0 0 0
69.25 5.00030518E-2 6.29920407E-7 6.29920407E-7 0 0 0 0 0 0
69.3500061 4.99992371E-2 6.28441569E-7 6.28441569E-7 0 0 0 0 0 0
69.4499969 4.99992371E-2 6.26968301E-7 6.26968301E-7 0 0 0 0 0 0
69.5500031 4.99992371E-2 6.25500718E-7 6.25500718E-7 0 0 0 0 0 0
69.6499939 4.99992371E-2 6.24038591E-7 6.24038591E-7 0 0 0 0 0 0
69.75 5.00030518E-2 6.22581922E-7 6.22581922E-7 0 0 0 0 0 0
69.8500061 4.99992371E-2 6.2113071E-7 6.2113071E-7 0 0 0 0 0 0
69.9499969 4.99992371E-2 6.19685068E-7 6.19685068E-7 0 0 0 0 0 0
70.0500031 4.99992371E-2 6.18244769E-7 6.18244769E-7 0 0 0 0 0 0
70.1499939 4.99992371E-2 6.16809871E-7 6.16809871E-7 0 0 0 0 0 0
70.25 5.00030518E-2 6.15380372E-7 6.15380372E-7 0 0 0 0 0 0
70.3500061 4.99992371E-2 6.13956104E-7 6.13956104E-7 0 0 0 0 0 0
70.4499969 4.99992371E-2 6.12537178E-7 6.12537178E-7 0 0 0 0 0 0
70.5500031 4.99992371E-2 6.11123539E-7 6.11123539E-7 0 0 0 0 0 0
70.6499939 4.99992371E-2 6.09715244E-7 6.09715244E-7 0 0 0 0 0 0
70.75 5.00030518E-2 6.08312007E-7 6.08312007E-7 0 0 0 0 0 0
70.8500061 4.99992371E-2 6.06914114E-7 6.06914114E-7 0 0 0 0 0 0
70.9499969 4.99992371E-2 6.05521393E-7 6.05521393E-7 0 0 0 0 0 0
71.0500031 4.99992371E-2 6.04133788E-7 6.04133788E-7 0 0 0 0 0 0
71.1499939 4.99992371E-2 6.027513E-7 6.027513E-7 0 0 0 0 0 0
71.25 5.00030518E-2 6.01373927E-7 6.01373927E-7 0 0 0 0 0 0
71.3500061 4.99992371E-2 6.00001442E-7 6.00001442E-7 0 0 0 0 0 0
71.4499969 4.99992371E-2 5.98634244E-7 5.98634244E-7 0 0 0 0 0 0
71.5500031 4.99992371E-2 5.97271992E-7 5.97271992E-7 0 0 0 0 0 0
71.6499939 4.99992371E-2 5.95914742E-7 5.95914742E-7 0 0 0 0 0 0
71.75 5.00030518E-2 5.94562437E-7 5.94562437E-7 0 0 0 0 0 0
71.8500061 4.99992371E-2 5.9321502E-7 5.9321502E-7 0 0 0 0 0 0
71.9499969 4.99992371E-2 5.91872606E-7 5.91872606E-7 0 0 0 0 0 0
72.0500031 4.99992371E-2 5.90535024E-7 5.90535024E-7 0 0 0 0 0 0
72.1499939 4.99992371E-2 5.89202386E-7 5.89202386E-7 0 0 0 0 0 0
72.25 5.00030518E-2 5.87874467E-7 5.87874467E-7 0 0 0 0 0 0
72.3500061 4.99992371E-2 5.8655138E-7 5.8655138E-7 0 0 0 0 0 0
72.4499969 4.99992371E-2 5.85233238E-7 5.85233238E-7 0 0 0 0 0 0
72.5500031 4.99992371E-2 5.83919757E-7 5.83919757E-7 0 0 0 0 0 0
72.6499939 4.99992371E-2 5.82611108E-7 5.82611108E-7 0 0 0 0 0 0
72.75 5.00030518E-2 5.81307063E-7 5.81307063E-7 0 0 0 0 0 0
72.8500061 4.99992371E-2 5.80007793E-7 5.80007793E-7 0 0 0 0 0 0
72.9499969 4.99992371E-2 5.78713127E-7 5.78713127E-7 0 0 0 0 0 0
73.0500031 4.99992371E-2 5.77423236E-7 5.77423236E-7 0 0 0 0 0 0
73.1499939 4.99992371E-2 5.76137893E-7 5.76137893E-7 0 0 0 0 0 0
73.25 5.00030518E-2 5.74857154E-7 5.74857154E-7 0 0 0 0 0 0
73.3500061 4.99992371E-2 5.73581019E-7 5.73581019E-7 0 0 0 0 0 0
73.4499969 4.99992371E-2 5.72309432E-7 5.72309432E-7 0 0 0 0 0 0
73.5500031 4.99992371E-2 5.71042449E-7 5.71042449E-7 0 0 0 0 0 0
73.6499939 4.99992371E-2 5.69779957E-7 5.69779957E-7 0 0 0 0 0 0
73.75 5.00030518E-2 5.68521898E-7 5.68521898E-7 0 0 0 0 0 0
73.8500061 4.99992371E-2 5.6726833E-7 5.6726833E-7 0 0 0 0 0 0
73.9499969 4.99992371E-2 5.66019253E-7 5.66019253E-7 0 0 0 0 0 0
74.0500031 4.99992371E-2 5.64774609E-7 5.64774609E-7 0 0 0 0 0 0
74.1499939 4.99992371E-2 5.63534343E-7 5.63534343E-7 0 0 0 0 0 0
74.25 5.00030518E-2 5.6229851E-7 5.6229851E-7 0 0 0 0 0 0
74.3500061 4.99992371E-2 5.6106694E-7 5.6106694E-7 0 0 0 0 0 0
74.4499969 4.99992371E-2 5.59839805E-7 5.59839805E-7 0 0 0 0 0 0
74.5500031 4.99992371E-2 5.58616989E-7 5.58616989E-7 0 0 0 0 0 0
74.6499939 4.99992371E-2 5.57398437E-7 5.57398437E-7 0 0 0 0 0 0
74.75 5.00030518E-2 5.56184261E-7 5.56184261E-7 0 0 0 0 0 0
74.8500061 4.99992371E-2 5.54974179E-7 5.54974179E-7 0 0 0 0 0 0
74.9499969 4.99992371E-2 5.53768473E-7 5.53768473E-7 0 0 0 0 0 0
75.0500031 4.99992371E-2 5.5256686E-7 5.5256686E-7 0 0 0 0 0 0
75.1499939 4.99992371E-2 5.51369624E-7 5.51369624E-7 0 0 0 0 0 0
75.25 5.00030518E-2 5.5017648E-7 5.5017648E-7 0 0 0 0 0 0
75.3500061 4.99992371E-2 5.48987373E-7 5.48987373E-7 0 0 0 0 0 0
75.4499969 4.99992371E-2 5.47802529E-7 5.47802529E-7 0 0 0 0 0 0
75.5500031 4.99992371E-2 5.46621834E-7 5.46621834E-7 0 0 0 0 0 0
75.6499939 4.99992371E-2 5.45445232E-7 5.45445232E-7 0 0 0 0 0 0
75.75 5.00030518E-2 5.44272666E-7 5.44272666E-7 0 0 0 0 0 0
75.8500061 4.99992371E-2 5.43104079E-7 5.43104079E-7 0 0 0 0 0 0
75.9499969 4.99992371E-2 5.41939642E-7 5.41939642E-7 0 0 0 0 0 0
76.0500031 4.99992371E-2 5.4077924E-7 5.4077924E-7 0 0 0 0 0 0
76.1499939 4.99992371E-2 5.39622874E-7 5.39622874E-7 0 0 0 0 0 0
76.25 5.00030518E-2 5.38470317E-7 5.38470317E-7 0 0 0 0 0 0
76.3500061 4.99992371E-2 5.37321853E-7 5.37321853E-7 0 0 0 0 0 0
76.4499969 4.99992371E-2 5.36177311E-7 5.36177311E-7 0 0 0 0 0 0
76.5500031 4.99992371E-2 5.35036691E-7 5.35036691E-7 0 0 0 0 0 0
76.6499939 4.99992371E-2 5.3390005E-7 5.3390005E-7 0 0 0 0 0 0
76.75 5.00030518E-2 5.32767217E-7 5.32767217E-7 0 0 0 0 0 0
76.8500061 4.99992371E-2 5.31638193E-7 5.31638193E-7 0 0 0 0 0 0
76.9499969 4.99992371E-2 5.30513148E-7 5.30513148E-7 0 0 0 0 0 0
77.0500031 4.99992371E-2 5.29391912E-7 5.29391912E-7 0 0 0 0 0 0
77.1499939 4.99992371E-2 5.28274427E-7 5.28274427E-7 0 0 0 0 0 0
77.25 5.00030518E-2 5.27160807E-7 5.27160807E-7 0 0 0 0 0 0
77.3500061 4.99992371E-2 5.2605094E-7 5.2605094E-7 0 0 0 0 0 0
77.4499969 4.99992371E-2 5.2494488E-7 5.2494488E-7 0 0 0 0 0 0
77.5500031 4.99992371E-2 5.23842516E-7 5.23842516E-7 0 0 0 0 0 0
77.6499939 4.99992371E-2 5.22743846E-7 5.22743846E-7 0 0 0 0 0 0
77.75 5.00030518E-2 5.21648985E-7 5.21648985E-7 0 0 0 0 0 0
77.8500061 4.99992371E-2 5.20557762E-7 5.20557762E-7 0 0 0 0 0 0
77.9499969 4.99992371E-2 5.19470177E-7 5.19470177E-7 0 0 0 0 0 0
78.0500031 4.99992371E-2 5.18386287E-7 5.18386287E-7 0 0 0 0 0 0
78.1499939 4.99992371E-2 5.17306148E-7 5.17306148E-7 0 0 0 0 0 0
78.25 5.00030518E-2 5.16229477E-7 5.16229477E-7 0 0 0 0 0 0
78.3500061 4.99992371E-2 5.15156444E-7 5.15156444E-7 0 0 0 0 0 0
78.4499969 4.99992371E-2 5.14087048E-7 5.14087048E-7 0 0 0 0 0 0
78.5500031 4.99992371E-2 5.13021291E-7 5.13021291E-7 0 0 0 0 0 0
78.6499939 4.99992371E-2 5.11959001E-7 5.11959001E-7 0 0 0 0 0 0
78.75 5.00030518E-2 5.10900236E-7 5.10900236E-7 0 0 0 0 0 0
78.8500061 4.99992371E-2 5.09845052E-7 5.09845052E-7 0 0 0 0 0 0
78.9499969 4.99992371E-2 5.08793335E-7 5.08793335E-7 0 0 0 0 0 0
79.0500031 4.99992371E-2 5.07745199E-7 5.07745199E-7 0 0 0 0 0 0
79.1499939 4.99992371E-2 5.06700474E-7 5.06700474E-7 0 0 0 0 0 0
79.25 5.00030518E-2 5.05659216E-7 5.05659216E-7 0 0 0 0 0 0
79.3500061 4.99992371E-2 5.04621426E-7 5.04621426E-7 0 0 0 0 0 0
79.4499969 4.99992371E-2 5.03587046E-7 5.03587046E-7 0 0 0 0 0 0
79.5500031 4.99992371E-2 5.02556077E-7 5.02556077E-7 0 0 0 0 0 0
79.6499939 4.99992371E-2 5.01528518E-7 5.01528518E-7 0 0 0 0 0 0
79.75 5.00030518E-2 5.00504314E-7 5.00504314E-7 0 0 0 0 0 0
79.8500061 4.99992371E-2 4.99483463E-7 4.99483463E-7 0 0 0 0 0 0
79.9499969 4.99992371E-2 4.98466022E-7 4.98466022E-7 0 0 0 0 0 0
80.0500031 4.99992371E-2 4.97451936E-7 4.97451936E-7 0 0 0 0 0 0
80.1499939 4.99992371E-2 4.96441146E-7 4.96441146E-7 0 0 0 0 0 0
80.25 5.00030518E-2 4.95433653E-7 4.95433653E-7 0 0 0 0 0 0
80.3500061 4.99992371E-2 4.94429457E-7 4.94429457E-7 0 0 0 0 0 0
80.4499969 4.99992371E-2 4.93428502E-7 4.93428502E-7 0 0 0 0 0 0
80.5500031 4.99992371E-2 4.924309E-7 4.924309E-7 0 0 0 0 0 0
80.6499939 4.99992371E-2 4.91436538E-7 4.91436538E-7 0 0 0 0 0 0
80.75 5.00030518E-2 4.90445416E-7 4.90445416E-7 0 0 0 0 0 0
80.8500061 4.99992371E-2 4.89457364E-7 4.89457364E-7 0 0 0 0 0 0
80.9499969 4.99992371E-2 4.88472665E-7 4.88472665E-7 0 0 0 0 0 0
81.0500031 4.99992371E-2 4.87491093E-7 4.87491093E-7 0 0 0 0 0 0
81.1499939 4.99992371E-2 4.86512818E-7 4.86512818E-7 0 0 0 0 0 0
81.25 5.00030518E-2 4.85537555E-7 4.85537555E-7 0 0 0 0 0 0
81.3500061 4.99992371E-2 4.84565476E-7 4.84565476E-7 0 0 0 0 0 0
81.4499969 4.99992371E-2 4.8359658E-7 4.8359658E-7 0 0 0 0 0 0
81.5500031 4.99992371E-2 4.8263081E-7 4.8263081E-7 0 0 0 0 0 0
81.6499939 4.99992371E-2 4.8166811E-7 4.8166811E-7 0 0 0 0 0 0
81.75 5.00030518E-2 4.80708479E-7 4.80708479E-7 0 0 0 0 0 0
81.8500061 4.99992371E-2 4.79751918E-7 4.79751918E-7 0 0 0 0 0 0
81.9499969 4.99992371E-2 4.7879854E-7 4.7879854E-7 0 0 0 0 0 0
82.0500031 4.99992371E-2 4.77848175E-7 4.77848175E-7 0 0 0 0 0 0
82.1499939 4.99992371E-2 4.76900766E-7 4.76900766E-7 0 0 0 0 0 0
82.25 5.00030518E-2 4.75956455E-7 4.75956455E-7 0 0 0 0 0 0
82.3500061 4.99992371E-2 4.75015014E-7 4.75015014E-7 0 0 0 0 0 0
82.4499969 4.99992371E-2 4.74076785E-7 4.74076785E-7 0 0 0 0 0 0
82.5500031 4.99992371E-2 4.73141398E-7 4.73141398E-7 0 0 0 0 0 0
82.6499939 4.99992371E-2 4.72209138E-7 4.72209138E-7 0 0 0 0 0 0
82.75 5.00030518E-2 4.71279662E-7 4.71279662E-7 0 0 0 0 0 0
82.8500061 4.99992371E-2 4.70353228E-7 4.70353228E-7 0 0 0 0 0 0
82.9499969 4.99992371E-2 4.69429722E-7 4.69429722E-7 0 0 0 0 0 0
83.0500031 4.99992371E-2 4.68509143E-7 4.68509143E-7 0 0 0 0 0 0
83.1499939 4.99992371E-2 4.67591462E-7 4.67591462E-7 0 0 0 0 0 0
83.25 5.00030518E-2 4.66676596E-7 4.66676596E-7 0 0 0 0 0 0
83.3500061 4.99992371E-2 4.65764714E-7 4.65764714E-7 0 0 0 0 0 0
83.4499969 4.99992371E-2 4.64855646E-7 4.64855646E-7 0 0 0 0 0 0
83.5500031 4.99992371E-2 4.63949505E-7 4.63949505E-7 0 0 0 0 0 0
83.6499939 4.99992371E-2 4.63046149E-7 4.63046149E-7 0 0 0 0 0 0
83.75 5.00030518E-2 4.62145607E-7 4.62145607E-7 0 0 0 0 0 0
83.8500061 4.99992371E-2 4.61247936E-7 4.61247936E-7 0 0 0 0 0 0
83.9499969 4.99992371E-2 4.60352993E-7 4.60352993E-7 0 0 0 0 0 0
84.0500031 4.99992371E-2 4.59461035E-7 4.59461035E-7 0 0 0 0 0 0
84.1499939 4.99992371E-2 4.58571691E-7 4.58571691E-7 0 0 0 0 0 0
84.25 5.00030518E-2 4.57685218E-7 4.57685218E-7 0 0 0 0 0 0
84.3500061 4.99992371E-2 4.56801416E-7 4.56801416E-7 0 0 0 0 0 0
84.4499969 4.99992371E-2 4.559204E-7 4.559204E-7 0 0 0 0 0 0
84.5500031 4.99992371E-2 4.55042141E-7 4.55042141E-7 0 0 0 0 0 0
84.6499939 4.99992371E-2 4.54166639E-7 4.54166639E-7 0 0 0 0 0 0
84.75 5.00030518E-2 4.53293751E-7 4.53293751E-7 0 0 0 0 0 0
84.8500061 4.99992371E-2 4.5242362E-7 4.5242362E-7 0 0 0 0 0 0
84.9499969 4.99992371E-2 4.51556218E-7 4.51556218E-7 0 0 0 0 0 0
85.0500031 4.99992371E-2 4.50691459E-7 4.50691459E-7 0 0 0 0 0 0
85.1499939 4.99992371E-2 4.498294E-7 4.498294E-7 0 0 0 0 0 0
85.25 5.00030518E-2 4.48969928E-7 4.48969928E-7 0 0 0 0 0 0
85.3500061 4.99992371E-2 4.48113127E-7 4.48113127E-7 0 0 0 0 0 0
85.4499969 4.99992371E-2 4.47258941E-7 4.47258941E-7 0 0 0 0 0 0
85.5500031 4.99992371E-2 4.46407427E-7 4.46407427E-7 0 0 0 0 0 0
85.6499939 4.99992371E-2 4.45558555E-7 4.45558555E-7 0 0 0 0 0 0
85.75 5.00030518E-2 4.44712271E-7 4.44712271E-7 0 0 0 0 0 0
85.8500061 4.99992371E-2 4.43868487E-7 4.43868487E-7 0 0 0 0 0 0
85.9499969 4.99992371E-2 4.43027375E-7 4.43027375E-7 0 0 0 0 0 0
86.0500031 4.99992371E-2 4.42188764E-7 4.42188764E-7 0 0 0 0 0 0
86.1499939 4.99992371E-2 4.41352796E-7 4.41352796E-7 0 0 0 0 0 0
86.25 5.00030518E-2 4.40519273E-7 4.40519273E-7 0 0 0 0 0 0
86.3500061 4.99992371E-2 4.39688279E-7 4.39688279E-7 0 0 0 0 0 0
86.4499969 4.99992371E-2 4.388599E-7 4.388599E-7 0 0 0 0 0 0
86.5500031 4.99992371E-2 4.3803405E-7 4.3803405E-7 0 0 0 0 0 0
86.6499939 4.99992371E-2 4.37210673E-7 4.37210673E-7 0 0 0 0 0 0
86.75 5.00030518E-2 4.36389712E-7 4.36389712E-7 0 0 0 0 0 0
86.8500061 4.99992371E-2 4.35571309E-7 4.35571309E-7 0 0 0 0 0 0
86.9499969 4.99992371E-2 4.34755378E-7 4.34755378E-7 0 0 0 0 0 0
87.0500031 4.99992371E-2 4.33941864E-7 4.33941864E-7 0 0 0 0 0 0
87.1499939 4.99992371E-2 4.3313085E-7 4.3313085E-7 0 0 0 0 0 0
87.25 5.00030518E-2 4.32322281E-7 4.32322281E-7 0 0 0 0 0 0
87.3500061 4.99992371E-2 4.31516071E-7 4.31516071E-7 0 0 0 0 0 0
87.4499969 4.99992371E-2 4.30712362E-7 4.30712362E-7 0 0 0 0 0 0
87.5500031 4.99992371E-2 4.29911012E-7 4.29911012E-7 0 0 0 0 0 0
87.6499939 4.99992371E-2 4.29112134E-7 4.29112134E-7 0 0 0 0 0 0
87.75 5.00030518E-2 4.28315644E-7 4.28315644E-7 0 0 0 0 0 0
87.8500061 4.99992371E-2 4.27521428E-7 4.27521428E-7 0 0 0 0 0 0
87.9499969 4.99992371E-2 4.26729713E-7 4.26729713E-7 0 0 0 0 0 0
88.0500031 4.99992371E-2 4.259403E-7 4.259403E-7 0 0 0 0 0 0
88.1499939 4.99992371E-2 4.25153161E-7 4.25153161E-7 0 0 0 0 0 0
88.25 5.00030518E-2 4.24368551E-7 4.24368551E-7 0 0 0 0 0 0
88.3500061 4.99992371E-2 4.23586101E-7 4.23586101E-7 0 0 0 0 0 0
88.4499969 4.99992371E-2 4.22806067E-7 4.22806067E-7 0 0 0 0 0 0
88.5500031 4.99992371E-2 4.22028279E-7 4.22028279E-7 0 0 0 0 0 0
88.6499939 4.99992371E-2 4.21252878E-7 4.21252878E-7 0 0 0 0 0 0
88.75 5.00030518E-2 4.20479751E-7 4.20479751E-7 0 0 0 0 0 0
88.8500061 4.99992371E-2 4.19708869E-7 4.19708869E-7 0 0 0 0 0 0
88.9499969 4.99992371E-2 4.18940346E-7 4.18940346E-7 0 0 0 0 0 0
89.0500031 4.99992371E-2 4.18174011E-7 4.18174011E-7 0 0 0 0 0 0
89.1499939 4.99992371E-2 4.17409979E-7 4.17409979E-7 0 0 0 0 0 0
89.25 5.00030518E-2 4.16648135E-7 4.16648135E-7 0 0 0 0 0 0
89.3500061 4.99992371E-2 4.15888593E-7 4.15888593E-7 0 0 0 0 0 0
89.4499969 4.99992371E-2 4.1513124E-7 4.1513124E-7 0 0 0 0 0 0
89.5500031 4.99992371E-2 4.14376132E-7 4.14376132E-7 0 0 0 0 0 0
89.6499939 4.99992371E-2 4.13623269E-7 4.13623269E-7 0 0 0 0 0 0
89.75 5.00030518E-2 4.12872595E-7 4.12872595E-7 0 0 0 0 0 0
89.8500061 4.99992371E-2 4.12124052E-7 4.12124052E-7 0 0 0 0 0 0
89.9499969 4.99992371E-2 4.11377755E-7 4.11377755E-7 0 0 0 0 0 0
90.0500031 4.99992371E-2 4.10633646E-7 4.10633646E-7 0 0 0 0 0 0
90.1499939 4.99992371E-2 4.09891641E-7 4.09891641E-7 0 0 0 0 0 0
90.25 5.00030518E-2 4.09151909E-7 4.09151909E-7 0 0 0 0 0 0
90.3500061 4.99992371E-2 4.08414223E-7 4.08414223E-7 0 0 0 0 0 0
90.4499969 4.99992371E-2 4.07678726E-7 4.07678726E-7 0 0 0 0 0 0
90.5500031 4.99992371E-2 4.06945304E-7 4.06945304E-7 0 0 0 0 0 0
90.6499939 4.99992371E-2 4.0621407E-7 4.0621407E-7 0 0 0 0 0 0
90.75 5.00030518E-2 4.0548494E-7 4.0548494E-7 0 0 0 0 0 0
90.8500061 4.99992371E-2 4.04757941E-7 4.04757941E-7 0 0 0 0 0 0
90.9499969 4.99992371E-2 4.04033017E-7 4.04033017E-7 0 0 0 0 0 0
91.0500031 4.99992371E-2 4.03310167E-7 4.03310167E-7 0 0 0 0 0 0
91.1499939 4.99992371E-2 4.02589421E-7 4.02589421E-7 0 0 0 0 0 0
91.25 5.00030518E-2 4.01870778E-7 4.01870778E-7 0 0 0 0 0 0
91.3500061 4.99992371E-2 4.01154153E-7 4.01154153E-7 0 0 0 0 0 0
91.4499969 4.99992371E-2 4.00439603E-7 4.00439603E-7 0 0 0 0 0 0
91.5500031 4.99992371E-2 3.99727099E-7 3.99727099E-7 0 0 0 0 0 0
91.6499939 4.99992371E-2 3.99016699E-7 3.99016699E-7 0 0 0 0 0 0
91.75 5.00030518E-2 3.98308259E-7 3.98308259E-7 0 0 0 0 0 0
91.8500061 4.99992371E-2 3.97601838E-7 3.97601838E-7 0 0 0 0 0 0
91.9499969 4.99992371E-2 3.96897491E-7 3.96897491E-7 0 0 0 0 0 0
92.0500031 4.99992371E-2 3.96195134E-7 3.96195134E-7 0 0 0 0 0 0
92.1499939 4.99992371E-2 3.95494766E-7 3.95494766E-7 0 0 0 0 0 0
92.25 5.00030518E-2 3.94796473E-7 3.94796473E-7 0 0 0 0 0 0
92.3500061 4.99992371E-2 3.94100027E-7 3.94100027E-7 0 0 0 0 0 0
92.4499969 4.99992371E-2 3.934056E-7 3.934056E-7 0 0 0 0 0 0
92.5500031 4.99992371E-2 3.92713247E-7 3.92713247E-7 0 0 0 0 0 0
92.6499939 4.99992371E-2 3.9202277E-7 3.9202277E-7 0 0 0 0 0 0
92.75 5.00030518E-2 3.91334254E-7 3.91334254E-7 0 0 0 0 0 0
92.8500061 4.99992371E-2 3.90647699E-7 3.90647699E-7 0 0 0 0 0 0
92.9499969 4.99992371E-2 3.89963077E-7 3.89963077E-7 0 0 0 0 0 0
93.0500031 4.99992371E-2 3.89280387E-7 3.89280387E-7 0 0 0 0 0 0
93.1499939 4.99992371E-2 3.88599602E-7 3.88599602E-7 0 0 0 0 0 0
93.25 5.00030518E-2 3.87920807E-7 3.87920807E-7 0 0 0 0 0 0
93.3500061 4.99992371E-2 3.87243887E-7 3.87243887E-7 0 0 0 0 0 0
93.4499969 4.99992371E-2 3.86568871E-7 3.86568871E-7 0 0 0 0 0 0
93.5500031 4.99992371E-2 3.85895731E-7 3.85895731E-7 0 0 0 0 0 0
93.6499939 4.99992371E-2 3.85224496E-7 3.85224496E-7 0 0 0 0 0 0
93.75 5.00030518E-2 3.84555193E-7 3.84555193E-7 0 0 0 0 0 0
93.8500061 4.99992371E-2 3.83887624E-7 3.83887624E-7 0 0 0 0 0 0
93.9499969 4.99992371E-2 3.83222044E-7 3.83222044E-7 0 0 0 0 0 0
94.0500031 4.99992371E-2 3.82558227E-7 3.82558227E-7 0 0 0 0 0 0
94.1499939 4.99992371E-2 3.81896371E-7 3.81896371E-7 0 0 0 0 0 0
94.25 5.00030518E-2 3.81236305E-7 3.81236305E-7 0 0 0 0 0 0
94.3500061 4.99992371E-2 3.80578086E-7 3.80578086E-7 0 0 0 0 0 0
94.4499969 4.99992371E-2 3.79921687E-7 3.79921687E-7 0 0 0 0 0 0
94.5500031 4.99992371E-2 3.79267163E-7 3.79267163E-7 0 0 0 0 0 0
94.6499939 4.99992371E-2 3.78614459E-7 3.78614459E-7 0 0 0 0 0 0
94.75 5.00030518E-2 3.7796346E-7 3.7796346E-7 0 0 0 0 0 0
94.8500061 4.99992371E-2 3.77314308E-7 3.77314308E-7 0 0 0 0 0 0
94.9499969 4.99992371E-2 3.76666975E-7 3.76666975E-7 0 0 0 0 0 0
95.0500031 4.99992371E-2 3.76021433E-7 3.76021433E-7 0 0 0 0 0 0
95.1499939 4.99992371E-2 3.75377709E-7 3.75377709E-7 0 0 0 0 0 0
95.25 5.00030518E-2 3.74735691E-7 3.74735691E-7 0 0 0 0 0 0
95.3500061 4.99992371E-2 3.74095492E-7 3.74095492E-7 0 0 0 0 0 0
95.4499969 4.99992371E-2 3.73457027E-7 3.73457027E-7 0 0 0 0 0 0
95.5500031 4.99992371E-2 3.72820381E-7 3.72820381E-7 0 0 0 0 0 0
95.6499939 4.99992371E-2 3.72185383E-7 3.72185383E-7 0 0 0 0 0 0
95.75 5.00030518E-2 3.71552204E-7 3.71552204E-7 0 0 0 0 0 0
95.8500061 4.99992371E-2 3.70920702E-7 3.70920702E-7 0 0 0 0 0 0
95.9499969 4.99992371E-2 3.70290962E-7 3.70290962E-7 0 0 0 0 0 0
96.0500031 4.99992371E-2 3.69662928E-7 3.69662928E-7 0 0 0 0 0 0
96.1499939 4.99992371E-2 3.69036627E-7 3.69036627E-7 0 0 0 0 0 0
96.25 5.00030518E-2 3.6841206E-7 3.6841206E-7 0 0 0 0 0 0
96.3500061 4.99992371E-2 3.67789141E-7 3.67789141E-7 0 0 0 0 0 0
96.4499969 4.99992371E-2 3.67167928E-7 3.67167928E-7 0 0 0 0 0 0
96.5500031 4.99992371E-2 3.66548477E-7 3.66548477E-7 0 0 0 0 0 0
96.6499939 4.99992371E-2 3.65930646E-7 3.65930646E-7 0 0 0 0 0 0
96.75 5.00030518E-2 3.6531452E-7 3.6531452E-7 0 0 0 0 0 0
96.8500061 4.99992371E-2 3.64699986E-7 3.64699986E-7 0 0 0 0 0 0
96.9499969 4.99992371E-2 3.64087242E-7 3.64087242E-7 0 0 0 0 0 0
97.0500031 4.99992371E-2 3.6347609E-7 3.6347609E-7 0 0 0 0 0 0
97.1499939 4.99992371E-2 3.62866587E-7 3.62866587E-7 0 0 0 0 0 0
97.25 5.00030518E-2 3.6225876E-7 3.6225876E-7 0 0 0 0 0 0
97.3500061 4.99992371E-2 3.61652553E-7 3.61652553E-7 0 0 0 0 0 0
97.4499969 4.99992371E-2 3.61047967E-7 3.61047967E-7 0 0 0 0 0 0
97.5500031 4.99992371E-2 3.60445057E-7 3.60445057E-7 0 0 0 0 0 0
97.6499939 4.99992371E-2 3.59843767E-7 3.59843767E-7 0 0 0 0 0 0
97.75 5.00030518E-2 3.59244041E-7 3.59244041E-7 0 0 0 0 0 0
97.8500061 4.99992371E-2 3.58645934E-7 3.58645934E-7 0 0 0 0 0 0
97.9499969 4.99992371E-2 3.58049476E-7 3.58049476E-7 0 0 0 0 0 0
98.0500031 4.99992371E-2 3.5745461E-7 3.5745461E-7 0 0 0 0 0 0
98.1499939 4.99992371E-2 3.56861278E-7 3.56861278E-7 0 0 0 0 0 0
98.25 5.00030518E-2 3.56269624E-7 3.56269624E-7 0 0 0 0 0 0
98.3500061 4.99992371E-2 3.55679447E-7 3.55679447E-7 0 0 0 0 0 0
98.4499969 4.99992371E-2 3.55090918E-7 3.55090918E-7 0 0 0 0 0 0
98.5500031 4.99992371E-2 3.54503925E-7 3.54503925E-7 0 0 0 0 0 0
98.6499939 4.99992371E-2 3.53918551E-7 3.53918551E-7 0 0 0 0 0 0
98.75 5.00030518E-2 3.53334684E-7 3.53334684E-7 0 0 0 0 0 0
98.8500061 4.99992371E-2 3.52752352E-7 3.52752352E-7 0 0 0 0 0 0
98.9499969 4.99992371E-2 3.52171583E-7 3.52171583E-7 0 0 0 0 0 0
99.0500031 4.99992371E-2 3.51592348E-7 3.51592348E-7 0 0 0 0 0 0
99.1499939 4.99992371E-2 3.51014705E-7 3.51014705E-7 0 0 0 0 0 0
99.25 5.00030518E-2 3.50438597E-7 3.50438597E-7 0 0 0 0 0 0
99.3500061 4.99992371E-2 3.49863882E-7 3.49863882E-7 0 0 0 0 0 0
99.4499969 4.99992371E-2 3.49290815E-7 3.49290815E-7 0 0 0 0 0 0
99.5500031 4.99992371E-2 3.48719226E-7 3.48719226E-7 0 0 0 0 0 0
99.6499939 4.99992371E-2 3.48149143E-7 3.48149143E-7 0 0 0 0 0 0
99.75 5.00030518E-2 3.47580539E-7 3.47580539E-7 0 0 0 0 0 0
99.8500061 4.99992371E-2 3.4701344E-7 3.4701344E-7 0 0 0 0 0 0
99.9499969 4.99992371E-2 3.46447848E-7 3.46447848E-7 0 0 0 0 0 0
