  0.930129E-02   70.5406       124992.       12.0621       0.00000      0.775516E-01  0.276461E-02   0.00000    
  0.992405E-02   67.5603       119708.       12.6488       0.00000      0.775501E-01  0.302704E-02   0.00000    
  0.105885E-01   64.7119       114659.       13.4537       0.00000      0.775485E-01  0.336146E-02   0.00000    
  0.112974E-01   61.9904       109834.       14.3069       0.00000      0.775466E-01  0.373164E-02   0.00000    
  0.120539E-01   59.3909       105226.       15.2107       0.00000      0.775446E-01  0.414114E-02   0.00000    
  0.128609E-01   56.9087       100825.       16.1678       0.00000      0.775424E-01  0.459385E-02   0.00000    
  0.137220E-01   54.5391       96623.7       17.1808       0.00000      0.775399E-01  0.509392E-02   0.00000    
  0.146407E-01   52.2778       92614.3       18.2523       0.00000      0.775372E-01  0.564589E-02   0.00000    
  0.156210E-01   50.1206       88789.2       19.3850       0.00000      0.775342E-01  0.625458E-02   0.00000    
  0.166669E-01   48.0635       85141.4       20.5816       0.00000      0.775309E-01  0.692520E-02   0.00000    
  0.177828E-01   46.1026       81663.9       21.8450       0.00000      0.775272E-01  0.766327E-02   0.00000    
  0.189734E-01   44.2342       78350.2       23.1777       0.00000      0.775232E-01  0.847467E-02   0.00000    
  0.202438E-01   42.4547       75193.9       24.5825       0.00000      0.775187E-01  0.936561E-02   0.00000    
  0.215992E-01   40.7338       72141.4       26.0621       0.00000      0.775138E-01  0.103495E-01   0.00000    
  0.230453E-01   39.0198       69101.0       27.6189       0.00000      0.775083E-01  0.114503E-01   0.00000    
  0.245883E-01   37.3379       66117.1       29.2555       0.00000      0.775021E-01  0.126761E-01   0.00000    
  0.262346E-01   35.7343       63271.9       30.9739       0.00000      0.774952E-01  0.140242E-01   0.00000    
  0.279911E-01   34.2058       60559.6       32.7764       0.00000      0.774877E-01  0.155050E-01   0.00000    
  0.298652E-01   32.7490       57974.3       34.6647       0.00000      0.774794E-01  0.171295E-01   0.00000    
  0.318648E-01   31.3607       55510.0       36.6403       0.00000      0.774703E-01  0.189095E-01   0.00000    
  0.339982E-01   30.0376       53161.1       38.7042       0.00000      0.774602E-01  0.208572E-01   0.00000    
  0.362746E-01   28.7764       50921.8       40.8572       0.00000      0.774492E-01  0.229857E-01   0.00000    
  0.387033E-01   27.5738       48786.1       43.0993       0.00000      0.774370E-01  0.253085E-01   0.00000    
  0.412946E-01   26.4265       46748.2       45.4301       0.00000      0.774237E-01  0.278401E-01   0.00000    
  0.440595E-01   25.3223       44786.4       47.8485       0.00000      0.774091E-01  0.306066E-01   0.00000    
  0.470094E-01   24.2533       42886.7       50.3526       0.00000      0.773929E-01  0.336350E-01   0.00000    
  0.501569E-01   23.2251       41059.2       52.9397       0.00000      0.773752E-01  0.369371E-01   0.00000    
  0.535151E-01   22.2389       39305.7       55.6059       0.00000      0.773557E-01  0.405282E-01   0.00000    
  0.570981E-01   21.2908       37619.6       58.3465       0.00000      0.773343E-01  0.444317E-01   0.00000    
  0.609211E-01   20.3771       35994.2       61.1557       0.00000      0.773108E-01  0.486739E-01   0.00000    
  0.650000E-01   19.5028       34438.5       64.0262       0.00000      0.772852E-01  0.532606E-01   0.00000    
  0.693520E-01   18.6771       32968.6       66.9496       0.00000      0.772574E-01  0.581755E-01   0.00000    
  0.739953E-01   17.8865       31560.5       69.9160       0.00000      0.772270E-01  0.634635E-01   0.00000    
  0.789496E-01   17.1131       30182.9       72.9140       0.00000      0.771937E-01  0.692057E-01   0.00000    
  0.842356E-01   16.3529       28828.3       75.9307       0.00000      0.771568E-01  0.754553E-01   0.00000    
  0.898755E-01   15.6419       27560.7       78.9516       0.00000      0.771172E-01  0.820657E-01   0.00000    
  0.958930E-01   14.9769       26374.4       81.9608       0.00000      0.770747E-01  0.890257E-01   0.00000    
  0.102313       14.3129       25189.7       84.9407       0.00000      0.770276E-01  0.966016E-01   0.00000    
  0.109164       13.6704       24042.9       87.8719       0.00000      0.769762E-01  0.104702       0.00000    
  0.116473       13.0692       22969.0       90.7340       0.00000      0.769212E-01  0.113167       0.00000    
  0.124271       12.4796       21915.6       93.5048       0.00000      0.768609E-01  0.122228       0.00000    
  0.132591       11.9098       20897.0       96.1608       0.00000      0.767954E-01  0.131827       0.00000    
  0.141469       11.3715       19934.3       98.6773       0.00000      0.767252E-01  0.141809       0.00000    
  0.150941       10.8424       18987.7       101.028       0.00000      0.766483E-01  0.152426       0.00000    
  0.161047       10.3368       18082.7       103.187       0.00000      0.765655E-01  0.163474       0.00000    
  0.171830       9.84947       17210.0       105.124       0.00000      0.764760E-01  0.174989       0.00000    
  0.183334       9.37832       16365.9       106.812       0.00000      0.763791E-01  0.186968       0.00000    
  0.195609       8.92793       15558.7       108.220       0.00000      0.762750E-01  0.199261       0.00000    
  0.208706       8.48883       14771.5       109.318       0.00000      0.761620E-01  0.212007       0.00000    
  0.222680       8.06927       14019.0       110.073       0.00000      0.760408E-01  0.224929       0.00000    
  0.237589       7.66560       13294.9       110.452       0.00000      0.759105E-01  0.237998       0.00000    
  0.253496       7.27281       12590.2       110.425       0.00000      0.757696E-01  0.251256       0.00000    
  0.270469       6.89696       11915.7       109.956       0.00000      0.756190E-01  0.264349       0.00000    
  0.288578       6.53688       11269.6       109.013       0.00000      0.754582E-01  0.277108       0.00000    
  0.307899       6.18874       10644.9       107.563       0.00000      0.752857E-01  0.289466       0.00000    
  0.328515       5.85311       10043.0       105.576       0.00000      0.751014E-01  0.301147       0.00000    
  0.350510       5.52988       9463.47       103.022       0.00000      0.749049E-01  0.311855       0.00000    
  0.373978       5.21861       8905.83       99.8751       0.00000      0.746958E-01  0.321261       0.00000    
  0.399017       4.91881       8369.24       96.1151       0.00000      0.744739E-01  0.328987       0.00000    
  0.425733       4.63013       7853.20       91.7260       0.00000      0.742391E-01  0.334594       0.00000    
  0.454237       4.35217       7357.08       86.6996       0.00000      0.739911E-01  0.337586       0.00000    
  0.484650       4.08346       6878.40       81.0364       0.00000      0.737290E-01  0.337493       0.00000    
  0.517099       3.82504       6419.08       74.7471       0.00000      0.734540E-01  0.333576       0.00000    
  0.551721       3.57731       5979.94       67.8544       0.00000      0.731673E-01  0.325054       0.00000    
  0.588661       3.33845       5557.84       60.3942       0.00000      0.728678E-01  0.311290       0.00000    
  0.628074       3.10837       5152.70       52.4171       0.00000      0.725561E-01  0.291417       0.00000    
  0.670126       2.88695       4764.39       43.9893       0.00000      0.722329E-01  0.264497       0.00000    
  0.714994       2.67409       4392.75       35.1937       0.00000      0.718992E-01  0.229515       0.00000    
  0.762866       2.46967       4037.64       26.1296       0.00000      0.715561E-01  0.185392       0.00000    
  0.813943       2.27364       3698.96       16.9128       0.00000      0.712050E-01  0.130986       0.00000    
  0.868439       2.08597       3376.61       7.67431       0.00000      0.708475E-01  0.651103E-01   0.00000    
  0.926584       1.90664       3070.57      -1.44170       0.00000      0.704854E-01 -0.134508E-01   0.00000    
  0.988623       1.73570       2780.80      -10.2808       0.00000      0.701209E-01 -0.105913       0.00000    
   1.05482       1.57319       2507.29      -18.6825       0.00000      0.697564E-01 -0.213459       0.00000    
   1.12544       1.41920       2250.04      -26.4849       0.00000      0.693946E-01 -0.337195       0.00000    
   1.20079       1.27380       2009.01      -33.5316       0.00000      0.690385E-01 -0.478105       0.00000    
   1.28119       1.13708       1784.16      -39.6776       0.00000      0.686912E-01 -0.636989       0.00000    
   1.36697       1.00910       1575.39      -44.7972       0.00000      0.683562E-01 -0.814402       0.00000    
   1.45849      0.889917       1382.53      -48.7908       0.00000      0.680371E-01  -1.01059       0.00000    
   1.55615      0.779540       1205.37      -51.5916       0.00000      0.677373E-01  -1.22543       0.00000    
   1.66034      0.677942       1043.59      -53.1712       0.00000      0.674605E-01  -1.45836       0.00000    
   1.77150      0.585045       896.812      -53.5431       0.00000      0.672100E-01  -1.70836       0.00000    
   1.89011      0.500712       764.556      -52.7638       0.00000      0.669889E-01  -1.97393       0.00000    
   2.01666      0.424746       646.262      -50.9318       0.00000      0.667995E-01  -2.25308       0.00000    
   2.15168      0.356887       541.287      -48.1829       0.00000      0.666438E-01  -2.54340       0.00000    
   2.29575      0.296814       448.918      -44.6833       0.00000      0.665230E-01  -2.84213       0.00000    
   2.44946      0.244149       368.377      -40.6203       0.00000      0.664374E-01  -3.14624       0.00000    
   2.61346      0.198459       298.839      -36.1911       0.00000      0.663863E-01  -3.45260       0.00000    
   2.78844      0.159269       239.438      -31.5918       0.00000      0.663683E-01  -3.75813       0.00000    
   2.97514      0.126064       189.283      -27.0055       0.00000      0.663812E-01  -4.05988       0.00000    
   3.17433      0.983042E-01   147.468      -22.5933       0.00000      0.664223E-01  -4.35522       0.00000    
   3.38687      0.754315E-01   113.089      -18.4863       0.00000      0.664881E-01  -4.64191       0.00000    
   3.61363      0.568811E-01   85.2510      -14.7811       0.00000      0.665752E-01  -4.91818       0.00000    
   3.85558      0.420932E-01   63.0829      -11.5385       0.00000      0.666799E-01  -5.18271       0.00000    
   4.11372      0.305235E-01   45.7500      -8.78467       0.00000      0.667986E-01  -5.43467       0.00000    
   4.38915      0.216543E-01   32.4660      -6.51521       0.00000      0.669280E-01  -5.67364       0.00000    
   4.68302      0.150038E-01   22.5047      -4.70112       0.00000      0.670650E-01  -5.89956       0.00000    
   4.99657      0.101350E-01   15.2100      -3.29554       0.00000      0.672072E-01  -6.11265       0.00000    
   5.33111      0.666167E-02   10.0035      -2.24094       0.00000      0.673522E-01  -6.31332       0.00000    
   5.68805      0.425206E-02   6.38938      -1.47561       0.00000      0.674982E-01  -6.50214       0.00000    
   6.06889      0.262994E-02   3.95466     -0.939174       0.00000      0.676437E-01  -6.67972       0.00000    
   6.47522      0.157266E-02   2.36653     -0.576610       0.00000      0.677875E-01  -6.84671       0.00000    
   6.90877      0.907032E-03   1.36589     -0.340747       0.00000      0.679288E-01  -7.00378       0.00000    
   7.37133      0.503274E-03  0.758430     -0.193364       0.00000      0.680668E-01  -7.15151       0.00000    
   7.86487      0.267920E-03  0.404044     -0.105102       0.00000      0.682011E-01  -7.29050       0.00000    
   8.39146      0.136451E-03  0.205924     -0.545710E-01   0.00000      0.683311E-01  -7.42127       0.00000    
   8.95330      0.662817E-04  0.100098     -0.269871E-01   0.00000      0.684567E-01  -7.54432       0.00000    
   9.55276      0.306090E-04  0.462559E-01 -0.126717E-01   0.00000      0.685776E-01  -7.66011       0.00000    
   10.1924      0.133919E-04  0.202507E-01 -0.563054E-02   0.00000      0.686936E-01  -7.76907       0.00000    
   10.8748      0.553079E-05  0.836857E-02 -0.235910E-02   0.00000      0.688046E-01  -7.87157       0.00000    
   11.6029      0.214775E-05  0.325164E-02 -0.928459E-03   0.00000      0.689108E-01  -7.96798       0.00000    
   12.3797      0.780959E-06  0.118301E-02 -0.341845E-03   0.00000      0.690119E-01  -8.05864       0.00000    
   13.2086      0.264730E-06  0.401229E-03 -0.117235E-03   0.00000      0.691081E-01  -8.14389       0.00000    
   14.0930      0.832653E-07  0.126261E-03 -0.372759E-04   0.00000      0.691994E-01  -8.22404       0.00000    
   15.0366      0.241791E-07  0.366818E-04 -0.109345E-04   0.00000      0.692859E-01  -8.29940       0.00000    
   16.0433      0.644787E-08  0.978629E-05 -0.294356E-05   0.00000      0.693678E-01  -8.37022       0.00000    
   17.1175      0.157011E-08  0.238402E-05 -0.723116E-06   0.00000      0.694452E-01  -8.43674       0.00000    
   18.2636      0.347016E-09  0.527108E-06 -0.161137E-06   0.00000      0.695183E-01  -8.49919       0.00000    
   19.4864      0.691655E-10  0.105098E-06 -0.323641E-07   0.00000      0.695871E-01  -8.55787       0.00000    
   20.7911      0.123478E-10  0.187690E-07 -0.581937E-08   0.00000      0.696518E-01  -8.61308       0.00000    
   22.1831      0.196017E-11  0.298044E-08 -0.930016E-09   0.00000      0.697127E-01  -8.66501       0.00000    
   23.6684      0.274557E-12  0.417586E-09 -0.131083E-09   0.00000      0.697701E-01  -8.71372       0.00000    
   25.2530      0.336513E-13  0.511958E-10 -0.161601E-10   0.00000      0.698243E-01  -8.75924       0.00000    
   26.9438      0.357735E-14  0.544385E-11 -0.172728E-11   0.00000      0.698751E-01  -8.80185       0.00000    
   28.7478      0.326785E-15  0.497401E-12 -0.158591E-12   0.00000      0.699225E-01  -8.84215       0.00000    
   30.6726      0.254011E-16  0.386710E-13 -0.123870E-13   0.00000      0.699666E-01  -8.88058       0.00000    
   32.7262      0.166256E-17  0.253159E-14 -0.814437E-15   0.00000      0.700085E-01  -8.91673       0.00000    
   34.9174      0.905795E-19  0.137954E-15 -0.445562E-16   0.00000      0.700489E-01  -8.94964       0.00000    
   37.2553      0.405665E-20  0.617967E-17 -0.200300E-17   0.00000      0.700873E-01  -8.97946       0.00000    
   39.7496      0.147423E-21  0.224613E-18 -0.730527E-19   0.00000      0.701218E-01  -9.00827       0.00000    
   42.4110      0.429238E-23  0.654045E-20 -0.213473E-20   0.00000      0.701521E-01  -9.03804       0.00000    
   45.2506      0.988032E-25  0.150563E-21 -0.493107E-22   0.00000      0.701947E-01  -9.06706       0.00000    
   48.2803      0.176895E-26  0.269615E-23 -0.885462E-24   0.00000       0.00000      -9.09053       0.00000    
   51.5129      0.241535E-28  0.368236E-25 -0.121177E-25   0.00000       0.00000      -9.10751       0.00000    
   54.9619      0.246728E-30  0.376213E-27 -0.124065E-27   0.00000       0.00000      -9.12556       0.00000    
   58.6418      0.185852E-32  0.283363E-29 -0.937450E-30   0.00000       0.00000      -9.15289       0.00000    
   62.5681      0.995288E-35  0.151734E-31 -0.504764E-32   0.00000       0.00000      -9.20022       0.00000    
   66.7573      0.853755E-38  0.131092E-34 -0.434221E-35   0.00000       0.00000      -9.16334       0.00000    
   71.2269       0.00000       0.00000       0.00000       0.00000       0.00000       0.00000       0.00000    
   75.9958       0.00000       0.00000       0.00000       0.00000       0.00000       0.00000       0.00000    
   81.0841       0.00000       0.00000       0.00000       0.00000       0.00000       0.00000       0.00000    
   86.5130       0.00000       0.00000       0.00000       0.00000       0.00000       0.00000       0.00000    
   92.3053       0.00000       0.00000       0.00000       0.00000       0.00000       0.00000       0.00000    
   98.4855       0.00000       0.00000       0.00000       0.00000       0.00000       0.00000       0.00000    
   105.080       0.00000       0.00000       0.00000       0.00000       0.00000       0.00000       0.00000    
   112.115       0.00000       0.00000       0.00000       0.00000       0.00000       0.00000       0.00000    
   119.622       0.00000       0.00000       0.00000       0.00000       0.00000       0.00000       0.00000    
   127.631       0.00000       0.00000       0.00000       0.00000       0.00000       0.00000       0.00000    
   136.176       0.00000       0.00000       0.00000       0.00000       0.00000       0.00000       0.00000    
   145.294       0.00000       0.00000       0.00000       0.00000       0.00000       0.00000       0.00000    
