  0.930129E-02   17.6774       127758.       12.5946       0.00000      0.775485E-01  0.282417E-02   0.00000    
  0.992405E-02   16.9309       122359.       13.0656       0.00000      0.775466E-01  0.305905E-02   0.00000    
  0.105885E-01   16.2173       117200.       13.8982       0.00000      0.775445E-01  0.339723E-02   0.00000    
  0.112974E-01   15.5356       112270.       14.7807       0.00000      0.775423E-01  0.377161E-02   0.00000    
  0.120539E-01   14.8844       107560.       15.7159       0.00000      0.775398E-01  0.418581E-02   0.00000    
  0.128609E-01   14.2627       103064.       16.7064       0.00000      0.775370E-01  0.464376E-02   0.00000    
  0.137220E-01   13.6691       98770.6       17.7549       0.00000      0.775339E-01  0.514971E-02   0.00000    
  0.146407E-01   13.1027       94673.9       18.8642       0.00000      0.775305E-01  0.570822E-02   0.00000    
  0.156210E-01   12.5624       90765.5       20.0372       0.00000      0.775267E-01  0.632423E-02   0.00000    
  0.166669E-01   12.0472       87038.5       21.2767       0.00000      0.775226E-01  0.700302E-02   0.00000    
  0.177828E-01   11.5562       83485.6       22.5856       0.00000      0.775180E-01  0.775020E-02   0.00000    
  0.189734E-01   11.0883       80100.2       23.9669       0.00000      0.775129E-01  0.857176E-02   0.00000    
  0.202438E-01   10.6427       76875.8       25.4233       0.00000      0.775073E-01  0.947403E-02   0.00000    
  0.215992E-01   10.2145       73776.8       26.9577       0.00000      0.775011E-01  0.104678E-01   0.00000    
  0.230453E-01   9.78808       70690.7       28.5729       0.00000      0.774942E-01  0.115794E-01   0.00000    
  0.245883E-01   9.36716       67643.9       30.2714       0.00000      0.774864E-01  0.128203E-01   0.00000    
  0.262346E-01   8.96593       64739.3       32.0558       0.00000      0.774778E-01  0.141851E-01   0.00000    
  0.279911E-01   8.58355       61970.7       33.9282       0.00000      0.774682E-01  0.156844E-01   0.00000    
  0.298652E-01   8.21920       59332.2       35.8907       0.00000      0.774577E-01  0.173294E-01   0.00000    
  0.318648E-01   7.87208       56817.8       37.9449       0.00000      0.774461E-01  0.191320E-01   0.00000    
  0.339982E-01   7.54136       54421.8       40.0923       0.00000      0.774334E-01  0.211047E-01   0.00000    
  0.362746E-01   7.22624       52138.3       42.3336       0.00000      0.774193E-01  0.232606E-01   0.00000    
  0.387033E-01   6.92590       49961.4       44.6693       0.00000      0.774039E-01  0.256134E-01   0.00000    
  0.412946E-01   6.63952       47885.0       47.0992       0.00000      0.773868E-01  0.281777E-01   0.00000    
  0.440595E-01   6.36452       45890.6       49.6222       0.00000      0.773681E-01  0.309774E-01   0.00000    
  0.470094E-01   6.09848       43960.5       52.2368       0.00000      0.773474E-01  0.340413E-01   0.00000    
  0.501569E-01   5.84234       42101.7       54.9404       0.00000      0.773246E-01  0.373839E-01   0.00000    
  0.535151E-01   5.59685       40319.6       57.7294       0.00000      0.772995E-01  0.410179E-01   0.00000    
  0.570981E-01   5.36110       38607.4       60.5991       0.00000      0.772719E-01  0.449664E-01   0.00000    
  0.609211E-01   5.13413       36958.4       63.5439       0.00000      0.772415E-01  0.492553E-01   0.00000    
  0.650000E-01   4.91645       35376.1       66.5566       0.00000      0.772082E-01  0.538980E-01   0.00000    
  0.693520E-01   4.71114       33882.8       69.6287       0.00000      0.771719E-01  0.588709E-01   0.00000    
  0.739953E-01   4.51558       32459.7       72.7503       0.00000      0.771323E-01  0.642070E-01   0.00000    
  0.789496E-01   4.32459       31069.2       75.9100       0.00000      0.770886E-01  0.699940E-01   0.00000    
  0.842356E-01   4.13713       29703.7       79.0944       0.00000      0.770402E-01  0.762827E-01   0.00000    
  0.898755E-01   3.96077       28418.1       82.2889       0.00000      0.769878E-01  0.829540E-01   0.00000    
  0.958930E-01   3.79614       27216.9       85.4770       0.00000      0.769313E-01  0.899707E-01   0.00000    
  0.102313       3.63348       26029.6       88.6402       0.00000      0.768688E-01  0.975562E-01   0.00000    
  0.109164       3.47472       24870.0       91.7586       0.00000      0.768001E-01  0.105697       0.00000    
  0.116473       3.32652       23786.3       94.8104       0.00000      0.767262E-01  0.114188       0.00000    
  0.124271       3.18316       22737.1       97.7721       0.00000      0.766454E-01  0.123188       0.00000    
  0.132591       3.04323       21712.5       100.619       0.00000      0.765567E-01  0.132757       0.00000    
  0.141469       2.91138       20745.9       103.323       0.00000      0.764612E-01  0.142677       0.00000    
  0.150941       2.78214       19797.7       105.857       0.00000      0.763564E-01  0.153177       0.00000    
  0.161047       2.65891       18892.6       108.190       0.00000      0.762429E-01  0.164053       0.00000    
  0.171830       2.54057       18022.5       110.291       0.00000      0.761197E-01  0.175313       0.00000    
  0.183334       2.42634       17181.8       112.127       0.00000      0.759858E-01  0.186951       0.00000    
  0.195609       2.31757       16380.4       113.663       0.00000      0.758414E-01  0.198784       0.00000    
  0.208706       2.21163       15599.1       114.863       0.00000      0.756839E-01  0.210943       0.00000    
  0.222680       2.11076       14854.3       115.688       0.00000      0.755144E-01  0.223110       0.00000    
  0.237589       2.01317       14132.9       116.098       0.00000      0.753306E-01  0.235329       0.00000    
  0.253496       1.91902       13436.3       116.052       0.00000      0.751316E-01  0.247431       0.00000    
  0.270469       1.82919       12771.0       115.507       0.00000      0.749180E-01  0.259100       0.00000    
  0.288578       1.74288       12131.0       114.419       0.00000      0.746880E-01  0.270198       0.00000    
  0.307899       1.65963       11513.1       112.742       0.00000      0.744403E-01  0.280524       0.00000    
  0.328515       1.57955       10918.4       110.430       0.00000      0.741742E-01  0.289737       0.00000    
  0.350510       1.50256       10346.3       107.437       0.00000      0.738891E-01  0.297472       0.00000    
  0.373978       1.42853       9795.94       103.720       0.00000      0.735842E-01  0.303315       0.00000    
  0.399017       1.35731       9266.33       99.2366       0.00000      0.732585E-01  0.306789       0.00000    
  0.425733       1.28875       8756.63       93.9479       0.00000      0.729116E-01  0.307345       0.00000    
  0.454237       1.22278       8266.32       87.8205       0.00000      0.725428E-01  0.304341       0.00000    
  0.484650       1.15899       7792.79       80.8276       0.00000      0.721505E-01  0.297128       0.00000    
  0.517099       1.09764       7337.88       72.9503       0.00000      0.717357E-01  0.284797       0.00000    
  0.551721       1.03882       6902.45       64.1804       0.00000      0.712998E-01  0.266366       0.00000    
  0.588661      0.981999       6482.95       54.5216       0.00000      0.708404E-01  0.240923       0.00000    
  0.628074      0.927143       6079.17       43.9917       0.00000      0.703580E-01  0.207306       0.00000    
  0.670126      0.874185       5690.84       32.6250       0.00000      0.698529E-01  0.164234       0.00000    
  0.714994      0.823061       5317.66       20.4738       0.00000      0.693259E-01  0.110298       0.00000    
  0.762866      0.773711       4959.33       7.61083       0.00000      0.687779E-01  0.439644E-01   0.00000    
  0.813943      0.726076       4615.58      -5.86971       0.00000      0.682101E-01 -0.364319E-01   0.00000    
  0.868439      0.680109       4286.19      -19.8505       0.00000      0.676241E-01 -0.132675       0.00000    
  0.926584      0.635768       3970.95      -34.1906       0.00000      0.670217E-01 -0.246657       0.00000    
  0.988623      0.593022       3669.71      -48.7255       0.00000      0.664054E-01 -0.380358       0.00000    
   1.05482      0.551847       3382.34      -63.2681       0.00000      0.657777E-01 -0.535808       0.00000    
   1.12544      0.512229       3108.75      -77.6105       0.00000      0.651420E-01 -0.715051       0.00000    
   1.20079      0.474160       2848.84      -91.5278       0.00000      0.645018E-01 -0.920085       0.00000    
   1.28119      0.437638       2602.53      -104.782       0.00000      0.638612E-01  -1.15279       0.00000    
   1.36697      0.402668       2369.74      -117.131       0.00000      0.632249E-01  -1.41484       0.00000    
   1.45849      0.369259       2150.37      -128.329       0.00000      0.625977E-01  -1.70762       0.00000    
   1.55615      0.337419       1944.28      -138.145       0.00000      0.619849E-01  -2.03207       0.00000    
   1.66034      0.307161       1751.30      -146.363       0.00000      0.613919E-01  -2.38866       0.00000    
   1.77150      0.278494       1571.25      -152.798       0.00000      0.608243E-01  -2.77717       0.00000    
   1.89011      0.251425       1403.85      -157.303       0.00000      0.602873E-01  -3.19670       0.00000    
   2.01666      0.225957       1248.81      -159.779       0.00000      0.597861E-01  -3.64555       0.00000    
   2.15168      0.202087       1105.76      -160.180       0.00000      0.593251E-01  -4.12125       0.00000    
   2.29575      0.179805       974.307      -158.520       0.00000      0.589077E-01  -4.62053       0.00000    
   2.44946      0.159096       853.998      -154.874       0.00000      0.585366E-01  -5.13950       0.00000    
   2.61346      0.139938       744.352      -149.378       0.00000      0.582132E-01  -5.67375       0.00000    
   2.78844      0.122300       644.865      -142.221       0.00000      0.579376E-01  -6.21856       0.00000    
   2.97514      0.106147       555.017      -133.641       0.00000      0.577087E-01  -6.76919       0.00000    
   3.17433      0.914382E-01   474.281      -123.913       0.00000      0.575242E-01  -7.32102       0.00000    
   3.38687      0.781272E-01   402.133      -113.335       0.00000      0.573811E-01  -7.86984       0.00000    
   3.61363      0.661634E-01   338.053      -102.219       0.00000      0.572756E-01  -8.41201       0.00000    
   3.85558      0.554914E-01   281.528      -90.8715       0.00000      0.572034E-01  -8.94450       0.00000    
   4.11372      0.460518E-01   232.055      -79.5859       0.00000      0.571605E-01  -9.46500       0.00000    
   4.38915      0.377804E-01   189.132      -68.6278       0.00000      0.571428E-01  -9.97184       0.00000    
   4.68302      0.306083E-01   152.260      -58.2274       0.00000      0.571465E-01  -10.4639       0.00000    
   4.99657      0.244618E-01   120.940      -48.5716       0.00000      0.571685E-01  -10.9406       0.00000    
   5.33111      0.192619E-01   94.6654      -39.8004       0.00000      0.572059E-01  -11.4017       0.00000    
   5.68805      0.149255E-01   72.9299      -32.0053       0.00000      0.572566E-01  -11.8471       0.00000    
   6.06889      0.113659E-01   55.2245      -25.2301       0.00000      0.573188E-01  -12.2770       0.00000    
   6.47522      0.849391E-02   41.0447      -19.4743       0.00000      0.573908E-01  -12.6914       0.00000    
   6.90877      0.622011E-02   29.8975      -14.6992       0.00000      0.574716E-01  -13.0906       0.00000    
   7.37133      0.445647E-02   21.3101      -10.8344       0.00000      0.575601E-01  -13.4748       0.00000    
   7.86487      0.311863E-02   14.8383      -7.78635       0.00000      0.576555E-01  -13.8440       0.00000    
   8.39146      0.212790E-02   10.0756      -5.44721       0.00000      0.577568E-01  -14.1986       0.00000    
   8.95330      0.141301E-02   6.65943      -3.70312       0.00000      0.578633E-01  -14.5386       0.00000    
   9.55276      0.911355E-03   4.27593      -2.44176       0.00000      0.579742E-01  -14.8642       0.00000    
   10.1924      0.569739E-03   2.66162      -1.55852       0.00000      0.580888E-01  -15.1756       0.00000    
   10.8748      0.344464E-03   1.60258     -0.960882       0.00000      0.582063E-01  -15.4731       0.00000    
   11.6029      0.200940E-03  0.931168     -0.570923       0.00000      0.583260E-01  -15.7568       0.00000    
   12.3797      0.112813E-03  0.520815     -0.326125       0.00000      0.584471E-01  -16.0270       0.00000    
   13.2086      0.607962E-04  0.279665     -0.178636       0.00000      0.585690E-01  -16.2842       0.00000    
   14.0930      0.313613E-04  0.143772     -0.935702E-01   0.00000      0.586912E-01  -16.5286       0.00000    
   15.0366      0.154386E-04  0.705468E-01 -0.467313E-01   0.00000      0.588130E-01  -16.7605       0.00000    
   16.0433      0.722954E-05  0.329339E-01 -0.221816E-01   0.00000      0.589336E-01  -16.9805       0.00000    
   17.1175      0.320947E-05  0.145780E-01 -0.997345E-02   0.00000      0.590527E-01  -17.1889       0.00000    
   18.2636      0.134592E-05  0.609657E-02 -0.423284E-02   0.00000      0.591699E-01  -17.3861       0.00000    
   19.4864      0.531152E-06  0.239967E-02 -0.168935E-02   0.00000      0.592851E-01  -17.5727       0.00000    
   20.7911      0.196451E-06  0.885355E-03 -0.631468E-03   0.00000      0.593977E-01  -17.7489       0.00000    
   22.1831      0.677903E-07  0.304802E-03 -0.220079E-03   0.00000      0.595070E-01  -17.9154       0.00000    
   23.6684      0.217241E-07  0.974619E-04 -0.711874E-04   0.00000      0.596128E-01  -18.0724       0.00000    
   25.2530      0.643422E-08  0.288062E-04 -0.212697E-04   0.00000      0.597154E-01  -18.2206       0.00000    
   26.9438      0.175227E-08  0.782972E-05 -0.584041E-05   0.00000      0.598152E-01  -18.3601       0.00000    
   28.7478      0.436345E-09  0.194618E-05 -0.146565E-05   0.00000      0.599117E-01  -18.4916       0.00000    
   30.6726      0.987279E-10  0.439579E-06 -0.334033E-06   0.00000      0.600036E-01  -18.6155       0.00000    
   32.7262      0.201637E-10  0.896282E-07 -0.686866E-07   0.00000      0.600905E-01  -18.7324       0.00000    
   34.9174      0.369425E-11  0.163955E-07 -0.126647E-07   0.00000      0.601745E-01  -18.8421       0.00000    
   37.2553      0.603088E-12  0.267277E-08 -0.207994E-08   0.00000      0.602564E-01  -18.9449       0.00000    
   39.7496      0.870572E-13  0.385313E-09 -0.301938E-09   0.00000      0.603355E-01  -19.0415       0.00000    
   42.4110      0.110129E-13  0.486800E-10 -0.383983E-10   0.00000      0.604091E-01  -19.1330       0.00000    
   45.2506      0.120880E-14  0.533620E-11 -0.423555E-11   0.00000      0.604752E-01  -19.2202       0.00000    
   48.2803      0.114250E-15  0.503758E-12 -0.402170E-12   0.00000      0.605399E-01  -19.3009       0.00000    
   51.5129      0.922304E-17  0.406271E-13 -0.326064E-13   0.00000      0.606058E-01  -19.3749       0.00000    
   54.9619      0.629308E-18  0.276961E-14 -0.223391E-14   0.00000      0.606703E-01  -19.4444       0.00000    
   58.6418      0.358124E-19  0.157460E-15 -0.127619E-15   0.00000      0.607278E-01  -19.5122       0.00000    
   62.5681      0.167263E-20  0.734555E-17 -0.598226E-17   0.00000      0.607726E-01  -19.5798       0.00000    
   66.7573      0.635037E-22  0.278619E-18 -0.227871E-18   0.00000      0.608178E-01  -19.6391       0.00000    
   71.2269      0.194740E-23  0.853976E-20 -0.700901E-20   0.00000      0.608730E-01  -19.6887       0.00000    
   75.9958      0.475646E-25  0.208490E-21 -0.171698E-21   0.00000      0.609328E-01  -19.7363       0.00000    
   81.0841      0.905412E-27  0.396569E-23 -0.327791E-23   0.00000       0.00000      -19.7880       0.00000    
   86.5130      0.130678E-28  0.571627E-25 -0.474430E-25   0.00000       0.00000      -19.8457       0.00000    
   92.3053      0.140632E-30  0.614548E-27 -0.511747E-27   0.00000       0.00000      -19.8924       0.00000    
   98.4855      0.113877E-32  0.497737E-29 -0.415165E-29   0.00000       0.00000      -19.9158       0.00000    
   105.080      0.677232E-35  0.296020E-31 -0.247620E-31   0.00000       0.00000      -19.9562       0.00000    
   112.115      0.117027E-37  0.512312E-34 -0.433726E-34   0.00000       0.00000      -20.1257       0.00000    
   119.622       0.00000       0.00000       0.00000       0.00000       0.00000       0.00000       0.00000    
   127.631       0.00000       0.00000       0.00000       0.00000       0.00000       0.00000       0.00000    
   136.176       0.00000       0.00000       0.00000       0.00000       0.00000       0.00000       0.00000    
   145.294       0.00000       0.00000       0.00000       0.00000       0.00000       0.00000       0.00000    
