  0.930129E-02   7.25101       129201.       12.2386       0.00000      0.775457E-01  0.271369E-02   0.00000    
  0.992405E-02   6.94485       123742.       12.6560       0.00000      0.775434E-01  0.293004E-02   0.00000    
  0.105885E-01   6.65223       118524.       13.4612       0.00000      0.775410E-01  0.325363E-02   0.00000    
  0.112974E-01   6.37265       113539.       14.3146       0.00000      0.775384E-01  0.361181E-02   0.00000    
  0.120539E-01   6.10562       108777.       15.2186       0.00000      0.775354E-01  0.400801E-02   0.00000    
  0.128609E-01   5.85063       104230.       16.1759       0.00000      0.775322E-01  0.444597E-02   0.00000    
  0.137220E-01   5.60723       99889.3       17.1889       0.00000      0.775286E-01  0.492973E-02   0.00000    
  0.146407E-01   5.37497       95746.7       18.2605       0.00000      0.775246E-01  0.546362E-02   0.00000    
  0.156210E-01   5.15341       91794.8       19.3931       0.00000      0.775201E-01  0.605233E-02   0.00000    
  0.166669E-01   4.94215       88026.1       20.5897       0.00000      0.775152E-01  0.670086E-02   0.00000    
  0.177828E-01   4.74079       84433.7       21.8527       0.00000      0.775098E-01  0.741452E-02   0.00000    
  0.189734E-01   4.54894       81010.7       23.1851       0.00000      0.775038E-01  0.819896E-02   0.00000    
  0.202438E-01   4.36625       77750.5       24.5893       0.00000      0.774972E-01  0.906017E-02   0.00000    
  0.215992E-01   4.19127       74627.6       26.0681       0.00000      0.774899E-01  0.100070E-01   0.00000    
  0.230453E-01   4.01706       71518.2       27.6239       0.00000      0.774817E-01  0.110653E-01   0.00000    
  0.245883E-01   3.84453       68438.3       29.2591       0.00000      0.774725E-01  0.122477E-01   0.00000    
  0.262346E-01   3.68008       65502.3       30.9759       0.00000      0.774623E-01  0.135475E-01   0.00000    
  0.279911E-01   3.52338       62704.0       32.7762       0.00000      0.774510E-01  0.149746E-01   0.00000    
  0.298652E-01   3.37409       60037.5       34.6618       0.00000      0.774385E-01  0.165394E-01   0.00000    
  0.318648E-01   3.23188       57496.7       36.6339       0.00000      0.774248E-01  0.182530E-01   0.00000    
  0.339982E-01   3.09640       55075.8       38.6937       0.00000      0.774096E-01  0.201267E-01   0.00000    
  0.362746E-01   2.96735       52768.9       40.8416       0.00000      0.773929E-01  0.221726E-01   0.00000    
  0.387033E-01   2.84438       50570.1       43.0776       0.00000      0.773745E-01  0.244034E-01   0.00000    
  0.412946E-01   2.72716       48473.3       45.4009       0.00000      0.773542E-01  0.268321E-01   0.00000    
  0.440595E-01   2.61473       46461.5       47.8103       0.00000      0.773318E-01  0.294795E-01   0.00000    
  0.470094E-01   2.50601       44515.4       50.3035       0.00000      0.773071E-01  0.323728E-01   0.00000    
  0.501569E-01   2.40127       42639.9       52.8774       0.00000      0.772798E-01  0.355260E-01   0.00000    
  0.535151E-01   2.30094       40842.4       55.5278       0.00000      0.772497E-01  0.389486E-01   0.00000    
  0.570981E-01   2.20464       39116.2       58.2496       0.00000      0.772166E-01  0.426607E-01   0.00000    
  0.609211E-01   2.11198       37454.4       61.0361       0.00000      0.771800E-01  0.466848E-01   0.00000    
  0.650000E-01   2.02300       35857.7       63.8796       0.00000      0.771398E-01  0.510354E-01   0.00000    
  0.693520E-01   1.93913       34351.6       66.7707       0.00000      0.770960E-01  0.556840E-01   0.00000    
  0.739953E-01   1.85949       32920.2       69.6986       0.00000      0.770481E-01  0.606531E-01   0.00000    
  0.789496E-01   1.78176       31522.5       72.6508       0.00000      0.769951E-01  0.660255E-01   0.00000    
  0.842356E-01   1.70554       30151.0       75.6130       0.00000      0.769365E-01  0.718433E-01   0.00000    
  0.898755E-01   1.63360       28855.2       78.5693       0.00000      0.768726E-01  0.780046E-01   0.00000    
  0.958930E-01   1.56652       27645.4       81.5018       0.00000      0.768036E-01  0.844569E-01   0.00000    
  0.102313       1.50062       26456.2       84.3908       0.00000      0.767273E-01  0.913814E-01   0.00000    
  0.109164       1.43600       25289.1       87.2146       0.00000      0.766431E-01  0.987976E-01   0.00000    
  0.116473       1.37576       24199.4       89.9497       0.00000      0.765521E-01  0.106484       0.00000    
  0.124271       1.31793       23152.1       92.5707       0.00000      0.764528E-01  0.114544       0.00000    
  0.132591       1.26118       22123.4       95.0502       0.00000      0.763434E-01  0.123081       0.00000    
  0.141469       1.20778       21153.9       97.3592       0.00000      0.762250E-01  0.131849       0.00000    
  0.150941       1.15553       20204.0       99.4666       0.00000      0.760948E-01  0.141035       0.00000    
  0.161047       1.10577       19298.1       101.340       0.00000      0.759535E-01  0.150437       0.00000    
  0.171830       1.05809       18428.6       102.943       0.00000      0.757998E-01  0.160027       0.00000    
  0.183334       1.01212       17588.9       104.241       0.00000      0.756323E-01  0.169780       0.00000    
  0.195609      0.968453       16789.8       105.194       0.00000      0.754511E-01  0.179487       0.00000    
  0.208706      0.925951       16010.7       105.762       0.00000      0.752531E-01  0.189236       0.00000    
  0.222680      0.885584       15269.2       105.901       0.00000      0.750393E-01  0.198687       0.00000    
  0.237589      0.846407       14548.4       105.567       0.00000      0.748064E-01  0.207874       0.00000    
  0.253496      0.808823       13855.5       104.712       0.00000      0.745541E-01  0.216502       0.00000    
  0.270469      0.773038       13194.2       103.287       0.00000      0.742824E-01  0.224258       0.00000    
  0.288578      0.738599       12556.5       101.240       0.00000      0.739885E-01  0.230976       0.00000    
  0.307899      0.705451       11941.5       98.5162       0.00000      0.736711E-01  0.236338       0.00000    
  0.328515      0.673630       11349.9       95.0621       0.00000      0.733291E-01  0.239938       0.00000    
  0.350510      0.643094       10781.1       90.8217       0.00000      0.729615E-01  0.241330       0.00000    
  0.373978      0.613780       10234.0       85.7395       0.00000      0.725668E-01  0.240004       0.00000    
  0.399017      0.585621       9707.56       79.7608       0.00000      0.721439E-01  0.235376       0.00000    
  0.425733      0.558560       9200.94       72.8333       0.00000      0.716914E-01  0.226768       0.00000    
  0.454237      0.532552       8713.45       64.9085       0.00000      0.712084E-01  0.213401       0.00000    
  0.484650      0.507439       8242.43       55.9425       0.00000      0.706925E-01  0.194434       0.00000    
  0.517099      0.483324       7789.92       45.8988       0.00000      0.701445E-01  0.168794       0.00000    
  0.551721      0.460243       7356.73       34.7492       0.00000      0.695655E-01  0.135316       0.00000    
  0.588661      0.437974       6939.10       22.4765       0.00000      0.689522E-01  0.927934E-01   0.00000    
  0.628074      0.416493       6536.80       9.07650       0.00000      0.683045E-01  0.397782E-01   0.00000    
  0.670126      0.395769       6149.51      -5.43994       0.00000      0.676224E-01 -0.253423E-01   0.00000    
  0.714994      0.375770       5776.88      -21.0441       0.00000      0.669060E-01 -0.104359       0.00000    
  0.762866      0.356465       5418.56      -37.6873       0.00000      0.661558E-01 -0.199249       0.00000    
  0.813943      0.337825       5074.23      -55.2983       0.00000      0.653727E-01 -0.312188       0.00000    
  0.868439      0.319819       4743.61      -73.7812       0.00000      0.645577E-01 -0.445548       0.00000    
  0.926584      0.302425       4426.43      -93.0137       0.00000      0.637123E-01 -0.601896       0.00000    
  0.988623      0.285619       4122.50      -112.846       0.00000      0.628387E-01 -0.783986       0.00000    
   1.05482      0.269383       3831.64      -133.098       0.00000      0.619394E-01 -0.994732       0.00000    
   1.12544      0.253702       3553.69      -153.564       0.00000      0.610174E-01  -1.23717       0.00000    
   1.20079      0.238561       3288.55      -174.007       0.00000      0.600763E-01  -1.51444       0.00000    
   1.28119      0.223952       3036.09      -194.169       0.00000      0.591203E-01  -1.82964       0.00000    
   1.36697      0.209867       2796.21      -213.766       0.00000      0.581543E-01  -2.18584       0.00000    
   1.45849      0.196301       2568.80      -232.503       0.00000      0.571836E-01  -2.58589       0.00000    
   1.55615      0.183249       2353.74      -250.072       0.00000      0.562140E-01  -3.03231       0.00000    
   1.66034      0.170711       2150.87      -266.166       0.00000      0.552517E-01  -3.52719       0.00000    
   1.77150      0.158683       1960.03      -280.485       0.00000      0.543033E-01  -4.07194       0.00000    
   1.89011      0.147165       1780.99      -292.750       0.00000      0.533752E-01  -4.66724       0.00000    
   2.01666      0.136154       1613.50      -302.710       0.00000      0.524737E-01  -5.31288       0.00000    
   2.15168      0.125648       1457.26      -310.155       0.00000      0.516049E-01  -6.00763       0.00000    
   2.29575      0.115643       1311.90      -314.925       0.00000      0.507737E-01  -6.74928       0.00000    
   2.44946      0.106133       1177.05      -316.918       0.00000      0.499843E-01  -7.53468       0.00000    
   2.61346      0.971112E-01   1052.29      -316.096       0.00000      0.492398E-01  -8.35985       0.00000    
   2.78844      0.885684E-01   937.153      -312.485       0.00000      0.485418E-01  -9.22024       0.00000    
   2.97514      0.804949E-01   831.185      -306.179       0.00000      0.478906E-01  -10.1110       0.00000    
   3.17433      0.728800E-01   733.913      -297.332       0.00000      0.472856E-01  -11.0272       0.00000    
   3.38687      0.657125E-01   644.874      -286.157       0.00000      0.467249E-01  -11.9644       0.00000    
   3.61363      0.589813E-01   563.618      -272.912       0.00000      0.462063E-01  -12.9185       0.00000    
   3.85558      0.526758E-01   489.717      -257.894       0.00000      0.457274E-01  -13.8860       0.00000    
   4.11372      0.467862E-01   422.764      -241.425       0.00000      0.452858E-01  -14.8645       0.00000    
   4.38915      0.413039E-01   362.381      -223.845       0.00000      0.448798E-01  -15.8519       0.00000    
   4.68302      0.362212E-01   308.208      -205.499       0.00000      0.445082E-01  -16.8468       0.00000    
   4.99657      0.315314E-01   259.902      -186.729       0.00000      0.441707E-01  -17.8479       0.00000    
   5.33111      0.272280E-01   217.130      -167.867       0.00000      0.438676E-01  -18.8541       0.00000    
   5.68805      0.233048E-01   179.562      -149.226       0.00000      0.436001E-01  -19.8643       0.00000    
   6.06889      0.197545E-01   146.862      -131.095       0.00000      0.433696E-01  -20.8767       0.00000    
   6.47522      0.165689E-01   118.689      -113.734       0.00000      0.431778E-01  -21.8894       0.00000    
   6.90877      0.137378E-01   94.6881      -97.3692       0.00000      0.430262E-01  -22.8999       0.00000    
   7.37133      0.112485E-01   74.4951      -82.1862       0.00000      0.429163E-01  -23.9051       0.00000    
   7.86487      0.908577E-02   57.7357      -68.3296       0.00000      0.428488E-01  -24.9018       0.00000    
   8.39146      0.723139E-02   44.0309      -55.8984       0.00000      0.428241E-01  -25.8863       0.00000    
   8.95330      0.566433E-02   33.0028      -44.9447       0.00000      0.428418E-01  -26.8551       0.00000    
   9.55276      0.436098E-02   24.2819      -35.4748       0.00000      0.429009E-01  -27.8045       0.00000    
   10.1924      0.329560E-02   17.5136      -27.4509       0.00000      0.429998E-01  -28.7311       0.00000    
   10.8748      0.244104E-02   12.3658      -20.7963       0.00000      0.431363E-01  -29.6318       0.00000    
   11.6029      0.176945E-02   8.53443      -15.4015       0.00000      0.433075E-01  -30.5039       0.00000    
   12.3797      0.125320E-02   5.74834      -11.1327       0.00000      0.435107E-01  -31.3453       0.00000    
   13.2086      0.865711E-03   3.77224      -7.84108       0.00000      0.437423E-01  -32.1542       0.00000    
   14.0930      0.582248E-03   2.40754      -5.37171       0.00000      0.439991E-01  -32.9293       0.00000    
   15.0366      0.380530E-03   1.49157      -3.57266       0.00000      0.442776E-01  -33.6698       0.00000    
   16.0433      0.241171E-03  0.895233      -2.30219       0.00000      0.445744E-01  -34.3754       0.00000    
   17.1175      0.147902E-03  0.519411      -1.43428       0.00000      0.448860E-01  -35.0463       0.00000    
   18.2636      0.875651E-04  0.290659     -0.861949       0.00000      0.452093E-01  -35.6827       0.00000    
   19.4864      0.499275E-04  0.156496     -0.498474       0.00000      0.455415E-01  -36.2851       0.00000    
   20.7911      0.273446E-04  0.808647E-01 -0.276696       0.00000      0.458797E-01  -36.8545       0.00000    
   22.1831      0.143458E-04  0.399899E-01 -0.147020       0.00000      0.462213E-01  -37.3917       0.00000    
   23.6684      0.718815E-05  0.188708E-01 -0.745582E-01   0.00000      0.465642E-01  -37.8983       0.00000    
   25.2530      0.342921E-05  0.847087E-02 -0.359764E-01   0.00000      0.469063E-01  -38.3753       0.00000    
   26.9438      0.155243E-05  0.360521E-02 -0.164632E-01   0.00000      0.472459E-01  -38.8240       0.00000    
   28.7478      0.664562E-06  0.144965E-02 -0.711965E-02   0.00000      0.475812E-01  -39.2456       0.00000    
   30.6726      0.267994E-06  0.548648E-03 -0.289886E-02   0.00000      0.479111E-01  -39.6414       0.00000    
   32.7262      0.101399E-06  0.194649E-03 -0.110684E-02   0.00000      0.482344E-01  -40.0130       0.00000    
   34.9174      0.358437E-07  0.644576E-04 -0.394634E-03   0.00000      0.485502E-01  -40.3618       0.00000    
   37.2553      0.117839E-07  0.198335E-04 -0.130795E-03   0.00000      0.488575E-01  -40.6887       0.00000    
   39.7496      0.358559E-08  0.564310E-05 -0.401039E-04   0.00000      0.491559E-01  -40.9952       0.00000    
   42.4110      0.100460E-08  0.147702E-05 -0.113177E-04   0.00000      0.494448E-01  -41.2823       0.00000    
   45.2506      0.257752E-09  0.353679E-06 -0.292362E-05   0.00000      0.497239E-01  -41.5511       0.00000    
   48.2803      0.602089E-10  0.770189E-07 -0.687335E-06   0.00000      0.499929E-01  -41.8032       0.00000    
   51.5129      0.127251E-10  0.151586E-07 -0.146149E-06   0.00000      0.502518E-01  -42.0392       0.00000    
   54.9619      0.241733E-11  0.267857E-08 -0.279222E-07   0.00000      0.505004E-01  -42.2602       0.00000    
   58.6418      0.409858E-12  0.421905E-09 -0.475973E-08   0.00000      0.507388E-01  -42.4673       0.00000    
   62.5681      0.615577E-13  0.588003E-10 -0.718505E-09   0.00000      0.509669E-01  -42.6608       0.00000    
   66.7573      0.812541E-14  0.719144E-11 -0.952937E-10   0.00000      0.511851E-01  -42.8421       0.00000    
   71.2269      0.934576E-15  0.765238E-12 -0.110099E-10   0.00000      0.513934E-01  -43.0120       0.00000    
   75.9958      0.928239E-16  0.702130E-13 -0.109816E-11   0.00000      0.515921E-01  -43.1708       0.00000    
   81.0841      0.788514E-17  0.549893E-14 -0.936579E-13   0.00000      0.517814E-01  -43.3199       0.00000    
   86.5130      0.567037E-18  0.363934E-15 -0.676044E-14   0.00000      0.519617E-01  -43.4593       0.00000    
   92.3053      0.341412E-19  0.201285E-16 -0.408482E-15   0.00000      0.521329E-01  -43.5895       0.00000    
   98.4855      0.170152E-20  0.918709E-18 -0.204256E-16   0.00000      0.522958E-01  -43.7123       0.00000    
   105.080      0.693120E-22  0.342172E-19 -0.834645E-18   0.00000      0.524505E-01  -43.8262       0.00000    
   112.115      0.227777E-23  0.102468E-20 -0.275093E-19   0.00000      0.525973E-01  -43.9334       0.00000    
   119.622      0.595448E-25  0.243064E-22 -0.721137E-21   0.00000      0.527360E-01  -44.0348       0.00000    
   127.631      0.121938E-26  0.451050E-24 -0.148061E-22   0.00000      0.535900E-01  -44.1275       0.00000    
   136.176      0.192639E-28  0.641064E-26 -0.234484E-24   0.00000       0.00000      -44.2170       0.00000    
   145.294      0.230612E-30  0.688686E-28 -0.281353E-26   0.00000       0.00000      -44.2989       0.00000    
