  0.930129E-02   202.767       122709.       11.2174       0.00000      0.775533E-01  0.261884E-02   0.00000    
  0.992405E-02   194.197       117521.       11.8584       0.00000      0.775520E-01  0.289072E-02   0.00000    
  0.105885E-01   186.006       112562.       12.6109       0.00000      0.775506E-01  0.320958E-02   0.00000    
  0.112974E-01   178.181       107824.       13.4082       0.00000      0.775490E-01  0.356244E-02   0.00000    
  0.120539E-01   170.706       103298.       14.2526       0.00000      0.775473E-01  0.395268E-02   0.00000    
  0.128609E-01   163.568       98976.5       15.1463       0.00000      0.775454E-01  0.438396E-02   0.00000    
  0.137220E-01   156.753       94850.5       16.0917       0.00000      0.775433E-01  0.486021E-02   0.00000    
  0.146407E-01   150.250       90912.7       17.0912       0.00000      0.775409E-01  0.538569E-02   0.00000    
  0.156210E-01   144.046       87156.0       18.1473       0.00000      0.775383E-01  0.596497E-02   0.00000    
  0.166669E-01   138.130       83573.2       19.2624       0.00000      0.775355E-01  0.660292E-02   0.00000    
  0.177828E-01   132.490       80157.6       20.4389       0.00000      0.775323E-01  0.730473E-02   0.00000    
  0.189734E-01   127.116       76902.7       21.6791       0.00000      0.775288E-01  0.807593E-02   0.00000    
  0.202438E-01   121.997       73802.2       22.9856       0.00000      0.775250E-01  0.892233E-02   0.00000    
  0.215992E-01   117.022       70788.7       24.3604       0.00000      0.775208E-01  0.985856E-02   0.00000    
  0.230453E-01   112.066       67786.6       25.8058       0.00000      0.775160E-01  0.109060E-01   0.00000    
  0.245883E-01   107.225       64854.1       27.3239       0.00000      0.775107E-01  0.120697E-01   0.00000    
  0.262346E-01   102.610       62057.7       28.9164       0.00000      0.775048E-01  0.133488E-01   0.00000    
  0.279911E-01   98.2093       59391.4       30.5849       0.00000      0.774984E-01  0.147529E-01   0.00000    
  0.298652E-01   94.0145       56849.5       32.3309       0.00000      0.774913E-01  0.162924E-01   0.00000    
  0.318648E-01   90.0159       54426.1       34.1552       0.00000      0.774835E-01  0.179781E-01   0.00000    
  0.339982E-01   86.2040       52115.5       36.0586       0.00000      0.774749E-01  0.198214E-01   0.00000    
  0.362746E-01   82.5693       49912.0       38.0410       0.00000      0.774655E-01  0.218343E-01   0.00000    
  0.387033E-01   79.1022       47809.9       40.1023       0.00000      0.774552E-01  0.240294E-01   0.00000    
  0.412946E-01   75.7932       45803.2       42.2413       0.00000      0.774439E-01  0.264200E-01   0.00000    
  0.440595E-01   72.6025       43868.0       44.4563       0.00000      0.774315E-01  0.290321E-01   0.00000    
  0.470094E-01   69.5117       41993.0       46.7450       0.00000      0.774179E-01  0.318897E-01   0.00000    
  0.501569E-01   66.5412       40190.7       49.1040       0.00000      0.774029E-01  0.350012E-01   0.00000    
  0.535151E-01   63.6898       38460.3       51.5289       0.00000      0.773865E-01  0.383822E-01   0.00000    
  0.570981E-01   60.9467       36795.3       54.0144       0.00000      0.773685E-01  0.420543E-01   0.00000    
  0.609211E-01   58.3006       35188.8       56.5542       0.00000      0.773488E-01  0.460418E-01   0.00000    
  0.650000E-01   55.7732       33654.0       59.1404       0.00000      0.773274E-01  0.503431E-01   0.00000    
  0.693520E-01   53.3838       32202.5       61.7642       0.00000      0.773041E-01  0.549463E-01   0.00000    
  0.739953E-01   51.0860       30806.4       64.4151       0.00000      0.772789E-01  0.599017E-01   0.00000    
  0.789496E-01   48.8358       29438.8       67.0814       0.00000      0.772511E-01  0.652789E-01   0.00000    
  0.842356E-01   46.6298       28097.9       69.7498       0.00000      0.772206E-01  0.711149E-01   0.00000    
  0.898755E-01   44.5680       26844.1       72.4057       0.00000      0.771880E-01  0.772708E-01   0.00000    
  0.958930E-01   42.6277       25663.8       75.0330       0.00000      0.771529E-01  0.837574E-01   0.00000    
  0.102313       40.6833       24480.8       77.6140       0.00000      0.771141E-01  0.908249E-01   0.00000    
  0.109164       38.8143       23343.5       80.1297       0.00000      0.770722E-01  0.983375E-01   0.00000    
  0.116473       37.0622       22276.7       82.5599       0.00000      0.770274E-01  0.106172       0.00000    
  0.124271       35.3256       21219.4       84.8831       0.00000      0.769783E-01  0.114599       0.00000    
  0.132591       33.6599       20204.9       87.0767       0.00000      0.769253E-01  0.123463       0.00000    
  0.141469       32.0836       19244.5       89.1170       0.00000      0.768687E-01  0.132661       0.00000    
  0.150941       30.5308       18298.3       90.9798       0.00000      0.768069E-01  0.142437       0.00000    
  0.161047       29.0447       17392.6       92.6399       0.00000      0.767407E-01  0.152588       0.00000    
  0.171830       27.6084       16517.1       94.0716       0.00000      0.766692E-01  0.163160       0.00000    
  0.183334       26.2183       15669.7       95.2488       0.00000      0.765922E-01  0.174135       0.00000    
  0.195609       24.8858       14857.2       96.1452       0.00000      0.765098E-01  0.185386       0.00000    
  0.208706       23.5860       14064.8       96.7341       0.00000      0.764205E-01  0.197030       0.00000    
  0.222680       22.3412       13305.8       96.9889       0.00000      0.763252E-01  0.208817       0.00000    
  0.237589       21.1490       12578.9       96.8832       0.00000      0.762236E-01  0.220642       0.00000    
  0.253496       19.9859       11870.1       96.3911       0.00000      0.761140E-01  0.232630       0.00000    
  0.270469       18.8672       11188.4       95.4874       0.00000      0.759970E-01  0.244490       0.00000    
  0.288578       17.7944       10534.9       94.1485       0.00000      0.758725E-01  0.256015       0.00000    
  0.307899       16.7600       9905.09       92.3525       0.00000      0.757399E-01  0.267098       0.00000    
  0.328515       15.7619       9297.86       90.0803       0.00000      0.755989E-01  0.277540       0.00000    
  0.350510       14.8003       8713.29       87.3164       0.00000      0.754491E-01  0.287073       0.00000    
  0.373978       13.8744       8150.97       84.0503       0.00000      0.752906E-01  0.295398       0.00000    
  0.399017       12.9831       7610.37       80.2770       0.00000      0.751232E-01  0.302178       0.00000    
  0.425733       12.1258       7091.17       75.9991       0.00000      0.749470E-01  0.307020       0.00000    
  0.454237       11.3013       6592.70       71.2274       0.00000      0.747621E-01  0.309499       0.00000    
  0.484650       10.5059       6112.76       65.9824       0.00000      0.745677E-01  0.309219       0.00000    
  0.517099       9.74279       5653.36       60.2953       0.00000      0.743651E-01  0.305530       0.00000    
  0.551721       9.01324       5215.30       54.2095       0.00000      0.741555E-01  0.297765       0.00000    
  0.588661       8.31267       4795.85       47.7806       0.00000      0.739382E-01  0.285407       0.00000    
  0.628074       7.64116       4395.08       41.0774       0.00000      0.737137E-01  0.267741       0.00000    
  0.670126       6.99874       4013.01       34.1812       0.00000      0.734830E-01  0.244006       0.00000    
  0.714994       6.38544       3649.62       27.1859       0.00000      0.732470E-01  0.213393       0.00000    
  0.762866       5.80133       3304.93       20.1961       0.00000      0.730069E-01  0.175062       0.00000    
  0.813943       5.24656       2978.96       13.3252       0.00000      0.727639E-01  0.128144       0.00000    
  0.868439       4.72132       2671.75       6.69286       0.00000      0.725195E-01  0.717642E-01   0.00000    
  0.926584       4.22587       2383.33      0.420723       0.00000      0.722753E-01  0.505714E-02   0.00000    
  0.988623       3.76046       2113.73      -5.37172       0.00000      0.720331E-01 -0.728039E-01   0.00000    
   1.05482       3.32533       1862.95      -10.5723       0.00000      0.717950E-01 -0.162576       0.00000    
   1.12544       2.92068       1630.92      -15.0817       0.00000      0.715632E-01 -0.264909       0.00000    
   1.20079       2.54659       1417.53      -18.8192       0.00000      0.713399E-01 -0.380308       0.00000    
   1.28119       2.20303       1222.56      -21.7277       0.00000      0.711276E-01 -0.509088       0.00000    
   1.36697       1.88978       1045.68      -23.7783       0.00000      0.709288E-01 -0.651326       0.00000    
   1.45849       1.60642       886.477      -24.9731       0.00000      0.707460E-01 -0.806830       0.00000    
   1.55615       1.35231       744.378      -25.3464       0.00000      0.705815E-01 -0.975097       0.00000    
   1.66034       1.12655       618.700      -24.9640       0.00000      0.704375E-01  -1.15529       0.00000    
   1.77150      0.928015       508.638      -23.9199       0.00000      0.703161E-01  -1.34624       0.00000    
   1.89011      0.755323       413.267      -22.3304       0.00000      0.702187E-01  -1.54645       0.00000    
   2.01666      0.606876       331.566      -20.3274       0.00000      0.701465E-01  -1.75412       0.00000    
   2.15168      0.480889       262.432      -18.0495       0.00000      0.701001E-01  -1.96724       0.00000    
   2.29575      0.375422       204.704      -15.6333       0.00000      0.700794E-01  -2.18361       0.00000    
   2.44946      0.288430       157.184      -13.2045       0.00000      0.700837E-01  -2.40098       0.00000    
   2.61346      0.217812       118.669      -10.8712       0.00000      0.701119E-01  -2.61711       0.00000    
   2.78844      0.161466       87.9712      -8.71837       0.00000      0.701622E-01  -2.82990       0.00000    
   2.97514      0.117334       63.9432      -6.80522       0.00000      0.702323E-01  -3.03745       0.00000    
   3.17433      0.834556E-01   45.5020      -5.16518       0.00000      0.703196E-01  -3.23812       0.00000    
   3.38687      0.580055E-01   31.6469      -3.80797       0.00000      0.704215E-01  -3.43061       0.00000    
   3.61363      0.393286E-01   21.4747      -2.72352       0.00000      0.705352E-01  -3.61396       0.00000    
   3.85558      0.259636E-01   14.1905      -1.88713       0.00000      0.706577E-01  -3.78754       0.00000    
   4.11372      0.166564E-01   9.11312      -1.26488       0.00000      0.707867E-01  -3.95103       0.00000    
   4.38915      0.103618E-01   5.67556     -0.818751       0.00000      0.709196E-01  -4.10440       0.00000    
   4.68302      0.623680E-02   3.42010     -0.510872       0.00000      0.710543E-01  -4.24782       0.00000    
   4.99657      0.362344E-02   1.98936     -0.306664       0.00000      0.711892E-01  -4.38164       0.00000    
   5.33111      0.202684E-02   1.11411     -0.176710       0.00000      0.713225E-01  -4.50632       0.00000    
   5.68805      0.108865E-02  0.599119     -0.975165E-01   0.00000      0.714533E-01  -4.62238       0.00000    
   6.06889      0.559890E-03  0.308481     -0.514050E-01   0.00000      0.715804E-01  -4.73040       0.00000    
   6.47522      0.274880E-03  0.151620     -0.258130E-01   0.00000      0.717033E-01  -4.83093       0.00000    
   6.90877      0.128416E-03  0.709094E-01 -0.123107E-01   0.00000      0.718213E-01  -4.92453       0.00000    
   7.37133      0.568924E-04  0.314477E-01 -0.555832E-02   0.00000      0.719341E-01  -5.01170       0.00000    
   7.86487      0.238162E-04  0.131776E-01 -0.236767E-02   0.00000      0.720416E-01  -5.09294       0.00000    
   8.39146      0.938431E-05  0.519722E-02 -0.947997E-03   0.00000      0.721435E-01  -5.16869       0.00000    
   8.95330      0.346631E-05  0.192140E-02 -0.355372E-03   0.00000      0.722398E-01  -5.23935       0.00000    
   9.55276      0.119501E-05  0.662954E-03 -0.124195E-03   0.00000      0.723306E-01  -5.30529       0.00000    
   10.1924      0.382743E-06  0.212498E-03 -0.402814E-04   0.00000      0.724160E-01  -5.36686       0.00000    
   10.8748      0.113327E-06  0.629641E-04 -0.120666E-04   0.00000      0.724960E-01  -5.42437       0.00000    
   11.6029      0.308579E-07  0.171561E-04 -0.332120E-05   0.00000      0.725709E-01  -5.47809       0.00000    
   12.3797      0.768396E-08  0.427472E-05 -0.835304E-06   0.00000      0.726408E-01  -5.52830       0.00000    
   13.2086      0.173943E-08  0.968228E-06 -0.190845E-06   0.00000      0.727059E-01  -5.57523       0.00000    
   14.0930      0.355698E-09  0.198099E-06 -0.393622E-07   0.00000      0.727665E-01  -5.61913       0.00000    
   15.0366      0.652659E-10  0.363663E-07 -0.728018E-08   0.00000      0.728228E-01  -5.66020       0.00000    
   16.0433      0.106686E-10  0.594725E-08 -0.119888E-08   0.00000      0.728749E-01  -5.69863       0.00000    
   17.1175      0.154182E-11  0.859843E-09 -0.174455E-09   0.00000      0.729233E-01  -5.73457       0.00000    
   18.2636      0.195400E-12  0.109012E-09 -0.222507E-10   0.00000      0.729681E-01  -5.76819       0.00000    
   19.4864      0.215288E-13  0.120148E-10 -0.246614E-11   0.00000      0.730095E-01  -5.79967       0.00000    
   20.7911      0.204333E-14  0.114070E-11 -0.235365E-12   0.00000      0.730477E-01  -5.82924       0.00000    
   22.1831      0.165437E-15  0.923817E-13 -0.191550E-13   0.00000      0.730830E-01  -5.85704       0.00000    
   23.6684      0.113076E-16  0.631594E-14 -0.131556E-14   0.00000      0.731157E-01  -5.88302       0.00000    
   25.2530      0.645182E-18  0.360458E-15 -0.753964E-16   0.00000      0.731463E-01  -5.90707       0.00000    
   26.9438      0.303634E-19  0.169675E-16 -0.356291E-17   0.00000      0.731744E-01  -5.92945       0.00000    
   28.7478      0.116388E-20  0.650518E-18 -0.137107E-18   0.00000      0.731998E-01  -5.95090       0.00000    
   30.6726      0.358676E-22  0.200504E-19 -0.424123E-20   0.00000      0.732229E-01  -5.97182       0.00000    
   32.7262      0.876304E-24  0.489940E-21 -0.103985E-21   0.00000      0.732580E-01  -5.99132       0.00000    
   34.9174      0.167053E-25  0.934154E-23 -0.198832E-23   0.00000       0.00000      -6.00795       0.00000    
   37.2553      0.244130E-27  0.136540E-24 -0.291336E-25   0.00000       0.00000      -6.02230       0.00000    
   39.7496      0.268755E-29  0.150329E-26 -0.321604E-27   0.00000       0.00000      -6.03771       0.00000    
   42.4110      0.219407E-31  0.122731E-28 -0.263389E-29   0.00000       0.00000      -6.05619       0.00000    
   45.2506      0.129595E-33  0.725020E-31 -0.156172E-31   0.00000       0.00000      -6.07798       0.00000    
   48.2803      0.198648E-36  0.111063E-33 -0.246697E-34   0.00000       0.00000      -6.26172       0.00000    
   51.5129       0.00000       0.00000       0.00000       0.00000       0.00000       0.00000       0.00000    
   54.9619       0.00000       0.00000       0.00000       0.00000       0.00000       0.00000       0.00000    
   58.6418       0.00000       0.00000       0.00000       0.00000       0.00000       0.00000       0.00000    
   62.5681       0.00000       0.00000       0.00000       0.00000       0.00000       0.00000       0.00000    
   66.7573       0.00000       0.00000       0.00000       0.00000       0.00000       0.00000       0.00000    
   71.2269       0.00000       0.00000       0.00000       0.00000       0.00000       0.00000       0.00000    
   75.9958       0.00000       0.00000       0.00000       0.00000       0.00000       0.00000       0.00000    
   81.0841       0.00000       0.00000       0.00000       0.00000       0.00000       0.00000       0.00000    
   86.5130       0.00000       0.00000       0.00000       0.00000       0.00000       0.00000       0.00000    
   92.3053       0.00000       0.00000       0.00000       0.00000       0.00000       0.00000       0.00000    
   98.4855       0.00000       0.00000       0.00000       0.00000       0.00000       0.00000       0.00000    
   105.080       0.00000       0.00000       0.00000       0.00000       0.00000       0.00000       0.00000    
   112.115       0.00000       0.00000       0.00000       0.00000       0.00000       0.00000       0.00000    
   119.622       0.00000       0.00000       0.00000       0.00000       0.00000       0.00000       0.00000    
   127.631       0.00000       0.00000       0.00000       0.00000       0.00000       0.00000       0.00000    
   136.176       0.00000       0.00000       0.00000       0.00000       0.00000       0.00000       0.00000    
   145.294       0.00000       0.00000       0.00000       0.00000       0.00000       0.00000       0.00000    
