#Energy Pol angle
0.105925372518 85.3969
0.118850222744 86.1803
0.133352143216 93.0349
0.149623565609 91.8599
0.167880401812 88.4625
0.188364908949 90.5341
0.211348903984 90.5673
0.237137370566 87.9408
0.26607250598 86.7041
0.298538261892 87.9743
0.334965439158 91.4511
0.375837404288 92.7195
0.421696503429 88.9372
0.473151258961 86.672
0.530884444231 86.9622
0.595662143529 87.2004
0.668343917569 87.4518
0.749894209332 83.8578
0.841395141645 85.2289
0.944060876286 93.5896
1.05925372518 91.2308
1.18850222744 152.22
1.33352143216 158.144
1.49623565609 183.832
1.67880401812 183.337
1.88364908949 177.962
2.11348903984 175.807
2.37137370566 178.608
2.6607250598 180.889
2.98538261892 179.936
3.34965439158 180.38
3.75837404288 182.525
4.21696503429 181.882
4.73151258961 180.245
5.30884444231 181.637
5.95662143529 182.066
6.68343917569 182.143
7.49894209332 182.584
8.41395141645 183.458
9.44060876286 184.554
10.5925372518 183.601
11.8850222744 182.617
13.3352143216 184.222
14.9623565609 184.618
16.7880401812 182.892
18.8364908949 182.679
21.1348903984 181.546
23.7137370566 182.602
26.607250598 182.731
29.8538261892 181.011
33.4965439158 180.315
37.5837404288 181.597
42.1696503429 183.411
47.3151258961 183.863
53.0884444231 185.445
59.5662143529 185.759
66.8343917569 186.659
74.9894209332 186.885
84.1395141645 184.33
94.4060876286 183.219
