#Energy Pol angle
0.105925372518 0.846007
0.118850222744 0.829075
0.133352143216 0.73297
0.149623565609 0.741539
0.167880401812 0.678406
0.188364908949 0.654518
0.211348903984 0.651752
0.237137370566 0.578342
0.26607250598 0.576082
0.298538261892 0.564012
0.334965439158 0.485999
0.375837404288 0.478807
0.421696503429 0.453073
0.473151258961 0.442609
0.530884444231 0.416032
0.595662143529 0.401062
0.668343917569 0.382407
0.749894209332 0.259035
0.841395141645 0.232404
0.944060876286 0.188482
1.05925372518 0.0640694
1.18850222744 0.0714808
1.33352143216 0.139251
1.49623565609 0.232764
1.67880401812 0.463274
1.88364908949 0.636672
2.11348903984 0.76839
2.37137370566 0.885948
2.6607250598 1.10314
2.98538261892 1.44618
3.34965439158 1.60556
3.75837404288 1.79132
4.21696503429 1.99182
4.73151258961 2.26977
5.30884444231 2.73843
5.95662143529 2.70673
6.68343917569 2.77118
7.49894209332 2.92443
8.41395141645 2.84865
9.44060876286 3.03515
10.5925372518 3.596
11.8850222744 4.08041
13.3352143216 3.54997
14.9623565609 3.63235
16.7880401812 3.92231
18.8364908949 3.21565
21.1348903984 3.06121
23.7137370566 3.62518
26.607250598 3.56538
29.8538261892 3.44713
33.4965439158 3.85695
37.5837404288 3.91138
42.1696503429 3.55085
47.3151258961 3.1242
53.0884444231 3.48214
59.5662143529 3.56745
66.8343917569 3.93013
74.9894209332 4.60317
84.1395141645 4.82764
94.4060876286 5.08141
