#Energy Pol angle
0.105925372518 84.2896
0.118850222744 86.6651
0.133352143216 86.4634
0.149623565609 85.8853
0.167880401812 85.882
0.188364908949 88.4494
0.211348903984 90.5849
0.237137370566 90.776
0.26607250598 96.0355
0.298538261892 95.6122
0.334965439158 91.6338
0.375837404288 89.8535
0.421696503429 91.7498
0.473151258961 97.4404
0.530884444231 93.4762
0.595662143529 88.4898
0.668343917569 92.6066
0.749894209332 90.8043
0.841395141645 73.3148
0.944060876286 74.9064
1.05925372518 122.868
1.18850222744 181.236
1.33352143216 191.94
1.49623565609 176.883
1.67880401812 175.147
1.88364908949 178.164
2.11348903984 178.334
2.37137370566 174.003
2.6607250598 173.268
2.98538261892 174.499
3.34965439158 175.498
3.75837404288 175.721
4.21696503429 175.661
4.73151258961 179.483
5.30884444231 182.909
5.95662143529 180.924
6.68343917569 180.646
7.49894209332 178.092
8.41395141645 174.772
9.44060876286 177.287
10.5925372518 179.025
11.8850222744 180.378
13.3352143216 179.193
14.9623565609 178.046
16.7880401812 179.423
18.8364908949 178.692
21.1348903984 182.379
23.7137370566 184.592
26.607250598 176.313
29.8538261892 174.844
33.4965439158 178.797
37.5837404288 171.388
42.1696503429 165.92
47.3151258961 171.162
53.0884444231 176.527
59.5662143529 179.585
66.8343917569 191.571
74.9894209332 192.576
84.1395141645 183.608
94.4060876286 180.357
