#Energy Pol degree
0.105925372518 2.28913
0.118850222744 2.20546
0.133352143216 1.74324
0.149623565609 1.73779
0.167880401812 2.05951
0.188364908949 2.19473
0.211348903984 2.08134
0.237137370566 1.89241
0.26607250598 1.76522
0.298538261892 1.84019
0.334965439158 1.91584
0.375837404288 1.83915
0.421696503429 1.60499
0.473151258961 1.3873
0.530884444231 1.29878
0.595662143529 1.27246
0.668343917569 1.11839
0.749894209332 0.971515
0.841395141645 0.773484
0.944060876286 0.470667
1.05925372518 0.162133
1.18850222744 0.101133
1.33352143216 0.196811
1.49623565609 0.341394
1.67880401812 0.534158
1.88364908949 0.774047
2.11348903984 1.16514
2.37137370566 1.33602
2.6607250598 1.73969
2.98538261892 2.31355
3.34965439158 2.72002
3.75837404288 2.9766
4.21696503429 3.14772
4.73151258961 3.41716
5.30884444231 4.05031
5.95662143529 4.83326
6.68343917569 5.40364
7.49894209332 5.63177
8.41395141645 5.52381
9.44060876286 5.58859
10.5925372518 5.70228
11.8850222744 5.81744
13.3352143216 6.14722
14.9623565609 5.92761
16.7880401812 5.97117
18.8364908949 6.34171
21.1348903984 6.45655
23.7137370566 6.95309
26.607250598 7.43236
29.8538261892 6.57967
33.4965439158 6.63441
37.5837404288 7.56322
42.1696503429 7.67521
47.3151258961 7.11679
53.0884444231 6.70853
59.5662143529 7.74961
66.8343917569 7.62613
74.9894209332 7.0852
84.1395141645 7.84473
94.4060876286 8.33868
