2.993000000715255737e-01 1.813924288791133493e-04 1.095042534528751702e-05
3.139000087976455688e-01 4.722996010079153904e-04 3.397504117928331680e-05
3.285000026226043701e-01 8.696591708029913822e-04 6.393160602380143541e-05
3.430999964475631714e-01 1.357489676820545057e-03 1.597032974742872808e-04
3.577000051736831665e-01 1.732298715485837632e-03 2.618711578344438658e-04
3.722999989986419678e-01 2.487399202782188123e-03 3.096228806914738609e-04
3.868999928236007690e-01 2.874544198269791788e-03 3.920190405310481512e-04
4.015000015497207642e-01 2.931876722003945706e-03 3.017371790073916475e-04
4.161000102758407593e-01 3.599565218097030336e-03 3.527553590482509355e-04
4.307000041007995605e-01 4.007996363204789809e-03 4.502501650865214596e-04
4.452999979257583618e-01 5.584051398483031760e-03 3.949460048386181903e-04
4.599000066518783569e-01 6.443341967578321283e-03 4.701065400290773658e-04
4.745000004768371582e-01 7.374894037241435524e-03 5.716378496183744089e-04
4.890999943017959595e-01 8.565071325690433446e-03 5.897220493445594607e-04
5.036999881267547607e-01 1.105258182205517276e-02 5.967531894653653772e-04
5.182999968528747559e-01 1.214492603317757907e-02 6.877384180700109231e-04
5.329000055789947510e-01 2.609666907354194019e-03 1.485862652160540372e-04
5.474999845027923584e-01 3.827847143794929630e-03 1.907744767149125538e-04
5.620999932289123535e-01 5.081548922965225916e-03 2.203726616327875490e-04
5.767000019550323486e-01 5.798486895324413831e-03 2.997543270588728806e-04
5.912999808788299561e-01 7.407178099435167938e-03 3.272346441031635778e-04
6.058999896049499512e-01 8.509774529997453374e-03 3.017945097488261346e-04
6.204999983310699463e-01 8.753029971031740103e-03 3.480545337059701367e-04
6.351000070571899414e-01 1.024563297279562808e-02 3.345256547569986326e-04
6.497000157833099365e-01 1.000381228698882935e-02 3.602890661462713139e-04
6.642999947071075439e-01 1.093651995312172609e-02 3.314645309335740252e-04
6.789000034332275391e-01 1.030448204461146926e-02 3.378236959209687546e-04
6.935000121593475342e-01 1.130327985112562772e-02 3.623868688074157905e-04
7.080999910831451416e-01 9.123654224458464107e-03 2.867893466374652270e-04
7.226999998092651367e-01 9.754515937821775159e-03 2.860441539794086516e-04
7.373000085353851318e-01 1.042064440758497766e-02 2.806123397296103996e-04
7.518999874591827393e-01 1.112854323615173301e-02 2.862556917978073155e-04
7.664999961853027344e-01 1.081755709450343654e-02 2.842868391176690888e-04
7.811000049114227295e-01 1.173680697151747304e-02 2.931857429520525328e-04
7.956999838352203369e-01 1.153043035749203027e-02 2.852243719270799462e-04
8.102999925613403320e-01 1.198987466111167861e-02 2.878112039794876648e-04
8.249000012874603271e-01 1.170492709301581939e-02 2.920338505206318699e-04
8.395000100135803223e-01 1.232704634819163647e-02 2.864865761749775422e-04
8.541000187397003174e-01 1.239491704596819288e-02 2.977932609717110651e-04
8.686999976634979248e-01 1.078503829810292108e-02 2.361052119312429985e-04
8.833000063896179199e-01 1.180007400953729003e-02 2.547591001455598862e-04
8.979000151157379150e-01 1.210171734202798374e-02 2.594995495447986137e-04
9.124999940395355225e-01 1.279920617005189491e-02 2.583579572861082591e-04
9.271000027656555176e-01 1.344641079204938333e-02 2.783744127266167328e-04
9.417000114917755127e-01 1.503790320807836013e-02 2.580276307175572033e-04
9.562999904155731201e-01 1.597766549461825114e-02 2.886637126226462608e-04
9.708999991416931152e-01 1.692373584079939070e-02 2.686236183090848196e-04
9.855000078678131104e-01 1.725708587715715780e-02 2.781600776966471371e-04
1.000100016593933105e+00 1.787236235219910943e-02 2.774472911023136428e-04
1.014699995517730713e+00 1.863631026404057034e-02 2.925762573113732299e-04
1.029299974441528320e+00 1.916970148936942772e-02 2.837711008334044423e-04
1.043900012969970703e+00 1.906105354391669782e-02 2.935839289724891414e-04
1.058499991893768311e+00 1.908467005914180059e-02 2.902412610289764844e-04
1.073099970817565918e+00 1.894274012730778889e-02 2.828115060743122307e-04
1.087700009346008301e+00 1.791084575466687923e-02 2.733758467245236295e-04
1.102299988269805908e+00 1.687802168057797592e-02 2.689020294122801283e-04
1.116899967193603516e+00 1.635840756707659591e-02 2.533530672765375294e-04
1.131500005722045898e+00 1.489706898317994660e-02 2.507307253936113959e-04
1.146099984645843506e+00 1.370033926393539152e-02 2.356903904904511873e-04
1.160699963569641113e+00 1.246692761685517029e-02 2.356133860852161746e-04
1.175300002098083496e+00 1.135050346933597944e-02 2.276305050775352841e-04
1.189899981021881104e+00 1.084288733046000902e-02 2.085204562547607950e-04
1.204499959945678711e+00 1.047306767680023475e-02 2.038136057272723852e-04
1.219099998474121094e+00 9.906516882559897319e-03 2.224974011975024060e-04
1.233700037002563477e+00 9.937943812490263734e-03 2.108848896235208958e-04
1.248300015926361084e+00 9.799487204124480294e-03 2.079627528938322520e-04
1.262899994850158691e+00 9.930077242729880294e-03 2.078927963232756252e-04
1.277500033378601074e+00 9.685861711825826184e-03 2.035097290143360869e-04
1.292100012302398682e+00 9.306432480110409661e-03 2.068171284503733122e-04
1.306699991226196289e+00 8.883869132112965500e-03 1.887614212407778998e-04
1.321300029754638672e+00 8.968899908278819139e-03 1.902129746535218587e-04
1.335900008678436279e+00 8.911121638940380785e-03 1.929230673145474460e-04
1.350499987602233887e+00 8.927442960693829019e-03 1.862383699095975019e-04
1.365100026130676270e+00 8.821947062213199992e-03 1.991034187068599359e-04
1.379700005054473877e+00 8.910286846717064418e-03 2.002255923103977791e-04
1.394299983978271484e+00 9.086659507167972952e-03 1.915436396224148396e-04
1.408900022506713867e+00 9.485409054774811624e-03 1.924087378029252864e-04
1.423500001430511475e+00 9.388805844143290058e-03 1.953555030680699783e-04
1.438099980354309082e+00 9.266989023896211181e-03 2.038204925136297163e-04
1.452700018882751465e+00 8.973223564414279860e-03 1.907419626254762337e-04
1.467299997806549072e+00 8.675433147917768067e-03 1.875733527583015611e-04
1.481899976730346680e+00 8.269869826463929416e-03 1.807025372935456252e-04
1.496500015258789062e+00 7.638641115498291320e-03 1.895832630174016178e-04
1.511099994182586670e+00 7.560413103496328030e-03 1.768579768677142061e-04
1.525699973106384277e+00 7.303973863462425754e-03 1.838264351489159762e-04
1.540300011634826660e+00 6.779022899384208600e-03 1.760665486328065617e-04
1.554899990558624268e+00 6.826021152783315338e-03 1.641309418244262441e-04
1.569499969482421875e+00 6.608758767059471663e-03 1.789020458297698184e-04
1.584100008010864258e+00 6.783666720959155919e-03 1.803031745220967641e-04
1.598699986934661865e+00 6.750362626957653531e-03 1.709575984853272247e-04
1.613299965858459473e+00 6.748481676023460919e-03 1.779575206176485915e-04
1.627900004386901855e+00 6.649641902655368392e-03 1.734842962300991878e-04
1.642499983310699463e+00 6.321308392471983173e-03 1.759952768038939045e-04
1.657099962234497070e+00 6.475420679796235757e-03 1.752128230977394641e-04
1.671700000762939453e+00 6.393231061862176060e-03 1.763622513115752045e-04
1.686300039291381836e+00 6.308588618394039491e-03 1.797166075721608343e-04
1.700900018215179443e+00 6.565435972570668639e-03 1.682323195694949015e-04
1.715499997138977051e+00 6.405455310921810870e-03 1.648623472381999938e-04
1.730100035667419434e+00 6.668854452715233458e-03 1.632380564920873597e-04
1.744700014591217041e+00 6.398114312467559524e-03 1.627906870590232861e-04
1.759299993515014648e+00 6.550861024550422296e-03 1.663965666943401328e-04
1.773900032043457031e+00 6.469092453032866501e-03 1.609556135981194238e-04
1.788500010967254639e+00 6.382358959148842249e-03 1.629018189320006538e-04
1.803099989891052246e+00 6.448348974078210033e-03 1.592106774472558601e-04
1.817700028419494629e+00 6.102873223232102053e-03 1.581973931022781900e-04
1.832300007343292236e+00 6.401979508192382623e-03 1.425930587313585301e-04
1.846899986267089844e+00 5.822437414356535813e-03 1.551647851717036491e-04
1.861500024795532227e+00 6.002454769105386098e-03 1.611666192312112783e-04
1.876100003719329834e+00 6.145852758779607981e-03 1.561569140369395208e-04
1.890699982643127441e+00 6.016411600192225935e-03 1.716434865755939946e-04
1.905300021171569824e+00 6.282399502430603341e-03 1.740957214323361855e-04
1.919900000095367432e+00 6.524002461115424589e-03 1.644513303014027397e-04
1.934499979019165039e+00 6.627771806456308167e-03 1.617850545772754893e-04
1.949100017547607422e+00 6.129128950765762307e-03 1.643535543583089353e-04
1.963699996471405029e+00 5.909104268387108637e-03 1.727532431207207575e-04
1.978299975395202637e+00 5.591004957036781534e-03 1.512845278646679482e-04
1.992900013923645020e+00 4.779204362515016707e-03 1.627805684548313940e-04
2.007500052452087402e+00 4.537239903207891493e-03 1.622287327691742970e-04
2.022100090980529785e+00 4.418496365604675062e-03 1.702246173680607689e-04
2.036700010299682617e+00 4.085670373701562330e-03 1.662267318594482380e-04
2.051299929618835449e+00 4.250238169574914807e-03 1.639708954010728572e-04
2.065899968147277832e+00 4.044320948833442925e-03 1.808606035869626642e-04
2.080500006675720215e+00 4.112381979615787816e-03 1.705598403123006232e-04
2.095100045204162598e+00 4.022943258553219811e-03 1.844925096911262678e-04
2.109700083732604980e+00 3.583860396275511447e-03 2.249914302280895241e-04
2.124300003051757812e+00 3.700596510396007583e-03 2.375192704610487398e-04
2.138899922370910645e+00 4.236216902045003910e-03 2.054409433721616227e-04
2.153499960899353027e+00 3.901669955715072590e-03 2.090783603667435188e-04
2.168099999427795410e+00 3.987305593784778307e-03 2.116901336687750784e-04
2.182700037956237793e+00 4.019703457854790878e-03 2.122358941823640206e-04
2.197300076484680176e+00 3.807258664074554891e-03 2.399413624427438935e-04
2.211899995803833008e+00 4.108903931278379620e-03 1.825423609294716685e-04
2.226499915122985840e+00 3.880277860709420087e-03 2.058179222327366140e-04
2.241099953651428223e+00 3.778641270660184487e-03 1.981967671747569739e-04
2.255699992179870605e+00 3.946117353063492358e-03 2.135879460384051390e-04
2.270300030708312988e+00 4.051945887170667164e-03 1.887715305110396517e-04
2.284900069236755371e+00 4.078681590107029881e-03 1.873217790031854490e-04
2.299499988555908203e+00 3.971917281873776212e-03 2.109677270885579282e-04
2.314099907875061035e+00 4.162070906712472818e-03 1.766482368624701013e-04
2.328699946403503418e+00 4.045855989812032795e-03 1.825359506927083132e-04
2.343299984931945801e+00 4.006646213874609855e-03 1.724211858330334992e-04
2.357900023460388184e+00 3.910962476082343285e-03 2.074110495272345645e-04
2.372500061988830566e+00 3.822461225942704304e-03 1.807062430203122216e-04
2.387099981307983398e+00 3.881987600245420146e-03 1.726188340961297364e-04
2.401699900627136230e+00 3.705663152679447309e-03 1.779179097948964947e-04
2.416299939155578613e+00 3.751574917148496613e-03 1.740800745890310917e-04
2.430899977684020996e+00 3.554557811404259176e-03 1.792246182681335388e-04
2.445500016212463379e+00 3.473946143126259434e-03 1.619716013901670337e-04
2.460100054740905762e+00 3.288196795821647037e-03 1.871469192870786299e-04
2.474700093269348145e+00 3.430771659190235811e-03 1.696606268725972056e-04
2.489300012588500977e+00 3.357541202591048449e-03 2.223184047919557818e-04
2.503899931907653809e+00 3.479439156445781646e-03 1.793661671977556441e-04
2.518499970436096191e+00 3.520485645940477169e-03 1.684588978618025855e-04
2.533100008964538574e+00 3.570682724907851130e-03 1.738359847349865380e-04
2.547700047492980957e+00 3.554958851573790206e-03 1.781083529525090805e-04
2.562300086021423340e+00 2.954354223039946069e-03 1.936873790573290406e-04
2.576900005340576172e+00 3.032458565203500350e-03 1.632647384116118182e-04
2.591499924659729004e+00 2.662087643606792040e-03 1.899202189252635219e-04
2.606099963188171387e+00 2.888930277358232358e-03 1.691674812913488042e-04
2.620700001716613770e+00 2.590075443629038295e-03 1.647078997705580486e-04
2.635300040245056152e+00 2.783908755628544847e-03 1.532418314348900986e-04
2.649900078773498535e+00 2.456577987840519606e-03 1.615110493338809804e-04
2.664499998092651367e+00 2.366123298513037564e-03 1.461592157686570997e-04
2.679099917411804199e+00 2.458022806307346222e-03 1.681539405793064856e-04
2.693699955940246582e+00 2.595812744416309270e-03 1.482724410262953102e-04
2.708299994468688965e+00 2.696089763939004541e-03 1.536359018895243280e-04
2.722900032997131348e+00 2.540983121209026887e-03 1.311161139146984982e-04
2.737500071525573730e+00 2.288408869365815036e-03 1.558100176831028261e-04
2.752099990844726562e+00 2.554118870379126164e-03 1.504687250236860633e-04
2.766699910163879395e+00 2.287826808857939577e-03 1.465642163282462657e-04
2.781299948692321777e+00 2.266180159191959545e-03 1.414589553423358523e-04
2.795899987220764160e+00 2.338367831025469409e-03 1.375100914215643053e-04
2.810500025749206543e+00 2.379637430089731175e-03 1.516049631972855014e-04
2.825100064277648926e+00 2.263725735028837560e-03 1.541294265750179314e-04
2.839699983596801758e+00 2.241703673582267058e-03 1.578142033686519600e-04
2.854299902915954590e+00 2.250776140761269733e-03 1.408692948796896318e-04
2.868899941444396973e+00 2.060133388773483475e-03 1.515129230812992459e-04
2.883499979972839355e+00 2.159667962942683588e-03 1.569389593501500414e-04
2.898100018501281738e+00 2.140396653989089584e-03 1.345457480269069838e-04
2.912700057029724121e+00 2.106670716365090668e-03 1.480174706566900428e-04
2.927300095558166504e+00 2.072575601811831817e-03 1.430407207960852662e-04
2.941900014877319336e+00 2.115916853262844299e-03 1.434869877415542261e-04
2.956499934196472168e+00 2.321191798922528620e-03 1.504055423485201731e-04
2.971099972724914551e+00 2.268133228226312716e-03 1.451094223652493384e-04
2.985700011253356934e+00 2.541349951489816229e-03 1.345230574158028244e-04
3.000300049781799316e+00 1.958454706235852882e-03 1.643230214285578675e-04
3.014900088310241699e+00 2.343451446778273967e-03 1.409412182386968128e-04
3.029500007629394531e+00 2.213287817821536167e-03 1.477248270239226900e-04
3.044099926948547363e+00 2.222055588082745385e-03 1.388878891687596448e-04
3.058699965476989746e+00 2.085047278735717696e-03 1.319761789604959295e-04
3.073300004005432129e+00 1.982925842099699833e-03 1.251171544364163479e-04
3.087900042533874512e+00 1.911147929039704518e-03 1.387692644212662810e-04
3.102500081062316895e+00 1.681817596102321314e-03 1.307017371034922782e-04
3.117100000381469727e+00 1.828240980294703341e-03 1.463336643077623464e-04
3.131699919700622559e+00 1.720413000555687721e-03 1.362006111747532801e-04
3.146299958229064941e+00 1.808265456247577785e-03 1.420998526760319097e-04
3.160899996757507324e+00 1.909294227652916448e-03 1.185353504751716328e-04
3.175500035285949707e+00 1.664490705410094293e-03 1.404019312007459747e-04
3.190100073814392090e+00 1.908540552872367915e-03 1.298099636298350422e-04
3.204699993133544922e+00 2.009406126838776067e-03 1.202467042957175853e-04
3.219299912452697754e+00 1.728376670364396156e-03 1.365849770408000233e-04
3.233899950981140137e+00 1.737325876980994619e-03 1.267515231282565944e-04
3.248499989509582520e+00 1.807325220495805459e-03 1.326082035532481112e-04
3.263100028038024902e+00 1.634184612784108292e-03 1.345037845840377222e-04
3.277700066566467285e+00 1.565351807232039007e-03 1.420735864037249148e-04
3.292299985885620117e+00 1.522186012943603246e-03 1.368417941888599532e-04
3.306899905204772949e+00 1.430378166412084144e-03 1.306483288816112079e-04
3.321499943733215332e+00 1.600392903987475114e-03 1.118195563348607288e-04
3.336099982261657715e+00 1.380225927214912170e-03 1.425253198211474113e-04
3.350700020790100098e+00 1.580217947828661124e-03 1.170201875262621115e-04
3.365300059318542480e+00 1.371263606931863010e-03 1.333827098317509185e-04
3.379900097846984863e+00 1.607988143780998041e-03 1.046477289988393246e-04
3.394500017166137695e+00 1.305840102697570452e-03 1.174202424417482201e-04
3.409099936485290527e+00 1.305369566376720714e-03 1.318712817578826350e-04
3.423699975013732910e+00 1.363652125236226040e-03 1.232659335817925541e-04
3.438300013542175293e+00 1.388675595372285999e-03 1.129780193142827728e-04
3.452900052070617676e+00 1.286712258365665636e-03 1.312618243355952565e-04
3.467500090599060059e+00 1.348750002064297640e-03 1.227455497402574983e-04
3.482100009918212891e+00 1.395125459301778566e-03 1.326536790126836638e-04
3.496699929237365723e+00 1.315040503566684837e-03 1.268542839091734082e-04
3.511299967765808105e+00 1.423646939379264245e-03 1.132199088548957629e-04
3.525900006294250488e+00 1.080859225247586411e-03 1.405284173421478267e-04
3.540500044822692871e+00 1.435802416002773156e-03 1.074181656188343822e-04
3.555100083351135254e+00 1.104732568298570725e-03 1.280808763158510812e-04
3.569700002670288086e+00 1.226141012261163258e-03 1.204279349525270645e-04
3.584299921989440918e+00 1.129446746301015223e-03 1.283502820241640347e-04
3.598899960517883301e+00 1.479291404886242138e-03 1.013738439561636821e-04
3.613499999046325684e+00 1.149024927783708376e-03 1.137942113577192107e-04
3.628100037574768066e+00 1.227741003226621736e-03 1.095114522233157900e-04
3.642700076103210449e+00 1.333650996479063353e-03 1.219237325556390245e-04
3.657299995422363281e+00 1.249812895740919040e-03 1.099029936672058557e-04
3.671899914741516113e+00 1.273742304681158141e-03 1.158798850753241943e-04
3.686499953269958496e+00 1.334922708361666087e-03 1.114309379846656556e-04
3.701099991798400879e+00 1.226197843234911418e-03 1.251408546917598960e-04
3.715700030326843262e+00 1.134163022265761598e-03 1.327625735311960872e-04
3.730300068855285645e+00 1.256255441287650694e-03 1.256594633314944253e-04
3.744899988174438477e+00 1.208886068392391955e-03 1.249667942683810556e-04
3.759499907493591309e+00 1.092871343198161763e-03 1.365137672582496361e-04
3.774099946022033691e+00 1.392589106985515348e-03 1.231322995704640564e-04
3.788699984550476074e+00 1.057045506471460204e-03 1.361161674068477251e-04
3.803300023078918457e+00 1.296498671062502103e-03 1.049186012275929263e-04
3.817900061607360840e+00 1.059614425158916275e-03 1.319624413371244876e-04
3.832499980926513672e+00 1.271296593144297668e-03 1.044893514548603133e-04
3.847099900245666504e+00 1.094743009502763828e-03 1.011800457001284454e-04
3.861699938774108887e+00 9.274455417867291359e-04 1.385704046854312936e-04
3.876299977302551270e+00 1.137786702779319120e-03 1.083372860670121768e-04
3.890900015830993652e+00 1.064321287337989573e-03 1.070361170534765271e-04
3.905500054359436035e+00 1.066077131977832219e-03 1.128355440850644910e-04
3.920100092887878418e+00 1.211928806438730601e-03 1.205483076517249898e-04
3.934700012207031250e+00 1.073660930138201639e-03 1.233043274949503722e-04
3.949299931526184082e+00 1.067330975596752487e-03 1.129682531758935730e-04
3.963899970054626465e+00 1.041737133158432893e-03 1.229339525630901030e-04
3.978500008583068848e+00 9.240428253991241851e-04 1.211251286963994472e-04
3.993100047111511230e+00 1.023999723872384823e-03 9.281297924689740182e-05
4.007699966430664062e+00 8.065296493839231020e-04 1.288804570104016081e-04
4.022300004959106445e+00 8.167831137876136252e-04 1.245282360690906241e-04
4.036900043487548828e+00 9.442915787618975541e-04 1.053318301624378144e-04
4.051500082015991211e+00 8.690816024655718518e-04 9.733454945293567814e-05
4.066100120544433594e+00 1.031367252732275910e-03 1.070878019155969551e-04
4.080699920654296875e+00 7.617043694958877545e-04 1.190556837839406879e-04
4.095299959182739258e+00 9.942415273453267862e-04 1.000429530520802635e-04
4.109899997711181641e+00 8.200124175430777585e-04 9.661997552086420656e-05
4.124500036239624023e+00 8.654558268853818894e-04 1.103819109400179695e-04
4.139100074768066406e+00 9.057174546931357926e-04 1.167628289823587691e-04
4.153699874877929688e+00 8.679508757446671415e-04 1.107001342998025552e-04
4.168299913406372070e+00 8.322483661058715891e-04 9.733186011042218254e-05
4.182899951934814453e+00 7.388316714064719921e-04 1.196778520778754470e-04
4.197499990463256836e+00 6.950009014848102830e-04 1.191369151414846519e-04
4.212100028991699219e+00 8.212170995550010242e-04 1.105203420351541521e-04
4.226700067520141602e+00 7.064825925041085235e-04 1.341162801555324411e-04
4.241300106048583984e+00 6.726560909461390663e-04 1.194028210265141697e-04
4.255899906158447266e+00 8.208531356811162678e-04 1.049127433046657709e-04
4.270499944686889648e+00 8.226025531683290367e-04 1.051363352966928942e-04
4.285099983215332031e+00 8.570267873869332051e-04 9.912687267239655747e-05
4.299700021743774414e+00 7.554121935622776533e-04 1.105491617641155862e-04
4.314300060272216797e+00 8.134359498703091921e-04 9.059184932723499367e-05
4.328900098800659180e+00 7.310287340362319657e-04 8.889085354014605736e-05
4.343500137329101562e+00 6.533249289616472385e-04 1.093719297219471551e-04
4.358099937438964844e+00 7.673193361177855446e-04 9.827583916580091101e-05
4.372699975967407227e+00 5.864816402135767303e-04 1.202388794322971637e-04
4.387300014495849609e+00 6.656929833418059406e-04 1.102906954053911516e-04
4.401900053024291992e+00 8.146066599316210141e-04 1.132464835415589047e-04
4.416500091552734375e+00 6.796397574309933623e-04 1.225171473000982996e-04
4.431099891662597656e+00 8.130351852913664896e-04 9.193213202166986865e-05
4.445699930191040039e+00 7.917176602545277506e-04 9.164157897565352478e-05
4.460299968719482422e+00 7.033504592683109289e-04 1.056047183334022830e-04
4.474900007247924805e+00 8.139005463965303397e-04 1.008682553722132683e-04
4.489500045776367188e+00 8.277368368451318509e-04 1.150718385710138128e-04
4.504100084304809570e+00 6.141055270908861181e-04 1.175287271753941356e-04
4.518700122833251953e+00 7.775889322721110273e-04 8.176481651645974957e-05
4.533299922943115234e+00 7.718859258093230171e-04 8.179477549880790743e-05
4.547899961471557617e+00 6.879339216552427406e-04 1.069286230168986810e-04
4.562500000000000000e+00 7.030423360343808449e-04 9.139457424903021704e-05
4.577100038528442383e+00 6.656322673071803911e-04 9.080868295012595160e-05
4.591700077056884766e+00 6.781215744765544968e-04 1.002223866181011576e-04
4.606299877166748047e+00 7.235454211549122942e-04 9.276441937109550294e-05
4.620899915695190430e+00 7.016726945473822537e-04 9.251555137272485273e-05
4.635499954223632812e+00 6.142480661198924030e-04 9.068010755727742150e-05
4.650099992752075195e+00 7.392698333943800628e-04 9.392183286286810630e-05
4.664700031280517578e+00 6.532028321071744765e-04 1.012036013355003015e-04
4.679300069808959961e+00 6.018614468990214541e-04 1.003785100809469834e-04
4.693900108337402344e+00 7.949565998742298082e-04 8.490086297650582445e-05
4.708499908447265625e+00 6.565839311195364797e-04 8.142282509547644673e-05
4.723099946975708008e+00 7.903055589761501330e-04 9.650948763924641332e-05
4.737699985504150391e+00 6.402939323425732663e-04 1.025460733716048432e-04
4.752300024032592773e+00 4.129335387226633065e-04 1.204693487774108167e-04
4.766900062561035156e+00 5.534693448470437253e-04 1.355713258939405977e-04
4.781499862670898438e+00 6.223445332322439941e-04 1.186579611485071370e-04
4.796099901199340820e+00 3.321245079252791409e-04 1.440152285438685319e-04
4.810699939727783203e+00 5.053767854322525292e-04 1.364846547040435862e-04
4.825299978256225586e+00 6.225102555905506242e-04 1.201639768876392979e-04
4.839900016784667969e+00 5.914972841044965120e-04 1.042696693633357016e-04
4.854500055313110352e+00 6.551672957083655739e-04 1.061277655081721192e-04
4.869100093841552734e+00 5.356020777596618137e-04 1.200501052150449599e-04
4.883699893951416016e+00 6.482266102752294503e-04 1.068432763532714774e-04
4.898299932479858398e+00 5.147743797807408875e-04 1.042756373486105611e-04
4.912899971008300781e+00 5.084494023481327942e-04 1.045840455809274062e-04
4.927500009536743164e+00 4.576801411462814257e-04 1.038836938403845284e-04
4.942100048065185547e+00 5.152458260405329629e-04 1.295656660176549776e-04
4.956700086593627930e+00 5.565903038932012211e-04 1.238346811207919230e-04
4.971300125122070312e+00 6.230193991065621903e-04 1.257618964811922906e-04
4.985899925231933594e+00 4.900111798937831871e-04 1.237699221435608384e-04
5.000499963760375977e+00 4.795098030601788273e-04 1.069765767051549855e-04
5.015100002288818359e+00 4.933627486211043540e-04 1.169587694601044117e-04
5.029700040817260742e+00 4.472876993059261429e-04 1.248027414959060463e-04
5.044300079345703125e+00 5.645049251091276100e-04 9.989540796277309267e-05
5.058899879455566406e+00 6.077396484461665980e-04 8.790553082145278530e-05
5.073499917984008789e+00 4.529493123863957390e-04 1.185281015108056486e-04
5.088099956512451172e+00 5.740223145363179853e-04 1.217818794073822065e-04
5.102699995040893555e+00 6.706676977156443824e-04 1.152946729070735928e-04
5.117300033569335938e+00 6.583775572987789855e-04 1.048615573632382156e-04
5.131900072097778320e+00 5.441633317734163172e-04 1.136911260863183266e-04
5.146500110626220703e+00 5.940321399401984068e-04 1.043847321702678774e-04
5.161099910736083984e+00 5.734481725915280400e-04 1.044385188462159557e-04
5.175699949264526367e+00 4.880959438100227789e-04 1.241860177538728143e-04
5.190299987792968750e+00 5.115780870701456358e-04 1.039982926448051472e-04
5.204900026321411133e+00 2.897554897307843473e-04 1.387768611850896715e-04
5.219500064849853516e+00 5.327868809658900182e-04 1.273856129324015441e-04
5.234099864959716797e+00 5.140260469061707889e-04 1.177001775097289088e-04
5.248699903488159180e+00 4.386060274500001399e-04 1.269639020084291413e-04
5.263299942016601562e+00 4.935435879397933549e-04 1.066767606225760929e-04
5.277899980545043945e+00 3.824943166643255538e-04 1.453084788080094883e-04
5.292500019073486328e+00 5.474199282871237623e-04 1.094435199114693748e-04
5.307100057601928711e+00 4.624763959701899273e-04 1.078948053635256864e-04
5.321700096130371094e+00 3.142168964800511922e-04 1.551192027706751726e-04
5.336299896240234375e+00 4.445406768930326691e-04 1.418858347129300294e-04
5.350899934768676758e+00 5.043126620565802727e-04 1.345353472275955789e-04
5.365499973297119141e+00 5.626046445937660278e-04 1.134164452043998620e-04
5.380100011825561523e+00 2.948346070265573326e-04 1.317296372054676699e-04
5.394700050354003906e+00 2.435060278157887307e-04 1.748618132910480650e-04
5.409300088882446289e+00 2.876682802166152493e-04 1.529564585436722884e-04
5.423900127410888672e+00 3.984820998877360194e-04 1.470803122340425028e-04
5.438499927520751953e+00 3.767427771205579599e-04 1.374740953744014429e-04
5.453099966049194336e+00 4.053858735163832724e-04 1.275171021812677660e-04
5.467700004577636719e+00 3.882869686997423306e-04 1.397405363491051441e-04
5.482300043106079102e+00 4.396318178974553898e-04 1.522914843108764060e-04
5.496900081634521484e+00 3.507085692715823785e-04 1.515548224712512946e-04
5.511499881744384766e+00 3.857929366839908778e-04 1.427681880727183817e-04
5.526099920272827148e+00 3.445119968490849760e-04 1.536970801394583585e-04
5.540699958801269531e+00 3.143781616259222586e-04 1.641341640305661457e-04
5.555299997329711914e+00 5.062365859076245781e-04 1.038805444772523755e-04
5.569900035858154297e+00 4.281692026140740100e-04 1.480158285722620287e-04
5.584500074386596680e+00 3.011054633601334364e-04 1.574712194515038818e-04
5.599100112915039062e+00 3.427717852775926419e-04 1.697692109988616462e-04
5.613699913024902344e+00 4.145341695630163368e-04 1.233097649749688896e-04
5.628299951553344727e+00 1.685176287856235302e-04 1.688082886256692908e-04
5.642899990081787109e+00 4.271932407341159921e-04 1.253919549095980151e-04
5.657500028610229492e+00 3.318464104211375667e-04 1.640825971144534688e-04
5.672100067138671875e+00 4.872392758882117866e-04 1.440695618143658955e-04
5.686699867248535156e+00 2.986852579976734408e-04 1.658163853641890723e-04
5.701299905776977539e+00 3.331734615485905013e-04 1.677843249984369402e-04
5.715899944305419922e+00 3.199185101594601227e-04 1.566798809359584395e-04
5.730499982833862305e+00 4.044897464044827726e-04 1.461829578550249693e-04
5.745100021362304688e+00 3.446538520866206036e-04 1.595718625063506635e-04
5.759700059890747070e+00 1.909247394866082903e-04 1.697220079444749651e-04
5.774300098419189453e+00 3.336037461900549198e-04 1.475487383365552021e-04
5.788899898529052734e+00 3.832758544123055335e-04 1.498495633096820706e-04
5.803499937057495117e+00 2.292609682634280514e-04 1.743672080729906197e-04
5.818099975585937500e+00 3.238008170186844879e-04 1.649663040448653810e-04
5.832700014114379883e+00 1.884200870406824841e-04 1.629995685064836045e-04
5.847300052642822266e+00 3.992413996097572259e-04 1.374838889674207378e-04
5.861900091171264648e+00 4.514058038827987529e-04 1.399432427883755704e-04
5.876500129699707031e+00 4.054936677727208967e-04 1.396369375809954831e-04
5.891099929809570312e+00 3.192896631810292966e-04 1.560397547570276436e-04
5.905699968338012695e+00 4.731843144074934500e-04 1.206191819953172050e-04
5.920300006866455078e+00 3.203364729639440549e-04 1.737431646262460323e-04
5.934900045394897461e+00 3.593544706512296206e-04 1.759936167725182786e-04
5.949500083923339844e+00 4.660067236384065584e-04 1.465413834370977791e-04
5.964099884033203125e+00 3.208852246646785454e-04 1.778851497259943475e-04
5.978699922561645508e+00 2.853616550271181928e-04 2.052301786650749884e-04
5.993299961090087891e+00 2.317056958978554182e-04 1.929156341114098569e-04
6.007899999618530273e+00 3.873233592971725447e-04 1.238859596875697391e-04
6.022500038146972656e+00 4.661962883841769376e-04 1.710603561541316369e-04
6.037100076675415039e+00 8.560926228456768104e-05 2.316354377893668792e-04
6.051700115203857422e+00 2.360920566349974752e-04 1.845951332315950988e-04
6.066299915313720703e+00 1.630131275856483918e-04 1.993434796193918558e-04
6.080899953842163086e+00 2.390933141397127873e-04 2.162060542587212510e-04
6.095499992370605469e+00 2.375115701305279762e-04 2.042176855082821374e-04
6.117400050163269043e+00 1.981437660160313577e-04 1.238978784787985853e-04
6.139299869537353516e+00 4.037797933918935221e-04 1.596731200070299083e-04
6.153899908065795898e+00 4.024285952591888675e-04 1.814205012461900701e-04
6.168499946594238281e+00 3.015273078328885759e-04 1.980003799686596330e-04
6.190400004386901855e+00 2.446309977517729332e-04 1.171647241200170323e-04
6.219600081443786621e+00 3.427906687284940101e-04 1.209793556808275454e-04
6.241499900817871094e+00 1.749439213900492410e-04 2.347026114431726676e-04
6.256099939346313477e+00 5.503185804750456876e-04 1.460836492138608699e-04
6.270699977874755859e+00 5.631171612204358959e-04 1.975776698014762686e-04
6.285300016403198242e+00 5.199752801330424085e-04 1.762485552511613984e-04
6.299900054931640625e+00 6.236244123227371828e-04 1.806621790219681474e-04
6.314500093460083008e+00 6.153768328043448524e-04 2.040872447326510413e-04
6.329100131988525391e+00 4.685961450048916092e-04 2.538414565805228312e-04
6.343699932098388672e+00 5.809144892334153643e-04 2.068340985198952910e-04
6.358299970626831055e+00 6.681359779984975475e-04 2.766658474965496043e-04
6.372900009155273438e+00 7.508276762099634844e-04 2.508906873481943985e-04
6.387500047683715820e+00 1.181268308872571475e-03 2.451636686648700665e-04
6.402100086212158203e+00 1.140458640695231904e-03 2.275710998072087016e-04
6.416699886322021484e+00 1.262327667558527490e-03 2.511401892495184656e-04
6.431299924850463867e+00 1.290170150579103645e-03 2.349561039624505510e-04
6.445899963378906250e+00 1.094647985053714837e-03 2.695939206710401569e-04
6.460500001907348633e+00 1.236968101307302356e-03 2.380060556704552497e-04
6.475100040435791016e+00 1.193796896458338558e-03 2.590539607029064702e-04
6.489700078964233398e+00 9.820925748806098605e-04 2.569946906314227912e-04
6.504300117492675781e+00 1.272058531729334131e-03 2.219785431183244381e-04
6.518899917602539062e+00 8.843456910471633172e-04 2.388543829764037778e-04
6.533499956130981445e+00 7.839825977956392869e-04 2.133125774479670267e-04
6.548099994659423828e+00 7.273019092683656464e-04 2.617485702114346171e-04
6.562700033187866211e+00 3.047306242302660743e-04 2.545698899135605481e-04
6.577300071716308594e+00 5.594241439068765301e-04 2.132489425690316167e-04
6.591899871826171875e+00 2.111482219835303853e-04 2.977943086727510304e-04
6.606499910354614258e+00 6.225847858771283751e-04 1.832798258517233565e-04
6.621099948883056641e+00 5.896619619804603554e-04 2.208125693985535886e-04
6.643000006675720215e+00 3.240362712210049503e-04 1.681183697054930047e-04
6.672200083732604980e+00 2.789283367563569140e-04 1.710611595694235053e-04
6.701399922370910645e+00 4.160995641790909386e-04 1.205428339065440770e-04
6.723299980163574219e+00 4.986808438379721972e-04 2.662946873966136243e-04
6.745200037956237793e+00 5.581266655706582005e-04 1.431014600171595620e-04
6.767100095748901367e+00 2.176442754248901349e-04 3.421085581522534586e-04
6.789000034332275391e+00 2.876894049607865191e-04 1.879240673156202938e-04
6.818199992179870605e+00 3.391330154101198291e-04 1.599229434204968935e-04
6.847400069236755371e+00 2.618308308729217935e-04 1.968135638853482465e-04
6.876599907875061035e+00 5.063855586799959670e-04 1.572716509479687649e-04
6.905799984931945801e+00 3.079046158500366691e-04 1.965359354444640920e-04
6.935000061988830566e+00 2.053752475843554064e-04 2.216560530683992370e-04
6.964200019836425781e+00 3.960085688510770765e-04 1.958077966677432670e-04
#6.993399977684020996e+00 0.000000000000000000e+00 0.000000000000000000e+00
#BEGIN SOURCE MODEL
7.004999999999999893e+00 2.336700000000000040e-04 0.000000000000000000e+00
7.014999999999999680e+00 2.328209999999999991e-04 0.000000000000000000e+00
7.025000000000000355e+00 2.319760000000000029e-04 0.000000000000000000e+00
7.035000000000000142e+00 2.311349999999999885e-04 0.000000000000000000e+00
7.044999999999999929e+00 2.302980000000000099e-04 0.000000000000000000e+00
7.054999999999999716e+00 2.294660000000000016e-04 0.000000000000000000e+00
7.064999999999999503e+00 2.286370000000000134e-04 0.000000000000000000e+00
7.075000000000000178e+00 2.278129999999999955e-04 0.000000000000000000e+00
7.084999999999999964e+00 2.269929999999999864e-04 0.000000000000000000e+00
7.094999999999999751e+00 2.261770000000000132e-04 0.000000000000000000e+00
7.105000000000000426e+00 2.253649999999999946e-04 0.000000000000000000e+00
7.115000000000000213e+00 2.235559999999999989e-04 0.000000000000000000e+00
7.125000000000000000e+00 2.224229999999999946e-04 0.000000000000000000e+00
7.134999999999999787e+00 2.216329999999999971e-04 0.000000000000000000e+00
7.144999999999999574e+00 2.208459999999999926e-04 0.000000000000000000e+00
7.155000000000000249e+00 2.200629999999999969e-04 0.000000000000000000e+00
7.165000000000000036e+00 2.192829999999999942e-04 0.000000000000000000e+00
7.174999999999999822e+00 2.185079999999999889e-04 0.000000000000000000e+00
7.185000000000000497e+00 2.177360000000000038e-04 0.000000000000000000e+00
7.195000000000000284e+00 2.169689999999999889e-04 0.000000000000000000e+00
7.205000000000000071e+00 2.162040000000000056e-04 0.000000000000000000e+00
7.214999999999999858e+00 2.154439999999999925e-04 0.000000000000000000e+00
7.224999999999999645e+00 2.146869999999999996e-04 0.000000000000000000e+00
7.235000000000000320e+00 2.139339999999999883e-04 0.000000000000000000e+00
7.245000000000000107e+00 2.131850000000000129e-04 0.000000000000000000e+00
7.254999999999999893e+00 2.124390000000000035e-04 0.000000000000000000e+00
7.264999999999999680e+00 2.116970000000000028e-04 0.000000000000000000e+00
7.275000000000000355e+00 2.109579999999999951e-04 0.000000000000000000e+00
7.285000000000000142e+00 2.102229999999999962e-04 0.000000000000000000e+00
7.294999999999999929e+00 2.094920000000000061e-04 0.000000000000000000e+00
7.304999999999999716e+00 2.087640000000000090e-04 0.000000000000000000e+00
7.314999999999999503e+00 2.080390000000000050e-04 0.000000000000000000e+00
7.325000000000000178e+00 2.073180000000000097e-04 0.000000000000000000e+00
7.334999999999999964e+00 2.066009999999999960e-04 0.000000000000000000e+00
7.344999999999999751e+00 2.058870000000000025e-04 0.000000000000000000e+00
7.355000000000000426e+00 2.051760000000000020e-04 0.000000000000000000e+00
7.365000000000000213e+00 2.044690000000000103e-04 0.000000000000000000e+00
7.375000000000000000e+00 2.037650000000000117e-04 0.000000000000000000e+00
7.384999999999999787e+00 2.030640000000000060e-04 0.000000000000000000e+00
7.394999999999999574e+00 2.023670000000000091e-04 0.000000000000000000e+00
7.405000000000000249e+00 2.016730000000000053e-04 0.000000000000000000e+00
7.415000000000000036e+00 2.009819999999999944e-04 0.000000000000000000e+00
7.424999999999999822e+00 2.002949999999999924e-04 0.000000000000000000e+00
7.435000000000000497e+00 1.996110000000000104e-04 0.000000000000000000e+00
7.445000000000000284e+00 1.989299999999999944e-04 0.000000000000000000e+00
7.455000000000000071e+00 1.982519999999999985e-04 0.000000000000000000e+00
7.464999999999999858e+00 1.975769999999999957e-04 0.000000000000000000e+00
7.474999999999999645e+00 1.969060000000000016e-04 0.000000000000000000e+00
7.485000000000000320e+00 1.962380000000000005e-04 0.000000000000000000e+00
7.495000000000000107e+00 1.955729999999999925e-04 0.000000000000000000e+00
7.504999999999999893e+00 1.949110000000000046e-04 0.000000000000000000e+00
7.514999999999999680e+00 1.942520000000000097e-04 0.000000000000000000e+00
7.525000000000000355e+00 1.935960000000000079e-04 0.000000000000000000e+00
7.535000000000000142e+00 1.929429999999999991e-04 0.000000000000000000e+00
7.544999999999999929e+00 1.922930000000000104e-04 0.000000000000000000e+00
7.554999999999999716e+00 1.916470000000000033e-04 0.000000000000000000e+00
7.564999999999999503e+00 1.910030000000000007e-04 0.000000000000000000e+00
7.575000000000000178e+00 1.903619999999999911e-04 0.000000000000000000e+00
7.584999999999999964e+00 1.897249999999999902e-04 0.000000000000000000e+00
7.594999999999999751e+00 1.890899999999999938e-04 0.000000000000000000e+00
7.605000000000000426e+00 1.884579999999999903e-04 0.000000000000000000e+00
7.615000000000000213e+00 1.878290000000000070e-04 0.000000000000000000e+00
7.625000000000000000e+00 1.872029999999999896e-04 0.000000000000000000e+00
7.634999999999999787e+00 1.865799999999999924e-04 0.000000000000000000e+00
7.644999999999999574e+00 1.859599999999999882e-04 0.000000000000000000e+00
7.655000000000000249e+00 1.853419999999999883e-04 0.000000000000000000e+00
7.665000000000000036e+00 1.847279999999999972e-04 0.000000000000000000e+00
7.674999999999999822e+00 1.841160000000000106e-04 0.000000000000000000e+00
7.685000000000000497e+00 1.835069999999999898e-04 0.000000000000000000e+00
7.695000000000000284e+00 1.829009999999999892e-04 0.000000000000000000e+00
7.705000000000000071e+00 1.822969999999999929e-04 0.000000000000000000e+00
7.714999999999999858e+00 1.816950000000000010e-04 0.000000000000000000e+00
7.724999999999999645e+00 1.810969999999999908e-04 0.000000000000000000e+00
7.735000000000000320e+00 1.805020000000000008e-04 0.000000000000000000e+00
7.745000000000000107e+00 1.799089999999999880e-04 0.000000000000000000e+00
7.754999999999999893e+00 1.793189999999999953e-04 0.000000000000000000e+00
7.764999999999999680e+00 1.787319999999999957e-04 0.000000000000000000e+00
7.775000000000000355e+00 1.781479999999999891e-04 0.000000000000000000e+00
7.785000000000000142e+00 1.775659999999999869e-04 0.000000000000000000e+00
7.794999999999999929e+00 1.769870000000000048e-04 0.000000000000000000e+00
7.804999999999999716e+00 1.764100000000000000e-04 0.000000000000000000e+00
7.814999999999999503e+00 1.758359999999999882e-04 0.000000000000000000e+00
7.825000000000000178e+00 1.752649999999999965e-04 0.000000000000000000e+00
7.834999999999999964e+00 1.746960000000000093e-04 0.000000000000000000e+00
7.844999999999999751e+00 1.741289999999999993e-04 0.000000000000000000e+00
7.855000000000000426e+00 1.735659999999999981e-04 0.000000000000000000e+00
7.865000000000000213e+00 1.730040000000000126e-04 0.000000000000000000e+00
7.875000000000000000e+00 1.724460000000000088e-04 0.000000000000000000e+00
7.884999999999999787e+00 1.718889999999999936e-04 0.000000000000000000e+00
7.894999999999999574e+00 1.713359999999999872e-04 0.000000000000000000e+00
7.905000000000000249e+00 1.707839999999999966e-04 0.000000000000000000e+00
7.915000000000000036e+00 1.702349999999999990e-04 0.000000000000000000e+00
7.924999999999999822e+00 1.696889999999999944e-04 0.000000000000000000e+00
7.935000000000000497e+00 1.691449999999999941e-04 0.000000000000000000e+00
7.945000000000000284e+00 1.686029999999999983e-04 0.000000000000000000e+00
7.955000000000000071e+00 1.680639999999999955e-04 0.000000000000000000e+00
7.964999999999999858e+00 1.675269999999999971e-04 0.000000000000000000e+00
7.974999999999999645e+00 1.669929999999999917e-04 0.000000000000000000e+00
7.985000000000000320e+00 1.664609999999999907e-04 0.000000000000000000e+00
7.995000000000000107e+00 1.659309999999999941e-04 0.000000000000000000e+00
8.004999999999999005e+00 1.654039999999999905e-04 0.000000000000000000e+00
8.015000000000000568e+00 1.648789999999999913e-04 0.000000000000000000e+00
8.024999999999998579e+00 1.643559999999999965e-04 0.000000000000000000e+00
8.035000000000000142e+00 1.638359999999999947e-04 0.000000000000000000e+00
8.044999999999999929e+00 1.633170000000000086e-04 0.000000000000000000e+00
8.054999999999999716e+00 1.628009999999999885e-04 0.000000000000000000e+00
8.065000000000001279e+00 1.622879999999999885e-04 0.000000000000000000e+00
8.074999999999999289e+00 1.617760000000000042e-04 0.000000000000000000e+00
8.085000000000000853e+00 1.612670000000000130e-04 0.000000000000000000e+00
8.094999999999998863e+00 1.607599999999999990e-04 0.000000000000000000e+00
8.105000000000000426e+00 1.602549999999999895e-04 0.000000000000000000e+00
8.114999999999998437e+00 1.597530000000000000e-04 0.000000000000000000e+00
8.125000000000000000e+00 1.592519999999999992e-04 0.000000000000000000e+00
8.135000000000001563e+00 1.587539999999999915e-04 0.000000000000000000e+00
8.144999999999999574e+00 1.582579999999999881e-04 0.000000000000000000e+00
8.155000000000001137e+00 1.577639999999999891e-04 0.000000000000000000e+00
8.164999999999999147e+00 1.572719999999999945e-04 0.000000000000000000e+00
8.175000000000000711e+00 1.567820000000000043e-04 0.000000000000000000e+00
8.184999999999998721e+00 1.562950000000000071e-04 0.000000000000000000e+00
8.195000000000000284e+00 1.558089999999999985e-04 0.000000000000000000e+00
8.205000000000000071e+00 1.553260000000000101e-04 0.000000000000000000e+00
8.214999999999999858e+00 1.548440000000000103e-04 0.000000000000000000e+00
8.225000000000001421e+00 1.543650000000000035e-04 0.000000000000000000e+00
8.234999999999999432e+00 1.538880000000000011e-04 0.000000000000000000e+00
8.245000000000000995e+00 1.534130000000000031e-04 0.000000000000000000e+00
8.254999999999999005e+00 1.529400000000000095e-04 0.000000000000000000e+00
8.265000000000000568e+00 1.524680000000000046e-04 0.000000000000000000e+00
8.274999999999998579e+00 1.519989999999999926e-04 0.000000000000000000e+00
8.285000000000000142e+00 1.515320000000000122e-04 0.000000000000000000e+00
8.294999999999999929e+00 1.510670000000000090e-04 0.000000000000000000e+00
8.304999999999999716e+00 1.506040000000000102e-04 0.000000000000000000e+00
8.315000000000001279e+00 1.501429999999999887e-04 0.000000000000000000e+00
8.324999999999999289e+00 1.496830000000000101e-04 0.000000000000000000e+00
8.335000000000000853e+00 1.492060000000000077e-04 0.000000000000000000e+00
8.344999999999998863e+00 1.487419999999999931e-04 0.000000000000000000e+00
8.355000000000000426e+00 1.482889999999999892e-04 0.000000000000000000e+00
8.364999999999998437e+00 1.478370000000000010e-04 0.000000000000000000e+00
8.375000000000000000e+00 1.473880000000000058e-04 0.000000000000000000e+00
8.385000000000001563e+00 1.469399999999999992e-04 0.000000000000000000e+00
8.394999999999999574e+00 1.464939999999999970e-04 0.000000000000000000e+00
8.405000000000001137e+00 1.460509999999999879e-04 0.000000000000000000e+00
8.414999999999999147e+00 1.456089999999999945e-04 0.000000000000000000e+00
8.425000000000000711e+00 1.451679999999999898e-04 0.000000000000000000e+00
8.434999999999998721e+00 1.447300000000000051e-04 0.000000000000000000e+00
8.445000000000000284e+00 1.442939999999999978e-04 0.000000000000000000e+00
8.455000000000000071e+00 1.438590000000000062e-04 0.000000000000000000e+00
8.464999999999999858e+00 1.434259999999999919e-04 0.000000000000000000e+00
8.475000000000001421e+00 1.429950000000000090e-04 0.000000000000000000e+00
8.484999999999999432e+00 1.425660000000000035e-04 0.000000000000000000e+00
8.495000000000000995e+00 1.421379999999999866e-04 0.000000000000000000e+00
8.504999999999999005e+00 1.417129999999999898e-04 0.000000000000000000e+00
8.515000000000000568e+00 1.412890000000000088e-04 0.000000000000000000e+00
8.524999999999998579e+00 1.408670000000000050e-04 0.000000000000000000e+00
8.535000000000000142e+00 1.404459999999999899e-04 0.000000000000000000e+00
8.544999999999999929e+00 1.400279999999999949e-04 0.000000000000000000e+00
8.554999999999999716e+00 1.396109999999999886e-04 0.000000000000000000e+00
8.565000000000001279e+00 1.391949999999999980e-04 0.000000000000000000e+00
8.574999999999999289e+00 1.387820000000000004e-04 0.000000000000000000e+00
8.585000000000000853e+00 1.383699999999999915e-04 0.000000000000000000e+00
8.594999999999998863e+00 1.379599999999999869e-04 0.000000000000000000e+00
8.605000000000000426e+00 1.375509999999999981e-04 0.000000000000000000e+00
8.614999999999998437e+00 1.371450000000000024e-04 0.000000000000000000e+00
8.625000000000000000e+00 1.367390000000000066e-04 0.000000000000000000e+00
8.635000000000001563e+00 1.363360000000000038e-04 0.000000000000000000e+00
8.644999999999999574e+00 1.359339999999999897e-04 0.000000000000000000e+00
8.655000000000001137e+00 1.355340000000000071e-04 0.000000000000000000e+00
8.664999999999999147e+00 1.351350000000000131e-04 0.000000000000000000e+00
8.675000000000000711e+00 1.347379999999999964e-04 0.000000000000000000e+00
8.684999999999998721e+00 1.343430000000000112e-04 0.000000000000000000e+00
8.695000000000000284e+00 1.339489999999999876e-04 0.000000000000000000e+00
8.705000000000000071e+00 1.335569999999999954e-04 0.000000000000000000e+00
8.714999999999999858e+00 1.331670000000000076e-04 0.000000000000000000e+00
8.725000000000001421e+00 1.327780000000000084e-04 0.000000000000000000e+00
8.734999999999999432e+00 1.323899999999999979e-04 0.000000000000000000e+00
8.745000000000000995e+00 1.320050000000000075e-04 0.000000000000000000e+00
8.754999999999999005e+00 1.316199999999999900e-04 0.000000000000000000e+00
8.765000000000000568e+00 1.312379999999999927e-04 0.000000000000000000e+00
8.774999999999998579e+00 1.308559999999999953e-04 0.000000000000000000e+00
8.785000000000000142e+00 1.304769999999999910e-04 0.000000000000000000e+00
8.794999999999999929e+00 1.300990000000000024e-04 0.000000000000000000e+00
8.804999999999999716e+00 1.297220000000000025e-04 0.000000000000000000e+00
8.815000000000001279e+00 1.293470000000000069e-04 0.000000000000000000e+00
8.824999999999999289e+00 1.289730000000000000e-04 0.000000000000000000e+00
8.835000000000000853e+00 1.286009999999999974e-04 0.000000000000000000e+00
8.844999999999998863e+00 1.282309999999999993e-04 0.000000000000000000e+00
8.855000000000000426e+00 1.278610000000000011e-04 0.000000000000000000e+00
8.864999999999998437e+00 1.274939999999999960e-04 0.000000000000000000e+00
8.875000000000000000e+00 1.271280000000000066e-04 0.000000000000000000e+00
8.885000000000001563e+00 1.267630000000000059e-04 0.000000000000000000e+00
8.894999999999999574e+00 1.263989999999999938e-04 0.000000000000000000e+00
8.905000000000001137e+00 1.260380000000000018e-04 0.000000000000000000e+00
8.914999999999999147e+00 1.256770000000000098e-04 0.000000000000000000e+00
8.925000000000000711e+00 1.253179999999999952e-04 0.000000000000000000e+00
8.934999999999998721e+00 1.249610000000000120e-04 0.000000000000000000e+00
8.945000000000000284e+00 1.246040000000000017e-04 0.000000000000000000e+00
8.955000000000000071e+00 1.242500000000000115e-04 0.000000000000000000e+00
8.964999999999999858e+00 1.238959999999999942e-04 0.000000000000000000e+00
8.975000000000001421e+00 1.235440000000000084e-04 0.000000000000000000e+00
8.984999999999999432e+00 1.231939999999999999e-04 0.000000000000000000e+00
8.995000000000000995e+00 1.228439999999999914e-04 0.000000000000000000e+00
9.004999999999999005e+00 1.224970000000000030e-04 0.000000000000000000e+00
9.015000000000000568e+00 1.221499999999999875e-04 0.000000000000000000e+00
9.024999999999998579e+00 1.218050000000000035e-04 0.000000000000000000e+00
9.035000000000000142e+00 1.214609999999999946e-04 0.000000000000000000e+00
9.044999999999999929e+00 1.211190000000000037e-04 0.000000000000000000e+00
9.054999999999999716e+00 1.207780000000000014e-04 0.000000000000000000e+00
9.065000000000001279e+00 1.204380000000000012e-04 0.000000000000000000e+00
9.074999999999999289e+00 1.200990000000000033e-04 0.000000000000000000e+00
9.085000000000000853e+00 1.197619999999999962e-04 0.000000000000000000e+00
9.094999999999998863e+00 1.194260000000000048e-04 0.000000000000000000e+00
9.105000000000000426e+00 1.190920000000000043e-04 0.000000000000000000e+00
9.114999999999998437e+00 1.187590000000000059e-04 0.000000000000000000e+00
9.125000000000000000e+00 1.184269999999999962e-04 0.000000000000000000e+00
9.135000000000001563e+00 1.180960000000000023e-04 0.000000000000000000e+00
9.144999999999999574e+00 1.177669999999999992e-04 0.000000000000000000e+00
9.155000000000001137e+00 1.174389999999999983e-04 0.000000000000000000e+00
9.164999999999999147e+00 1.171119999999999995e-04 0.000000000000000000e+00
9.175000000000000711e+00 1.167860000000000030e-04 0.000000000000000000e+00
9.184999999999998721e+00 1.164619999999999973e-04 0.000000000000000000e+00
9.195000000000000284e+00 1.161389999999999938e-04 0.000000000000000000e+00
9.205000000000000071e+00 1.158170000000000060e-04 0.000000000000000000e+00
9.214999999999999858e+00 1.154959999999999933e-04 0.000000000000000000e+00
9.225000000000001421e+00 1.151769999999999986e-04 0.000000000000000000e+00
9.234999999999999432e+00 1.148590000000000060e-04 0.000000000000000000e+00
9.245000000000000995e+00 1.145420000000000021e-04 0.000000000000000000e+00
9.254999999999999005e+00 1.142260000000000004e-04 0.000000000000000000e+00
9.265000000000000568e+00 1.139120000000000031e-04 0.000000000000000000e+00
9.274999999999998579e+00 1.135980000000000057e-04 0.000000000000000000e+00
9.285000000000000142e+00 1.132859999999999992e-04 0.000000000000000000e+00
9.294999999999999929e+00 1.129749999999999949e-04 0.000000000000000000e+00
9.304999999999999716e+00 1.126650000000000064e-04 0.000000000000000000e+00
9.315000000000001279e+00 1.123569999999999951e-04 0.000000000000000000e+00
9.324999999999999289e+00 1.120489999999999973e-04 0.000000000000000000e+00
9.335000000000000853e+00 1.117430000000000040e-04 0.000000000000000000e+00
9.344999999999998863e+00 1.114379999999999993e-04 0.000000000000000000e+00
9.355000000000000426e+00 1.111339999999999968e-04 0.000000000000000000e+00
9.364999999999998437e+00 1.108309999999999965e-04 0.000000000000000000e+00
9.375000000000000000e+00 1.105300000000000005e-04 0.000000000000000000e+00
9.385000000000001563e+00 1.102290000000000046e-04 0.000000000000000000e+00
9.394999999999999574e+00 1.099299999999999995e-04 0.000000000000000000e+00
9.405000000000001137e+00 1.096319999999999966e-04 0.000000000000000000e+00
9.414999999999999147e+00 1.093339999999999937e-04 0.000000000000000000e+00
9.425000000000000711e+00 1.090379999999999952e-04 0.000000000000000000e+00
9.434999999999998721e+00 1.087429999999999988e-04 0.000000000000000000e+00
9.445000000000000284e+00 1.084499999999999933e-04 0.000000000000000000e+00
9.455000000000000071e+00 1.081570000000000014e-04 0.000000000000000000e+00
9.464999999999999858e+00 1.078649999999999981e-04 0.000000000000000000e+00
9.475000000000001421e+00 1.075749999999999992e-04 0.000000000000000000e+00
9.484999999999999432e+00 1.072850000000000003e-04 0.000000000000000000e+00
9.495000000000000995e+00 1.069970000000000057e-04 0.000000000000000000e+00
9.504999999999999005e+00 1.067099999999999998e-04 0.000000000000000000e+00
9.515000000000000568e+00 1.064229999999999939e-04 0.000000000000000000e+00
9.524999999999998579e+00 1.061380000000000060e-04 0.000000000000000000e+00
9.535000000000000142e+00 1.058540000000000067e-04 0.000000000000000000e+00
9.544999999999999929e+00 1.055709999999999960e-04 0.000000000000000000e+00
9.554999999999999716e+00 1.052890000000000011e-04 0.000000000000000000e+00
9.565000000000001279e+00 1.050079999999999948e-04 0.000000000000000000e+00
9.574999999999999289e+00 1.047280000000000042e-04 0.000000000000000000e+00
9.585000000000000853e+00 1.044490000000000023e-04 0.000000000000000000e+00
9.594999999999998863e+00 1.041710000000000026e-04 0.000000000000000000e+00
9.605000000000000426e+00 1.038949999999999938e-04 0.000000000000000000e+00
9.614999999999998437e+00 1.036189999999999984e-04 0.000000000000000000e+00
9.625000000000000000e+00 1.033440000000000053e-04 0.000000000000000000e+00
9.635000000000001563e+00 1.030700000000000008e-04 0.000000000000000000e+00
9.644999999999999574e+00 1.027969999999999985e-04 0.000000000000000000e+00
9.655000000000001137e+00 1.025260000000000006e-04 0.000000000000000000e+00
9.664999999999999147e+00 1.022550000000000027e-04 0.000000000000000000e+00
9.675000000000000711e+00 1.019849999999999934e-04 0.000000000000000000e+00
9.684999999999998721e+00 1.017159999999999999e-04 0.000000000000000000e+00
9.695000000000000284e+00 1.014479999999999950e-04 0.000000000000000000e+00
9.705000000000000071e+00 1.011810000000000059e-04 0.000000000000000000e+00
9.714999999999999858e+00 1.009150000000000053e-04 0.000000000000000000e+00
9.725000000000001421e+00 1.006509999999999957e-04 0.000000000000000000e+00
9.734999999999999432e+00 1.003869999999999996e-04 0.000000000000000000e+00
9.745000000000000995e+00 1.001240000000000056e-04 0.000000000000000000e+00
9.754999999999999005e+00 9.986150000000000603e-05 0.000000000000000000e+00
9.765000000000000568e+00 9.960039999999999595e-05 0.000000000000000000e+00
9.774999999999998579e+00 9.934030000000000160e-05 0.000000000000000000e+00
9.785000000000000142e+00 9.908099999999999546e-05 0.000000000000000000e+00
9.794999999999999929e+00 9.882270000000000507e-05 0.000000000000000000e+00
9.804999999999999716e+00 9.856540000000000331e-05 0.000000000000000000e+00
9.815000000000001279e+00 9.830899999999999676e-05 0.000000000000000000e+00
9.824999999999999289e+00 9.805349999999999895e-05 0.000000000000000000e+00
9.835000000000000853e+00 9.779889999999999634e-05 0.000000000000000000e+00
9.844999999999998863e+00 9.754520000000000248e-05 0.000000000000000000e+00
9.855000000000000426e+00 9.729249999999999726e-05 0.000000000000000000e+00
9.864999999999998437e+00 9.704059999999999379e-05 0.000000000000000000e+00
9.875000000000000000e+00 9.678970000000000607e-05 0.000000000000000000e+00
9.885000000000001563e+00 9.653960000000000655e-05 0.000000000000000000e+00
9.894999999999999574e+00 9.629049999999999567e-05 0.000000000000000000e+00
9.905000000000001137e+00 9.604220000000000010e-05 0.000000000000000000e+00
9.914999999999999147e+00 9.579490000000000672e-05 0.000000000000000000e+00
9.925000000000000711e+00 9.554840000000000154e-05 0.000000000000000000e+00
9.934999999999998721e+00 9.530280000000000511e-05 0.000000000000000000e+00
9.945000000000000284e+00 9.505799999999999688e-05 0.000000000000000000e+00
9.955000000000000071e+00 9.481420000000000440e-05 0.000000000000000000e+00
9.964999999999999858e+00 9.457110000000000668e-05 0.000000000000000000e+00
9.975000000000001421e+00 9.432899999999999759e-05 0.000000000000000000e+00
9.984999999999999432e+00 9.408770000000000382e-05 0.000000000000000000e+00
9.995000000000000995e+00 9.384730000000000524e-05 0.000000000000000000e+00
1.000499999999999901e+01 9.360769999999999486e-05 0.000000000000000000e+00
1.001500000000000057e+01 9.336899999999999323e-05 0.000000000000000000e+00
1.002499999999999858e+01 9.313109999999999336e-05 0.000000000000000000e+00
1.003500000000000014e+01 9.289410000000000223e-05 0.000000000000000000e+00
1.004499999999999993e+01 9.265789999999999931e-05 0.000000000000000000e+00
1.005499999999999972e+01 9.242249999999999814e-05 0.000000000000000000e+00
1.006500000000000128e+01 9.218789999999999873e-05 0.000000000000000000e+00
1.007499999999999929e+01 9.195419999999999451e-05 0.000000000000000000e+00
1.008500000000000085e+01 9.172130000000000560e-05 0.000000000000000000e+00
1.009499999999999886e+01 9.148920000000000489e-05 0.000000000000000000e+00
1.010500000000000043e+01 9.125790000000000594e-05 0.000000000000000000e+00
1.011499999999999844e+01 9.102750000000000218e-05 0.000000000000000000e+00
1.012500000000000000e+01 9.079780000000000674e-05 0.000000000000000000e+00
1.013500000000000156e+01 9.056889999999999949e-05 0.000000000000000000e+00
1.014499999999999957e+01 9.034090000000000100e-05 0.000000000000000000e+00
1.015500000000000114e+01 9.011359999999999726e-05 0.000000000000000000e+00
1.016499999999999915e+01 8.988709999999999528e-05 0.000000000000000000e+00
1.017500000000000071e+01 8.966150000000000205e-05 0.000000000000000000e+00
1.018499999999999872e+01 8.943660000000000357e-05 0.000000000000000000e+00
1.019500000000000028e+01 8.921249999999999330e-05 0.000000000000000000e+00
1.020500000000000007e+01 8.898910000000000489e-05 0.000000000000000000e+00
1.021499999999999986e+01 8.876650000000000469e-05 0.000000000000000000e+00
1.022500000000000142e+01 8.854470000000000624e-05 0.000000000000000000e+00
1.023499999999999943e+01 8.832369999999999598e-05 0.000000000000000000e+00
1.024500000000000099e+01 8.810350000000000104e-05 0.000000000000000000e+00
1.025499999999999901e+01 8.788400000000000086e-05 0.000000000000000000e+00
1.026500000000000057e+01 8.766519999999999543e-05 0.000000000000000000e+00
1.027499999999999858e+01 8.744720000000000531e-05 0.000000000000000000e+00
1.028500000000000014e+01 8.723000000000000339e-05 0.000000000000000000e+00
1.029499999999999993e+01 8.701349999999999623e-05 0.000000000000000000e+00
1.030499999999999972e+01 8.679769999999999738e-05 0.000000000000000000e+00
1.031500000000000128e+01 8.658270000000000029e-05 0.000000000000000000e+00
1.032499999999999929e+01 8.636850000000000495e-05 0.000000000000000000e+00
1.033500000000000085e+01 8.615489999999999737e-05 0.000000000000000000e+00
1.034499999999999886e+01 8.594210000000000510e-05 0.000000000000000000e+00
1.035500000000000043e+01 8.572999999999999403e-05 0.000000000000000000e+00
1.036499999999999844e+01 8.551869999999999828e-05 0.000000000000000000e+00
1.037500000000000000e+01 8.530809999999999728e-05 0.000000000000000000e+00
1.038500000000000156e+01 8.509820000000000459e-05 0.000000000000000000e+00
1.039499999999999957e+01 8.488900000000000666e-05 0.000000000000000000e+00
1.040500000000000114e+01 8.468050000000000349e-05 0.000000000000000000e+00
1.041499999999999915e+01 8.447269999999999508e-05 0.000000000000000000e+00
1.042500000000000071e+01 8.426559999999999498e-05 0.000000000000000000e+00
1.043499999999999872e+01 8.405929999999999663e-05 0.000000000000000000e+00
1.044500000000000028e+01 8.385359999999999960e-05 0.000000000000000000e+00
1.045500000000000007e+01 8.364859999999999733e-05 0.000000000000000000e+00
1.046499999999999986e+01 8.344439999999999681e-05 0.000000000000000000e+00
1.047500000000000142e+01 8.324079999999999761e-05 0.000000000000000000e+00
1.048499999999999943e+01 8.303790000000000671e-05 0.000000000000000000e+00
1.049500000000000099e+01 8.283569999999999703e-05 0.000000000000000000e+00
1.050499999999999901e+01 8.263410000000000221e-05 0.000000000000000000e+00
1.051500000000000057e+01 8.243329999999999560e-05 0.000000000000000000e+00
1.052499999999999858e+01 8.223310000000000385e-05 0.000000000000000000e+00
1.053500000000000014e+01 8.203359999999999331e-05 0.000000000000000000e+00
1.054499999999999993e+01 8.183480000000000463e-05 0.000000000000000000e+00
1.055499999999999972e+01 8.163660000000000372e-05 0.000000000000000000e+00
1.056500000000000128e+01 8.143909999999999756e-05 0.000000000000000000e+00
1.057499999999999929e+01 8.124229999999999972e-05 0.000000000000000000e+00
1.058500000000000085e+01 8.104610000000000319e-05 0.000000000000000000e+00
1.059499999999999886e+01 8.085060000000000142e-05 0.000000000000000000e+00
1.060500000000000043e+01 8.065570000000000096e-05 0.000000000000000000e+00
1.061499999999999844e+01 8.046149999999999526e-05 0.000000000000000000e+00
1.062500000000000000e+01 8.026799999999999788e-05 0.000000000000000000e+00
1.063500000000000156e+01 8.007499999999999481e-05 0.000000000000000000e+00
1.064499999999999957e+01 7.988279999999999350e-05 0.000000000000000000e+00
1.065500000000000114e+01 7.969110000000000007e-05 0.000000000000000000e+00
1.066499999999999915e+01 7.950010000000000139e-05 0.000000000000000000e+00
1.067500000000000071e+01 7.930970000000000402e-05 0.000000000000000000e+00
1.068499999999999872e+01 7.912000000000000142e-05 0.000000000000000000e+00
1.069500000000000028e+01 7.893090000000000013e-05 0.000000000000000000e+00
1.070500000000000007e+01 7.874240000000000015e-05 0.000000000000000000e+00
1.071499999999999986e+01 7.855459999999999494e-05 0.000000000000000000e+00
1.072500000000000142e+01 7.836729999999999760e-05 0.000000000000000000e+00
1.073499999999999943e+01 7.818069999999999501e-05 0.000000000000000000e+00
1.074500000000000099e+01 7.799469999999999374e-05 0.000000000000000000e+00
1.075499999999999901e+01 7.780929999999999379e-05 0.000000000000000000e+00
1.076500000000000057e+01 7.762449999999999515e-05 0.000000000000000000e+00
1.077499999999999858e+01 7.744040000000000483e-05 0.000000000000000000e+00
1.078500000000000014e+01 7.725679999999999527e-05 0.000000000000000000e+00
1.079499999999999993e+01 7.707380000000000058e-05 0.000000000000000000e+00
1.080499999999999972e+01 7.689150000000000065e-05 0.000000000000000000e+00
1.081500000000000128e+01 7.670969999999999503e-05 0.000000000000000000e+00
1.082499999999999929e+01 7.652850000000000429e-05 0.000000000000000000e+00
1.083500000000000085e+01 7.634790000000000131e-05 0.000000000000000000e+00
1.084499999999999886e+01 7.616800000000000664e-05 0.000000000000000000e+00
1.085500000000000043e+01 7.598860000000000629e-05 0.000000000000000000e+00
1.086499999999999844e+01 7.580970000000000026e-05 0.000000000000000000e+00
1.087500000000000000e+01 7.563150000000000255e-05 0.000000000000000000e+00
1.088500000000000156e+01 7.545390000000000614e-05 0.000000000000000000e+00
1.089499999999999957e+01 7.527680000000000406e-05 0.000000000000000000e+00
1.090500000000000114e+01 7.510030000000000329e-05 0.000000000000000000e+00
1.091499999999999915e+01 7.492440000000000384e-05 0.000000000000000000e+00
1.092500000000000071e+01 7.474899999999999871e-05 0.000000000000000000e+00
1.093499999999999872e+01 7.457419999999999490e-05 0.000000000000000000e+00
1.094500000000000028e+01 7.440000000000000595e-05 0.000000000000000000e+00
1.095500000000000007e+01 7.422640000000000477e-05 0.000000000000000000e+00
1.096499999999999986e+01 7.405329999999999790e-05 0.000000000000000000e+00
1.097500000000000142e+01 7.388069999999999891e-05 0.000000000000000000e+00
