0.50367 0.0025570 0.0027749 1.8284E-04 0.0029329 2.3611E-04 0.0026968
0.50878 0.0025555 0.0027619 1.8526E-04 0.0030056 2.4067E-04 0.0027649
0.51389 0.0025530 0.0027449 1.8680E-04 0.0030766 2.4514E-04 0.0028314
0.51900 0.0025515 0.0032848 2.0690E-04 0.0031615 2.4949E-04 0.0029120
0.52410 0.0025495 0.0032924 2.1080E-04 0.0032324 2.5374E-04 0.0029787
0.52919 0.0025480 0.0031234 2.1007E-04 0.0033039 2.5789E-04 0.0030460
0.53429 0.0025455 0.0025101 1.5661E-04 0.0022993 1.7793E-04 0.0021214
0.53938 0.0025440 0.0023060 1.5272E-04 0.0023216 1.7768E-04 0.0021439
0.54446 0.0025420 0.0025975 1.6383E-04 0.0023943 1.8189E-04 0.0022124
0.54955 0.0025400 0.0023248 1.6049E-04 0.0024783 1.8607E-04 0.0022922
0.55462 0.0025380 0.0026166 1.7185E-04 0.0025511 1.9015E-04 0.0023610
0.55970 0.0025365 0.0022947 1.6542E-04 0.0026261 1.9416E-04 0.0024319
0.56477 0.0025345 0.0025335 1.7545E-04 0.0027040 1.9815E-04 0.0025059
0.56984 0.0025325 0.0024084 1.7532E-04 0.0027797 2.0206E-04 0.0025776
0.57490 0.0025305 0.0027127 1.8381E-04 0.0028515 2.0590E-04 0.0026456
0.57996 0.0025290 0.0028225 1.8985E-04 0.0029250 2.0969E-04 0.0027154
0.58501 0.0025270 0.0032012 2.0096E-04 0.0029959 2.1341E-04 0.0027825
0.59007 0.0025255 0.0029835 1.9750E-04 0.0030657 2.1706E-04 0.0028486
0.59512 0.0025235 0.0032093 2.0376E-04 0.0031390 2.2066E-04 0.0029184
0.60016 0.0025215 0.0032106 2.0487E-04 0.0032081 2.2418E-04 0.0029839
0.60520 0.0025200 0.0037555 2.3483E-04 0.0036627 2.2765E-04 0.0034350
0.61024 0.0025180 0.0047514 2.9193E-04 0.0045881 2.3106E-04 0.0043571
0.61528 0.0025165 0.0033666 2.1125E-04 0.0034186 2.3438E-04 0.0031843
0.62031 0.0025150 0.0032696 2.0913E-04 0.0034806 2.3767E-04 0.0032429
0.62533 0.0025125 0.0035229 2.1703E-04 0.0035425 2.4090E-04 0.0033016
0.63036 0.0025115 0.0034522 2.1632E-04 0.0036110 2.4401E-04 0.0033670
0.63538 0.0025095 0.0036627 2.2187E-04 0.0036698 2.4713E-04 0.0034226
0.64040 0.0025075 0.0043313 2.4090E-04 0.0037304 2.5019E-04 0.0034802
0.64541 0.0025065 0.0034373 2.1826E-04 0.0037896 2.5310E-04 0.0035365
0.65042 0.0025045 0.0040742 2.3545E-04 0.0038486 2.5606E-04 0.0035925
0.65543 0.0025025 0.0035294 2.2244E-04 0.0039052 2.5895E-04 0.0036462
0.66043 0.0025015 0.0037996 2.3016E-04 0.0039732 2.6167E-04 0.0037116
0.66543 0.0024995 0.0038733 2.3418E-04 0.0040385 2.6446E-04 0.0037741
0.67043 0.0024980 0.0043859 2.4744E-04 0.0041044 2.6719E-04 0.0038372
0.67543 0.0024965 0.0043108 2.4740E-04 0.0041724 2.6973E-04 0.0039027
0.68042 0.0024945 0.0042952 2.4872E-04 0.0042465 2.7236E-04 0.0039741
0.68540 0.0024935 0.0044407 2.5378E-04 0.0043167 2.7494E-04 0.0040417
0.69039 0.0024915 0.0041657 2.4801E-04 0.0043822 2.7731E-04 0.0041049
0.69537 0.0024900 0.0047638 2.6386E-04 0.0044504 2.7979E-04 0.0041706
0.70035 0.0024890 0.0050054 2.7228E-04 0.0045213 2.8221E-04 0.0042391
0.70533 0.0024870 0.0045678 2.6009E-04 0.0045313 2.8092E-04 0.0042503
0.71030 0.0024855 0.0042234 2.4740E-04 0.0044427 2.7354E-04 0.0041692
0.71527 0.0024845 0.0044248 2.5337E-04 0.0044847 2.7487E-04 0.0042098
0.72024 0.0024825 0.0047873 2.7249E-04 0.0048114 2.7721E-04 0.0045342
0.72520 0.0024815 0.0045184 2.6462E-04 0.0048133 2.7964E-04 0.0045336
0.73016 0.0024800 0.0044540 2.5884E-04 0.0046804 2.8194E-04 0.0043984
0.73512 0.0024785 0.0042797 2.5614E-04 0.0047439 2.8412E-04 0.0044597
0.74007 0.0024770 0.0043110 2.5733E-04 0.0048052 2.8637E-04 0.0045188
0.74503 0.0024755 0.0050990 2.8022E-04 0.0048657 2.8847E-04 0.0045773
0.74998 0.0024745 0.0048666 2.7534E-04 0.0049249 2.9050E-04 0.0046344
0.75493 0.0024730 0.0048735 2.7746E-04 0.0049833 2.9261E-04 0.0046907
0.75987 0.0024720 0.0049785 2.8514E-04 0.0051787 2.9451E-04 0.0048842
0.76481 0.0024705 0.0049426 2.8204E-04 0.0051353 2.9641E-04 0.0048389
0.76975 0.0024690 0.0050809 2.8638E-04 0.0051543 2.9837E-04 0.0048559
0.77469 0.0024680 0.0046751 2.7742E-04 0.0052062 3.0007E-04 0.0049062
0.77962 0.0024665 0.0060115 3.1594E-04 0.0053414 3.0188E-04 0.0050396
0.78456 0.0024655 0.0055630 3.0335E-04 0.0053049 3.0370E-04 0.0050012
0.78948 0.0024640 0.0051137 2.9330E-04 0.0053525 3.0520E-04 0.0050473
0.79441 0.0024630 0.0056416 3.0771E-04 0.0054014 3.0692E-04 0.0050945
0.79934 0.0024620 0.0047170 2.8591E-04 0.0054480 3.0856E-04 0.0051394
0.80426 0.0024605 0.0056526 3.1070E-04 0.0054911 3.0997E-04 0.0051811
0.80918 0.0024600 0.0053449 3.0425E-04 0.0055362 3.1159E-04 0.0052246
0.81410 0.0024585 0.0058534 3.2057E-04 0.0055825 3.1304E-04 0.0052695
0.81901 0.0024570 0.0056499 3.1626E-04 0.0056237 3.1439E-04 0.0053093
0.82393 0.0024565 0.0056439 3.1775E-04 0.0056665 3.1590E-04 0.0053506
0.82884 0.0024550 0.0055913 3.1750E-04 0.0057146 3.1715E-04 0.0053974
0.83375 0.0024540 0.0063408 3.3885E-04 0.0057648 3.1847E-04 0.0054464
0.83866 0.0024535 0.0060648 3.3381E-04 0.0058151 3.1987E-04 0.0054952
0.84356 0.0024520 0.0057233 3.2673E-04 0.0058649 3.2093E-04 0.0055439
0.84846 0.0024510 0.0056520 3.2619E-04 0.0059178 3.2224E-04 0.0055956
0.85336 0.0024500 0.0064310 3.4860E-04 0.0059735 3.2349E-04 0.0056500
0.85826 0.0024495 0.0057075 3.3048E-04 0.0060325 3.2447E-04 0.0057080
0.86316 0.0024480 0.0055818 3.2908E-04 0.0060721 3.2509E-04 0.0057470
0.86806 0.0024475 0.0058504 3.3363E-04 0.0059444 3.1655E-04 0.0056278
0.87295 0.0024465 0.0063902 3.4605E-04 0.0059043 3.1283E-04 0.0055915
0.87784 0.0024455 0.0053796 3.2197E-04 0.0059590 3.1427E-04 0.0056448
0.88273 0.0024445 0.0064417 3.5148E-04 0.0060130 3.1547E-04 0.0056976
0.88762 0.0024440 0.0057148 3.3429E-04 0.0060672 3.1679E-04 0.0057504
0.89251 0.0024430 0.0058791 3.3971E-04 0.0061211 3.1815E-04 0.0058030
0.89739 0.0024420 0.0059315 3.4405E-04 0.0061723 3.1919E-04 0.0058532
0.90228 0.0024415 0.0059147 3.4532E-04 0.0062252 3.2052E-04 0.0059046
0.90716 0.0024405 0.0063756 3.5852E-04 0.0062770 3.2171E-04 0.0059552
0.91204 0.0024400 0.0061325 3.5413E-04 0.0063274 3.2279E-04 0.0060047
0.91692 0.0024390 0.0063017 3.6073E-04 0.0063762 3.2405E-04 0.0060521
0.92180 0.0024385 0.0059602 3.5164E-04 0.0064240 3.2507E-04 0.0060990
0.92667 0.0024380 0.0071371 3.8471E-04 0.0064737 3.2618E-04 0.0061475
0.93155 0.0024370 0.0066994 3.7420E-04 0.0065212 3.2738E-04 0.0061938
0.93642 0.0024360 0.0064991 3.7125E-04 0.0065637 3.2823E-04 0.0062354
0.94129 0.0024360 0.0065933 3.7406E-04 0.0066106 3.2939E-04 0.0062812
0.94616 0.0024350 0.0072179 3.9164E-04 0.0066558 3.3041E-04 0.0063254
0.95103 0.0024345 0.0087136 4.9267E-04 0.0086769 3.3132E-04 0.0083455
0.95590 0.0024340 0.0062665 3.6928E-04 0.0067484 3.3242E-04 0.0064159
0.96077 0.0024330 0.0070756 3.9113E-04 0.0067856 3.3327E-04 0.0064524
0.96564 0.0024330 0.0075754 4.0610E-04 0.0068237 3.3423E-04 0.0064895
0.97050 0.0024320 0.0074248 4.0468E-04 0.0068773 3.3527E-04 0.0065420
0.97536 0.0024315 0.0069815 3.9422E-04 0.0069025 3.3597E-04 0.0065665
0.98023 0.0024315 0.0079088 4.1977E-04 0.0069653 3.3699E-04 0.0066283
0.98509 0.0024305 0.0071717 4.0359E-04 0.0070424 3.3784E-04 0.0067046
0.98995 0.0024300 0.0071271 4.0163E-04 0.0070160 3.3862E-04 0.0066774
0.99481 0.0024300 0.0075079 4.1351E-04 0.0070534 3.3960E-04 0.0067138
0.99967 0.0024305 0.0066351 3.9081E-04 0.0070851 3.4027E-04 0.0067449
1.0045 0.0024300 0.0077385 4.2243E-04 0.0071263 3.4113E-04 0.0067852
1.0094 0.0024250 0.0077816 4.4320E-04 0.0077015 3.4200E-04 0.0073595
1.0142 0.0024300 0.0071043 4.0979E-04 0.0072196 3.4260E-04 0.0068770
1.0191 0.0024250 0.0081217 4.3574E-04 0.0072196 3.4350E-04 0.0068761
1.0240 0.0024300 0.0087267 4.5981E-04 0.0074692 3.4418E-04 0.0071250
1.0288 0.0024250 0.0075351 4.3889E-04 0.0078392 3.4488E-04 0.0074943
1.0337 0.0024300 0.0078577 4.5493E-04 0.0080463 3.4574E-04 0.0077006
1.0385 0.0024250 0.0067928 4.0562E-04 0.0073512 3.4624E-04 0.0070050
1.0434 0.0024251 0.0086250 4.6182E-04 0.0075650 3.4704E-04 0.0072180
1.0482 0.0024250 0.0075110 4.4361E-04 0.0079206 3.4774E-04 0.0075729
1.0531 0.0024250 0.0075023 4.3212E-04 0.0075337 3.4829E-04 0.0071854
1.0579 0.0024250 0.0079140 4.4085E-04 0.0075131 3.4908E-04 0.0071640
1.0628 0.0024250 0.0073718 4.2794E-04 0.0075544 3.4959E-04 0.0072048
1.0676 0.0024250 0.0077437 4.4020E-04 0.0076001 3.5025E-04 0.0072498
1.0725 0.0024250 0.0076729 4.3977E-04 0.0076483 3.5097E-04 0.0072973
1.0773 0.0024250 0.0081335 4.5397E-04 0.0076910 3.5137E-04 0.0073396
1.0822 0.0024250 0.0091602 5.0624E-04 0.0085260 3.5210E-04 0.0081739
1.0870 0.0024250 0.0081557 4.9494E-04 0.0090446 3.5264E-04 0.0086919
1.0919 0.0024200 0.0084203 4.9132E-04 0.0086198 3.5315E-04 0.0082667
1.0967 0.0024250 0.0075879 4.4724E-04 0.0079691 3.5385E-04 0.0076153
1.1016 0.0024250 0.0091885 4.9493E-04 0.0080530 3.5421E-04 0.0076988
1.1064 0.0024250 0.0089496 4.8724E-04 0.0080263 3.5484E-04 0.0076714
1.1112 0.0024200 0.0088825 4.8552E-04 0.0079931 3.5540E-04 0.0076377
1.1161 0.0024250 0.0088700 4.9541E-04 0.0083238 3.5579E-04 0.0079681
1.1209 0.0024250 0.0079811 4.6527E-04 0.0080779 3.5643E-04 0.0077215
1.1258 0.0024199 0.0091945 5.1138E-04 0.0084743 3.5681E-04 0.0081174
1.1306 0.0024251 0.0082002 4.8199E-04 0.0083820 3.5732E-04 0.0080247
1.1355 0.0024199 0.0081978 4.7820E-04 0.0082209 3.5791E-04 0.0078630
1.1403 0.0024250 0.0088858 4.9734E-04 0.0082270 3.5817E-04 0.0078689
1.1452 0.0024250 0.0086697 4.9257E-04 0.0082661 3.5877E-04 0.0079073
1.1500 0.0024200 0.0091302 5.1500E-04 0.0085459 3.5918E-04 0.0081867
1.1549 0.0024250 0.0089037 5.1599E-04 0.0087199 3.5956E-04 0.0083604
1.1597 0.0024250 0.0088968 5.0603E-04 0.0083832 3.6014E-04 0.0080231
1.1646 0.0024200 0.0084559 4.9561E-04 0.0084069 3.6037E-04 0.0080466
1.1694 0.0024250 0.0081938 4.8883E-04 0.0084425 3.6088E-04 0.0080816
1.1743 0.0024251 0.0087733 5.0666E-04 0.0084764 3.6132E-04 0.0081151
1.1791 0.0024199 0.0088645 5.1128E-04 0.0085073 3.6159E-04 0.0081457
1.1839 0.0024250 0.0092220 5.3266E-04 0.0087962 3.6212E-04 0.0084341
1.1888 0.0024250 0.0085930 5.1166E-04 0.0087186 3.6239E-04 0.0083562
1.1936 0.0024201 0.0087870 5.2223E-04 0.0087920 3.6279E-04 0.0084292
1.1985 0.0024250 0.0083367 5.0532E-04 0.0086347 3.6327E-04 0.0082714
1.2033 0.0024250 0.0089338 5.2660E-04 0.0087648 3.6342E-04 0.0084014
1.2082 0.0024250 0.0091474 5.3547E-04 0.0088384 3.6392E-04 0.0084745
1.2130 0.0024250 0.0098744 5.6075E-04 0.0089574 3.6423E-04 0.0085931
1.2179 0.0024251 0.0091199 5.3663E-04 0.0088343 3.6451E-04 0.0084698
1.2227 0.0024250 0.0087244 5.2389E-04 0.0087758 3.6498E-04 0.0084108
1.2276 0.0024200 0.0086761 5.2610E-04 0.0088498 3.6512E-04 0.0084847
1.2324 0.0024250 0.0086264 5.2742E-04 0.0088551 3.6553E-04 0.0084895
1.2373 0.0024300 0.010567 5.8108E-04 0.0088665 3.6589E-04 0.0085007
1.2421 0.0024250 0.0086704 5.2987E-04 0.0088738 3.6605E-04 0.0085077
1.2470 0.0024250 0.0096166 5.5844E-04 0.0088997 3.6649E-04 0.0085332
1.2518 0.0024250 0.010174 5.7606E-04 0.0089247 3.6669E-04 0.0085580
1.2567 0.0024250 0.0091462 5.5079E-04 0.0089497 3.6698E-04 0.0085827
1.2615 0.0024250 0.010265 5.8323E-04 0.0089793 3.6739E-04 0.0086119
1.2664 0.0024300 0.0089635 5.4955E-04 0.0090453 3.6745E-04 0.0086778
1.2712 0.0024251 0.010010 5.8109E-04 0.0090848 3.6785E-04 0.0087169
1.2761 0.0024300 0.0095731 5.7259E-04 0.0091532 3.6810E-04 0.0087851
1.2810 0.0024250 0.0093504 5.6450E-04 0.0090624 3.6828E-04 0.0086941
1.2858 0.0024300 0.0098426 5.8009E-04 0.0090886 3.6867E-04 0.0087199
1.2907 0.0024250 0.0090669 5.5967E-04 0.0091066 3.6877E-04 0.0087379
1.2955 0.0024300 0.0089738 5.5769E-04 0.0091431 3.6907E-04 0.0087741
1.3004 0.0024301 0.0088171 5.5509E-04 0.0091694 3.6938E-04 0.0088000
1.3052 0.0024300 0.0096640 5.8233E-04 0.0091831 3.6647E-04 0.0088166
1.3101 0.0024250 0.0097944 5.8535E-04 0.0091706 3.6673E-04 0.0088039
1.3149 0.0024300 0.0094096 5.7424E-04 0.0091744 3.6690E-04 0.0088075
1.3198 0.0024300 0.010170 5.9966E-04 0.0092124 3.6711E-04 0.0088453
1.3247 0.0024350 0.010712 6.1864E-04 0.0092648 3.6747E-04 0.0088973
1.3295 0.0024300 0.0092806 5.7640E-04 0.0092691 3.6750E-04 0.0089016
1.3344 0.0024300 0.0092258 5.7793E-04 0.0093052 3.6782E-04 0.0089374
1.3393 0.0024300 0.0096167 5.9049E-04 0.0093549 3.6807E-04 0.0089869
1.3441 0.0024350 0.0088997 5.7092E-04 0.0093925 3.6816E-04 0.0090244
1.3490 0.0024300 0.0099954 6.0584E-04 0.0094272 3.6849E-04 0.0090587
1.3539 0.0024350 0.010350 6.1723E-04 0.0094453 3.6860E-04 0.0090767
1.3587 0.0024300 0.0089942 5.8014E-04 0.0094800 3.6880E-04 0.0091112
1.3636 0.0024350 0.0090811 5.8346E-04 0.0095143 3.6912E-04 0.0091451
1.3685 0.0024350 0.011840 7.2447E-04 0.011289 3.6910E-04 0.010920
1.3733 0.0024300 0.011476 6.9406E-04 0.010620 3.6940E-04 0.010250
1.3782 0.0024350 0.0097067 6.1320E-04 0.0097406 3.6959E-04 0.0093710
1.3831 0.0024350 0.0099181 6.1662E-04 0.0096629 3.6967E-04 0.0092933
1.3879 0.0024400 0.0092110 6.1679E-04 0.010271 3.6997E-04 0.0099012
1.3928 0.0024350 0.011240 6.6301E-04 0.0097855 3.7003E-04 0.0094155
1.3977 0.0024350 0.0091266 6.0157E-04 0.0097563 3.7021E-04 0.0093861
1.4025 0.0024350 0.012178 7.0043E-04 0.010046 3.7049E-04 0.0096752
1.4074 0.0024400 0.0097744 6.2455E-04 0.0097974 3.7043E-04 0.0094269
1.4123 0.0024350 0.010258 6.4142E-04 0.0098265 3.7071E-04 0.0094557
1.4172 0.0024400 0.010029 6.3646E-04 0.0098550 3.7087E-04 0.0094841
1.4220 0.0024400 0.010212 6.4651E-04 0.0098819 3.7092E-04 0.0095110
1.4269 0.0024350 0.0098852 6.4076E-04 0.0099123 3.7119E-04 0.0095411
1.4318 0.0024400 0.010153 6.5069E-04 0.0099379 3.7122E-04 0.0095667
1.4367 0.0024400 0.010391 6.5975E-04 0.0099652 3.7137E-04 0.0095938
1.4416 0.0024400 0.010863 6.8798E-04 0.010259 3.7162E-04 0.0098872
1.4464 0.0024400 0.0099090 6.7280E-04 0.010557 3.7154E-04 0.010185
1.4513 0.0024450 0.0094762 6.4142E-04 0.010045 3.7179E-04 0.0096735
1.4562 0.0024400 0.0098133 6.5587E-04 0.010073 3.7193E-04 0.0097007
1.4611 0.0024450 0.0089099 6.3371E-04 0.010099 3.7194E-04 0.0097273
1.4660 0.0024400 0.010696 6.8936E-04 0.010123 3.7218E-04 0.0097513
1.4709 0.0024450 0.011125 7.0564E-04 0.010145 3.7220E-04 0.0097727
1.4757 0.0024399 0.010880 7.0377E-04 0.010210 3.7231E-04 0.0098375
1.4806 0.0024450 0.010672 7.0583E-04 0.010436 3.7254E-04 0.010064
1.4855 0.0024450 0.010543 6.9504E-04 0.010211 3.7246E-04 0.0098389
1.4904 0.0024450 0.0099286 6.8234E-04 0.010259 3.7265E-04 0.0098860
1.4953 0.0024450 0.010957 7.1665E-04 0.010371 3.7280E-04 0.0099981
1.5002 0.0024450 0.010361 7.0739E-04 0.010468 3.7276E-04 0.010095
1.5051 0.0024500 0.010740 7.1099E-04 0.010295 3.7297E-04 0.0099216
1.5100 0.0024450 0.012324 7.6223E-04 0.010312 3.7301E-04 0.0099394
1.5149 0.0024499 0.0086791 6.4949E-04 0.010330 3.7306E-04 0.0099572
1.5198 0.0024450 0.010638 7.2501E-04 0.010673 3.7326E-04 0.010300
1.5247 0.0024500 0.010262 7.0458E-04 0.010369 3.7320E-04 0.0099955
1.5296 0.0024500 0.010362 7.1179E-04 0.010386 3.7334E-04 0.010012
1.5345 0.0024500 0.010966 7.3033E-04 0.010404 3.7350E-04 0.010030
1.5394 0.0024499 0.011706 7.5297E-04 0.010418 3.7340E-04 0.010045
1.5443 0.0024500 0.011179 7.4294E-04 0.010479 3.7360E-04 0.010105
1.5492 0.0024500 0.010153 7.1135E-04 0.010502 3.7368E-04 0.010128
1.5541 0.0024500 0.011629 7.6672E-04 0.010685 3.7370E-04 0.010311
1.5590 0.0024551 0.011048 7.4239E-04 0.010478 3.7376E-04 0.010104
1.5639 0.0024499 0.011333 7.5441E-04 0.010554 3.7383E-04 0.010180
1.5688 0.0024550 0.010288 7.2230E-04 0.010577 3.7389E-04 0.010204
1.5737 0.0024500 0.010703 7.3879E-04 0.010518 3.7394E-04 0.010144
1.5786 0.0024550 0.0097971 7.0885E-04 0.010530 3.7400E-04 0.010156
1.5835 0.0024549 0.011029 7.5301E-04 0.010544 3.7405E-04 0.010169
1.5884 0.0024551 0.010169 7.2466E-04 0.010566 3.7410E-04 0.010191
1.5933 0.0024550 0.010223 7.3004E-04 0.010586 3.7415E-04 0.010212
1.5982 0.0024549 0.010795 7.5151E-04 0.010600 3.7399E-04 0.010226
1.6031 0.0024551 0.011643 7.8805E-04 0.010781 3.7355E-04 0.010407
1.6081 0.0024600 0.011378 7.8985E-04 0.011034 3.7375E-04 0.010661
1.6130 0.0024550 0.010307 7.5710E-04 0.011083 3.7551E-04 0.010708
1.6179 0.0024600 0.011729 7.9748E-04 0.010954 3.7229E-04 0.010581
1.6228 0.0024550 0.0095074 7.2864E-04 0.011020 3.7455E-04 0.010646
1.6277 0.0024600 0.011296 7.9284E-04 0.011073 3.7658E-04 0.010696
1.6326 0.0024600 0.011310 7.8308E-04 0.010753 3.7230E-04 0.010380
1.6376 0.0024600 0.010941 7.7284E-04 0.010817 3.7454E-04 0.010443
1.6425 0.0024599 0.011624 7.9959E-04 0.010883 3.7680E-04 0.010506
1.6474 0.0024601 0.0096104 7.3061E-04 0.010857 3.7238E-04 0.010484
1.6523 0.0024600 0.011626 8.0391E-04 0.010921 3.7453E-04 0.010546
1.6572 0.0024599 0.011246 7.9488E-04 0.010986 3.7676E-04 0.010609
1.6622 0.0024651 0.012101 8.2205E-04 0.010884 3.7270E-04 0.010512
1.6671 0.0024600 0.010975 7.8685E-04 0.010938 3.7450E-04 0.010563
1.6720 0.0024650 0.012001 8.2323E-04 0.011003 3.7671E-04 0.010626
1.6769 0.0024600 0.012756 8.5116E-04 0.010990 3.7297E-04 0.010617
1.6819 0.0024650 0.011035 7.9782E-04 0.011046 3.7446E-04 0.010671
1.6868 0.0024650 0.012551 8.5084E-04 0.011111 3.7666E-04 0.010734
1.6917 0.0024650 0.010389 7.7682E-04 0.011159 3.7323E-04 0.010786
1.6967 0.0024651 0.010859 8.0118E-04 0.011221 3.7441E-04 0.010847
1.7016 0.0024650 0.010501 7.8970E-04 0.011287 3.7659E-04 0.010910
1.7065 0.0024650 0.010656 7.9394E-04 0.011262 3.7408E-04 0.010888
1.7114 0.0024650 0.010285 7.8457E-04 0.011306 3.7512E-04 0.010931
1.7164 0.0024700 0.010867 8.0324E-04 0.011277 3.7562E-04 0.010901
1.7213 0.0024650 0.011776 8.3411E-04 0.011219 3.7504E-04 0.010843
1.7262 0.0024700 0.010681 8.0047E-04 0.011271 3.7483E-04 0.010896
1.7312 0.0024650 0.011593 8.3160E-04 0.011265 3.7483E-04 0.010891
1.7361 0.0024700 0.011950 8.5362E-04 0.011478 3.7484E-04 0.011103
1.7411 0.0024700 0.011938 8.4902E-04 0.011310 3.7484E-04 0.010935
1.7460 0.0024700 0.010653 8.0572E-04 0.011327 3.7484E-04 0.010952
1.7509 0.0024700 0.011474 8.3570E-04 0.011372 3.7484E-04 0.010998
1.7559 0.0024700 0.012431 8.7800E-04 0.011555 3.7484E-04 0.011181
1.7608 0.0024700 0.012200 8.6605E-04 0.011392 3.7483E-04 0.011017
1.7658 0.0024700 0.011266 8.3585E-04 0.011416 3.7483E-04 0.011041
1.7707 0.0024700 0.011806 8.5302E-04 0.011443 3.7483E-04 0.011068
1.7756 0.0024700 0.011193 8.3852E-04 0.011456 3.7482E-04 0.011081
1.7806 0.0024750 0.012276 8.7693E-04 0.011471 3.7481E-04 0.011097
1.7855 0.0024700 0.0097176 7.8836E-04 0.011491 3.7480E-04 0.011116
1.7905 0.0024750 0.010834 8.2847E-04 0.011509 3.7479E-04 0.011135
1.7954 0.0024751 0.010696 8.2801E-04 0.011529 3.7478E-04 0.011154
1.8004 0.0024700 0.011763 8.7569E-04 0.011652 3.7476E-04 0.011277
1.8053 0.0024750 0.011400 8.6310E-04 0.011574 3.7475E-04 0.011199
1.8103 0.0024750 0.010860 8.4748E-04 0.011581 3.7474E-04 0.011207
1.8152 0.0024750 0.011482 8.7269E-04 0.011606 3.7472E-04 0.011231
1.8202 0.0024751 0.0095468 8.1127E-04 0.011728 3.7471E-04 0.011354
1.8251 0.0024750 0.012162 9.1080E-04 0.011644 3.7469E-04 0.011270
1.8301 0.0024800 0.011357 8.8557E-04 0.011651 3.7467E-04 0.011277
1.8350 0.0024750 0.011760 9.0296E-04 0.011669 3.7465E-04 0.011294
1.8400 0.0024750 0.011375 8.9798E-04 0.011666 3.7367E-04 0.011293
1.8449 0.0024801 0.010369 8.5780E-04 0.011644 3.7266E-04 0.011271
1.8499 0.0024750 0.011323 9.0481E-04 0.011655 3.7265E-04 0.011282
1.8548 0.0024800 0.010745 8.8244E-04 0.011669 3.7264E-04 0.011297
1.8598 0.0024750 0.011778 9.3106E-04 0.011687 3.7263E-04 0.011314
1.8647 0.0024800 0.015748 0.0012640 0.015804 3.7262E-04 0.015431
1.8697 0.0024800 0.019144 0.0014088 0.016080 3.7261E-04 0.015708
1.8747 0.0024750 0.012655 9.8486E-04 0.011719 3.7259E-04 0.011346
1.8796 0.0024800 0.012049 9.6384E-04 0.011731 3.7258E-04 0.011358
1.8846 0.0024800 0.013143 0.0010139 0.011743 3.7256E-04 0.011370
1.8895 0.0024800 0.011873 9.7091E-04 0.011790 3.7254E-04 0.011418
1.8945 0.0024800 0.012286 9.8992E-04 0.011768 3.7252E-04 0.011396
1.8995 0.0024800 0.0099861 9.0322E-04 0.011776 3.7250E-04 0.011403
1.9044 0.0024850 0.013374 0.0010454 0.011828 3.7230E-04 0.011456
1.9094 0.0024800 0.012197 9.9920E-04 0.011798 3.7157E-04 0.011426
1.9144 0.0024800 0.010254 9.2701E-04 0.011806 3.7248E-04 0.011434
1.9193 0.0024850 0.012360 0.0010163 0.011817 3.7254E-04 0.011445
1.9243 0.0024800 0.013014 0.0010472 0.011790 3.7114E-04 0.011419
1.9292 0.0024850 0.010426 9.4684E-04 0.011851 3.7306E-04 0.011478
1.9342 0.0024800 0.011427 9.8845E-04 0.011857 3.7299E-04 0.011484
1.9392 0.0024850 0.0096176 9.1170E-04 0.011812 3.7103E-04 0.011441
1.9441 0.0024800 0.010552 9.5878E-04 0.011872 3.7294E-04 0.011499
1.9491 0.0024850 0.013641 0.0010889 0.011888 3.7299E-04 0.011515
1.9541 0.0024850 0.011386 9.9558E-04 0.011852 3.7092E-04 0.011482
1.9590 0.0024850 0.012288 0.0010392 0.011913 3.7281E-04 0.011540
1.9640 0.0024850 0.011586 0.0010109 0.011931 3.7296E-04 0.011558
1.9690 0.0024850 0.010740 9.8018E-04 0.011894 3.7081E-04 0.011523
1.9740 0.0024850 0.012348 0.0010524 0.011954 3.7268E-04 0.011581
1.9789 0.0024850 0.011881 0.0010342 0.011979 3.7293E-04 0.011606
1.9839 0.0024850 0.010662 9.8510E-04 0.011948 3.7069E-04 0.011577
1.9889 0.0024850 0.012902 0.0010794 0.012008 3.7255E-04 0.011635
1.9938 0.0024850 0.0099817 9.6112E-04 0.012033 3.7290E-04 0.011660
1.9988 0.0024851 0.010956 9.9581E-04 0.011997 3.7056E-04 0.011626
2.0038 0.0024899 0.010923 0.0010063 0.012056 3.7241E-04 0.011684
2.0088 0.0024850 0.012447 0.0010734 0.012086 3.7285E-04 0.011713
2.0137 0.0024850 0.011885 0.0010524 0.012053 3.7043E-04 0.011682
2.0187 0.0024899 0.011901 0.0010554 0.012113 3.7226E-04 0.011740
2.0237 0.0024850 0.011246 0.0010334 0.012142 3.7279E-04 0.011770
2.0287 0.0024900 0.012209 0.0010691 0.012104 3.7030E-04 0.011733
2.0336 0.0024849 0.012363 0.0010839 0.012163 3.7212E-04 0.011791
2.0386 0.0024900 0.013649 0.0011357 0.012193 3.7272E-04 0.011820
2.0436 0.0024899 0.0095517 9.5595E-04 0.012147 3.7016E-04 0.011777
2.0486 0.0024850 0.012924 0.0011177 0.012206 3.7197E-04 0.011834
2.0535 0.0024900 0.010744 0.0010207 0.012242 3.7264E-04 0.011869
2.0585 0.0024900 0.011957 0.0010777 0.012209 3.7002E-04 0.011839
2.0635 0.0024899 0.010451 0.0010178 0.012269 3.7182E-04 0.011897
2.0685 0.0024900 0.012985 0.0011290 0.012305 3.7255E-04 0.011933
2.0735 0.0024899 0.011502 0.0010667 0.012270 3.6988E-04 0.011900
2.0784 0.0024900 0.014061 0.0011776 0.012329 3.7166E-04 0.011957
2.0834 0.0024899 0.010133 0.0010154 0.012368 3.7246E-04 0.011995
2.0884 0.0024900 0.012297 0.0011136 0.012335 3.6974E-04 0.011966
2.0934 0.0024900 0.011355 0.0010691 0.012394 3.7150E-04 0.012023
2.0984 0.0024900 0.013956 0.0011876 0.012432 3.7236E-04 0.012060
2.1033 0.0024900 0.012759 0.0011450 0.012388 3.6959E-04 0.012018
2.1083 0.0024899 0.014003 0.0011957 0.012447 3.7134E-04 0.012075
2.1133 0.0024900 0.013341 0.0011730 0.012487 3.7225E-04 0.012114
2.1183 0.0024949 0.011255 0.0010831 0.012444 3.6944E-04 0.012074
2.1233 0.0024900 0.013163 0.0011783 0.012502 3.7118E-04 0.012131
2.1282 0.0024899 0.012372 0.0011412 0.012544 3.7213E-04 0.012172
2.1332 0.0024900 0.012096 0.0011308 0.012504 3.6928E-04 0.012135
2.1382 0.0024949 0.013450 0.0011977 0.012563 3.7101E-04 0.012192
2.1432 0.0024900 0.014222 0.0012374 0.012603 3.7201E-04 0.012231
2.1482 0.0024949 0.013108 0.0011904 0.012548 3.6912E-04 0.012179
2.1532 0.0024900 0.011536 0.0011285 0.012607 3.7084E-04 0.012236
2.1581 0.0024951 0.013355 0.0012133 0.012650 3.7188E-04 0.012278
2.1631 0.0024900 0.011851 0.0011459 0.012604 3.6896E-04 0.012235
2.1681 0.0024951 0.010876 0.0011142 0.012662 3.7067E-04 0.012291
2.1731 0.0024899 0.010569 0.0011099 0.012706 3.7182E-04 0.012334
2.1781 0.0024951 0.011518 0.0011510 0.012661 3.6941E-04 0.012292
2.1831 0.0024949 0.011838 0.0011790 0.012720 3.7111E-04 0.012348
2.1881 0.0024900 0.013149 0.0012456 0.012718 3.7052E-04 0.012347
2.1930 0.0024949 0.013353 0.0012640 0.012726 3.7024E-04 0.012356
2.1980 0.0024951 0.013923 0.0013018 0.012739 3.7013E-04 0.012369
2.2030 0.0024949 0.011414 0.0011917 0.012753 3.7007E-04 0.012383
2.2080 0.0024900 0.011740 0.0012240 0.012766 3.7002E-04 0.012396
2.2130 0.0024951 0.015048 0.0014826 0.014730 3.6996E-04 0.014360
2.2180 0.0024949 0.013004 0.0012905 0.012792 3.6991E-04 0.012422
2.2230 0.0024951 0.013093 0.0013191 0.012805 3.6985E-04 0.012435
2.2280 0.0024949 0.014163 0.0013777 0.012817 3.6980E-04 0.012447
2.2354 0.0049900 0.012926 9.4516E-04 0.012835 3.6971E-04 0.012465
2.2454 0.0049900 0.012532 9.4866E-04 0.012858 3.6960E-04 0.012488
2.2529 0.0024951 0.013799 0.0014219 0.012874 3.6951E-04 0.012505
2.2579 0.0024949 0.014606 0.0014837 0.012885 3.6945E-04 0.012515
2.2654 0.0049900 0.012719 9.9735E-04 0.012964 3.6937E-04 0.012594
2.2754 0.0049902 0.011921 9.8629E-04 0.012946 3.6925E-04 0.012577
2.2854 0.0049900 0.010959 9.6423E-04 0.012949 3.6913E-04 0.012580
2.2953 0.0049900 0.012870 0.0010669 0.013223 3.6901E-04 0.012854
2.3053 0.0049950 0.010913 9.9469E-04 0.012968 3.6889E-04 0.012599
2.3153 0.0049900 0.012549 0.0010760 0.012982 3.6877E-04 0.012613
2.3253 0.0049950 0.013306 0.0011153 0.012995 3.6865E-04 0.012626
2.3353 0.0049950 0.011132 0.0010520 0.013366 3.6852E-04 0.012997
2.3453 0.0049900 0.011012 0.0010440 0.013016 3.6840E-04 0.012648
2.3552 0.0049950 0.012725 0.0011230 0.013025 3.6827E-04 0.012657
2.3652 0.0049950 0.013783 0.0011688 0.013033 3.6815E-04 0.012665
2.3752 0.0049950 0.013705 0.0011682 0.013040 3.6802E-04 0.012672
2.3852 0.0049950 0.011703 0.0010925 0.013229 3.6789E-04 0.012861
2.3952 0.0049900 0.013819 0.0011737 0.013078 3.6771E-04 0.012711
2.4052 0.0049950 0.012946 0.0011410 0.013098 3.6719E-04 0.012730
2.4152 0.0049950 0.013806 0.0011766 0.013124 3.6722E-04 0.012757
2.4252 0.0050000 0.013349 0.0011586 0.013230 3.6814E-04 0.012862
2.4352 0.0049950 0.016655 0.0014577 0.016613 3.6651E-04 0.016246
2.4452 0.0049951 0.015472 0.0013255 0.014886 3.6710E-04 0.014519
2.4551 0.0049950 0.013745 0.0011827 0.013240 3.6774E-04 0.012872
2.4651 0.0049950 0.010632 0.0010537 0.013213 3.6592E-04 0.012847
2.4751 0.0050000 0.013041 0.0011581 0.013244 3.6624E-04 0.012877
2.4851 0.0049951 0.012032 0.0011287 0.013276 3.6660E-04 0.012909
2.4951 0.0049950 0.013133 0.0011707 0.013267 3.6500E-04 0.012902
2.5051 0.0050000 0.012376 0.0011481 0.013315 3.6559E-04 0.012949
2.5151 0.0049950 0.013020 0.0011804 0.013363 3.6622E-04 0.012997
2.5251 0.0050000 0.013460 0.0011968 0.013354 3.6462E-04 0.012990
2.5351 0.0049950 0.012366 0.0011582 0.013403 3.6522E-04 0.013038
2.5451 0.0050000 0.012433 0.0011624 0.013453 3.6583E-04 0.013087
2.5551 0.0049950 0.011810 0.0011465 0.013447 3.6424E-04 0.013082
2.5651 0.0050000 0.012776 0.0011894 0.013494 3.6483E-04 0.013129
2.5751 0.0049950 0.013648 0.0012300 0.013542 3.6544E-04 0.013176
2.5851 0.0050000 0.014323 0.0012582 0.013532 3.6386E-04 0.013168
2.5951 0.0050000 0.014356 0.0012677 0.013578 3.6445E-04 0.013214
2.6051 0.0049950 0.013153 0.0012219 0.013624 3.6504E-04 0.013259
2.6151 0.0050000 0.011581 0.0011607 0.013611 3.6347E-04 0.013248
2.6251 0.0049950 0.011228 0.0011464 0.013655 3.6406E-04 0.013291
2.6350 0.0050000 0.013171 0.0012339 0.013699 3.6464E-04 0.013335
2.6451 0.0050001 0.011859 0.0011721 0.013683 3.6308E-04 0.013320
2.6551 0.0050000 0.012394 0.0012009 0.013725 3.6366E-04 0.013361
2.6650 0.0049950 0.012707 0.0012220 0.013767 3.6424E-04 0.013403
2.6750 0.0050000 0.013457 0.0012644 0.013747 3.6269E-04 0.013384
2.6850 0.0050000 0.012320 0.0012155 0.013809 3.6326E-04 0.013445
2.6950 0.0050000 0.012976 0.0012599 0.013871 3.6383E-04 0.013507
2.7050 0.0049950 0.014712 0.0013369 0.013802 3.6230E-04 0.013440
2.7150 0.0050000 0.014097 0.0013174 0.013840 3.6286E-04 0.013477
2.7250 0.0050000 0.014431 0.0013378 0.013878 3.6342E-04 0.013514
2.7350 0.0050000 0.014950 0.0013623 0.013850 3.6190E-04 0.013488
2.7450 0.0050000 0.012543 0.0012660 0.013885 3.6245E-04 0.013523
2.7550 0.0049950 0.013186 0.0013037 0.013921 3.6301E-04 0.013558
2.7650 0.0050000 0.013838 0.0013372 0.013889 3.6150E-04 0.013527
2.7750 0.0050000 0.013001 0.0013080 0.013922 3.6205E-04 0.013560
2.7850 0.0050000 0.011114 0.0012228 0.013955 3.6259E-04 0.013592
2.7950 0.0050000 0.015363 0.0014220 0.013919 3.6110E-04 0.013558
2.8050 0.0050000 0.014574 0.0013961 0.013950 3.6164E-04 0.013588
2.8150 0.0050000 0.014096 0.0013786 0.013981 3.6217E-04 0.013619
2.8250 0.0050000 0.013681 0.0013600 0.013961 3.6069E-04 0.013600
2.8350 0.0049950 0.015289 0.0014398 0.013980 3.6123E-04 0.013619
2.8450 0.0050000 0.011815 0.0012794 0.013999 3.6176E-04 0.013637
2.8550 0.0050000 0.012370 0.0013034 0.013955 3.6029E-04 0.013595
2.8650 0.0050000 0.015639 0.0014573 0.013981 3.6082E-04 0.013621
2.8750 0.0050001 0.012979 0.0013401 0.014008 3.6134E-04 0.013647
2.8850 0.0050000 0.018753 0.0016357 0.014801 3.5989E-04 0.014441
2.8950 0.0050000 0.012210 0.0013328 0.014430 3.6041E-04 0.014069
2.9050 0.0050000 0.015777 0.0014778 0.014055 3.6092E-04 0.013694
2.9150 0.0050000 0.012765 0.0013478 0.014229 3.5948E-04 0.013870
2.9250 0.0050000 0.013894 0.0014004 0.014156 3.6000E-04 0.013796
2.9350 0.0050000 0.016387 0.0015124 0.014082 3.6050E-04 0.013721
2.9450 0.0050000 0.013598 0.0013889 0.014062 3.5908E-04 0.013703
2.9575 0.0074999 0.011694 0.0010656 0.014103 3.5955E-04 0.013743
2.9700 0.0050000 0.014531 0.0014436 0.014124 3.5938E-04 0.013764
2.9800 0.0050000 0.013897 0.0014220 0.014159 3.5987E-04 0.013800
2.9900 0.0050000 0.013157 0.0013870 0.014135 3.5847E-04 0.013776
3.0000 0.0050001 0.016648 0.0015505 0.014169 3.5897E-04 0.013810
3.0100 0.0049950 0.013807 0.0014290 0.014203 3.5946E-04 0.013843
3.0200 0.0050000 0.014408 0.0014472 0.014175 3.5806E-04 0.013817
3.0300 0.0050000 0.013662 0.0014169 0.014207 3.5856E-04 0.013849
3.0400 0.0050000 0.012585 0.0013721 0.014240 3.5904E-04 0.013881
3.0500 0.0050000 0.013009 0.0014157 0.014509 3.5765E-04 0.014151
3.0600 0.0050000 0.016022 0.0015513 0.014415 3.5815E-04 0.014057
3.0700 0.0050000 0.015670 0.0015216 0.014319 3.5862E-04 0.013960
3.0800 0.0050000 0.014691 0.0015208 0.014865 3.5725E-04 0.014508
3.0900 0.0050000 0.016131 0.0016052 0.015220 3.5773E-04 0.014862
3.1000 0.0050000 0.015947 0.0016242 0.015579 3.5820E-04 0.015221
3.1125 0.0074999 0.013026 0.0011684 0.014363 3.5742E-04 0.014005
3.1250 0.0050001 0.014762 0.0015242 0.014508 3.5664E-04 0.014151
3.1350 0.0050000 0.016007 0.0015785 0.014477 3.5712E-04 0.014120
3.1475 0.0074999 0.010710 0.0010859 0.014431 3.5695E-04 0.014074
3.1600 0.0050000 0.014413 0.0015260 0.014472 3.5737E-04 0.014115
3.1700 0.0050000 0.017629 0.0016776 0.014453 3.5604E-04 0.014097
3.1800 0.0050000 0.018191 0.0017068 0.014489 3.5651E-04 0.014132
3.1900 0.0050000 0.015461 0.0015934 0.014524 3.5696E-04 0.014167
3.2000 0.0050000 0.014825 0.0015805 0.014502 3.5564E-04 0.014147
3.2100 0.0050000 0.017203 0.0016857 0.014534 3.5605E-04 0.014178
3.2200 0.0050000 0.015102 0.0015995 0.014566 3.5644E-04 0.014209
3.2325 0.0075001 0.012464 0.0012008 0.014564 3.5569E-04 0.014208
3.2475 0.0075001 0.015157 0.0013157 0.014593 3.5549E-04 0.014238
3.2625 0.0074999 0.014804 0.0013060 0.014611 3.5528E-04 0.014256
3.2775 0.0075001 0.012670 0.0012287 0.014628 3.5508E-04 0.014273
3.2925 0.0074999 0.013631 0.0012747 0.014643 3.5488E-04 0.014288
3.3050 0.0050000 0.015954 0.0016755 0.014634 3.5415E-04 0.014280
3.3175 0.0075001 0.013891 0.0012912 0.014665 3.5456E-04 0.014310
3.3325 0.0074999 0.015454 0.0013595 0.014675 3.5436E-04 0.014321
3.3450 0.0050000 0.015700 0.0016981 0.014683 3.5419E-04 0.014329
3.3575 0.0075001 0.014507 0.0013328 0.014690 3.5402E-04 0.014336
3.3700 0.0050000 0.015285 0.0016909 0.014716 3.5441E-04 0.014361
3.3800 0.0050000 0.015517 0.0016950 0.014678 3.5317E-04 0.014324
3.3925 0.0075001 0.014503 0.0013396 0.014702 3.5356E-04 0.014348
3.4075 0.0074999 0.012162 0.0012518 0.014704 3.5336E-04 0.014351
3.4225 0.0075001 0.014060 0.0013456 0.014737 3.5317E-04 0.014384
3.4375 0.0074999 0.015076 0.0013888 0.014720 3.5297E-04 0.014367
3.4525 0.0075001 0.014036 0.0013488 0.014702 3.5277E-04 0.014349
3.4650 0.0050000 0.016438 0.0017845 0.014698 3.5261E-04 0.014346
3.4775 0.0074999 0.015396 0.0014206 0.014700 3.5245E-04 0.014348
3.4900 0.0050000 0.017007 0.0018096 0.014731 3.5282E-04 0.014378
3.5025 0.0075001 0.014687 0.0013991 0.014723 3.5212E-04 0.014371
3.5150 0.0050000 0.016294 0.0018013 0.014715 3.5142E-04 0.014364
3.5275 0.0075001 0.015535 0.0014410 0.014745 3.5180E-04 0.014393
3.5425 0.0074999 0.014460 0.0014041 0.014761 3.5160E-04 0.014410
3.5575 0.0075001 0.015827 0.0014649 0.014779 3.5141E-04 0.014427
3.5725 0.0074999 0.015267 0.0014423 0.014795 3.5122E-04 0.014444
3.5850 0.0050000 0.020254 0.0020053 0.014854 3.5106E-04 0.014503
3.5975 0.0075001 0.015514 0.0014681 0.014889 3.5090E-04 0.014538
3.6125 0.0074999 0.013397 0.0013750 0.014880 3.5070E-04 0.014529
3.6275 0.0075001 0.014137 0.0014221 0.015064 3.5051E-04 0.014713
3.6425 0.0075001 0.016575 0.0015341 0.015161 3.5032E-04 0.014811
3.6575 0.0074999 0.013633 0.0014026 0.014997 3.5013E-04 0.014647
3.6725 0.0075001 0.015982 0.0015228 0.015141 3.4994E-04 0.014792
3.6875 0.0074999 0.014094 0.0014265 0.014883 3.4975E-04 0.014533
3.7025 0.0075001 0.014920 0.0014599 0.014901 3.4956E-04 0.014551
3.7175 0.0074999 0.016110 0.0015326 0.014914 3.4937E-04 0.014564
3.7325 0.0075001 0.015060 0.0014911 0.014931 3.4919E-04 0.014582
3.7475 0.0075001 0.015101 0.0015000 0.014948 3.4900E-04 0.014599
3.7625 0.0074999 0.015146 0.0015026 0.014969 3.4881E-04 0.014620
3.7775 0.0075001 0.015499 0.0015237 0.014997 3.4862E-04 0.014648
3.7925 0.0074999 0.012373 0.0013785 0.015038 3.4844E-04 0.014689
3.8075 0.0075001 0.014626 0.0015339 0.015761 3.4825E-04 0.015413
3.8225 0.0074999 0.018140 0.0017464 0.016471 3.4807E-04 0.016122
3.8375 0.0075001 0.015143 0.0015291 0.015054 3.4788E-04 0.014706
3.8550 0.0100000 0.012627 0.0012342 0.015144 3.4767E-04 0.014796
3.8725 0.0075001 0.013379 0.0014836 0.015135 3.4745E-04 0.014787
3.8875 0.0074999 0.014499 0.0015258 0.015097 3.4727E-04 0.014749
3.9025 0.0075001 0.014553 0.0015401 0.015107 3.4709E-04 0.014760
3.9175 0.0074999 0.014577 0.0015399 0.015116 3.4691E-04 0.014769
3.9325 0.0075001 0.014923 0.0015664 0.015125 3.4673E-04 0.014778
3.9500 0.0100000 0.012707 0.0012807 0.015194 3.4675E-04 0.014847
3.9675 0.0074999 0.013354 0.0015169 0.015139 3.4630E-04 0.014793
3.9825 0.0075001 0.017946 0.0017335 0.015143 3.4612E-04 0.014797
4.0000 0.010000 0.013268 0.0013156 0.015138 3.4568E-04 0.014792
4.0175 0.0074999 0.014162 0.0015678 0.015149 3.4571E-04 0.014803
4.0325 0.0074999 0.013998 0.0015715 0.015149 3.4552E-04 0.014803
4.0475 0.0074999 0.015533 0.0016485 0.015147 3.4531E-04 0.014802
4.0625 0.0075002 0.015445 0.0016528 0.015144 3.4513E-04 0.014799
4.0775 0.0074999 0.017782 0.0017640 0.015141 3.4496E-04 0.014796
4.0925 0.0074999 0.014293 0.0015999 0.015137 3.4478E-04 0.014792
4.1075 0.0074999 0.016587 0.0017164 0.015132 3.4461E-04 0.014787
4.1250 0.010000 0.014845 0.0014245 0.015126 3.4440E-04 0.014782
4.1425 0.0074999 0.015457 0.0016897 0.015116 3.4420E-04 0.014772
4.1600 0.0100000 0.014858 0.0014361 0.015125 3.4422E-04 0.014781
4.1775 0.0074999 0.014618 0.0016606 0.015125 3.4380E-04 0.014781
4.1925 0.0074999 0.015977 0.0017269 0.015132 3.4363E-04 0.014788
4.2075 0.0075002 0.014776 0.0016823 0.015139 3.4346E-04 0.014795
4.2225 0.0074999 0.017086 0.0017958 0.015142 3.4329E-04 0.014799
4.2375 0.0074999 0.016038 0.0017527 0.015153 3.4312E-04 0.014810
4.2550 0.0100000 0.015148 0.0014648 0.015185 3.4270E-04 0.014842
4.2750 0.0100000 0.014087 0.0014426 0.015233 3.4270E-04 0.014890
4.2925 0.0075002 0.016330 0.0017882 0.015186 3.4250E-04 0.014844
4.3075 0.0074999 0.016079 0.0017838 0.015193 3.4233E-04 0.014851
4.3250 0.0100000 0.015356 0.0015114 0.015208 3.4235E-04 0.014866
4.3425 0.0074999 0.016951 0.0018378 0.015205 3.4194E-04 0.014863
4.3600 0.0100000 0.015769 0.0015452 0.015200 3.4154E-04 0.014858
4.3800 0.0100000 0.015942 0.0015652 0.015211 3.4153E-04 0.014869
4.4000 0.0100000 0.014511 0.0015015 0.015220 3.4151E-04 0.014879
4.4175 0.0075002 0.016364 0.0018432 0.015211 3.4111E-04 0.014870
4.4325 0.0074999 0.017838 0.0019242 0.015211 3.4095E-04 0.014870
4.4475 0.0074999 0.016777 0.0018746 0.015222 3.4079E-04 0.014882
4.4650 0.0100000 0.015891 0.0015943 0.015218 3.4039E-04 0.014878
4.4850 0.0100000 0.014820 0.0015681 0.015256 3.4038E-04 0.014916
4.5050 0.0100000 0.015755 0.0016192 0.015262 3.4037E-04 0.014922
4.5250 0.0100000 0.015600 0.0016313 0.015604 3.3975E-04 0.015264
4.5450 0.0100000 0.016190 0.0016616 0.015266 3.3974E-04 0.014927
4.5650 0.0100000 0.015517 0.0016276 0.015285 3.3972E-04 0.014945
4.5850 0.0100000 0.014725 0.0016098 0.015284 3.3911E-04 0.014945
4.6025 0.0075002 0.018893 0.0020538 0.015308 3.3913E-04 0.014969
4.6200 0.0100000 0.012877 0.0015235 0.015298 3.3894E-04 0.014959
4.6400 0.0100000 0.014159 0.0015735 0.015311 3.3893E-04 0.014972
4.6575 0.0074999 0.017810 0.0020231 0.015306 3.3854E-04 0.014968
4.6750 0.0100000 0.013968 0.0015963 0.015300 3.3817E-04 0.014962
4.6950 0.0100000 0.017465 0.0017439 0.015309 3.3816E-04 0.014971
4.7150 0.0100000 0.016460 0.0017251 0.015316 3.3814E-04 0.014978
4.7350 0.0100000 0.014224 0.0016050 0.015298 3.3755E-04 0.014960
4.7550 0.0100000 0.013844 0.0016119 0.015302 3.3754E-04 0.014964
4.7750 0.0100000 0.016666 0.0017535 0.015436 3.3752E-04 0.015099
4.7925 0.0075002 0.021286 0.0022533 0.015292 3.3715E-04 0.014955
4.8100 0.0100000 0.015644 0.0017096 0.015274 3.3679E-04 0.014937
4.8300 0.0100000 0.017330 0.0017921 0.015272 3.3677E-04 0.014935
4.8500 0.0100000 0.014905 0.0017007 0.015269 3.3675E-04 0.014932
4.8700 0.0100000 0.019652 0.0019011 0.015245 3.3618E-04 0.014909
4.8900 0.0100000 0.016676 0.0018024 0.015273 3.3617E-04 0.014937
4.9100 0.0100000 0.018120 0.0018675 0.015238 3.3615E-04 0.014902
4.9300 0.0100000 0.014506 0.0017123 0.015200 3.3559E-04 0.014864
4.9525 0.012500 0.012364 0.0014386 0.015216 3.3569E-04 0.014880
4.9750 0.0100000 0.015129 0.0017551 0.015203 3.3514E-04 0.014868
4.9975 0.012500 0.013557 0.0015133 0.015216 3.3525E-04 0.014881
5.0225 0.012500 0.015212 0.0015995 0.015207 3.3471E-04 0.014872
5.0475 0.012500 0.012932 0.0015013 0.015219 3.3461E-04 0.014884
5.0700 0.0100000 0.018136 0.0019376 0.015225 3.3440E-04 0.014891
5.0875 0.0074999 0.021803 0.0024649 0.015229 3.3423E-04 0.014895
5.1075 0.012500 0.014543 0.0016051 0.015230 3.3403E-04 0.014896
5.1325 0.012500 0.014716 0.0016096 0.015235 3.3393E-04 0.014901
5.1575 0.012500 0.013762 0.0015775 0.015219 3.3342E-04 0.014886
5.1825 0.012500 0.013861 0.0015814 0.015220 3.3332E-04 0.014887
5.2050 0.0100000 0.019017 0.0020418 0.015214 3.3311E-04 0.014881
5.2300 0.015000 0.011736 0.0013717 0.015204 3.3287E-04 0.014871
5.2575 0.012500 0.015816 0.0017152 0.015191 3.3261E-04 0.014859
5.2825 0.012500 0.013828 0.0016515 0.015183 3.3251E-04 0.014851
5.3075 0.012500 0.015355 0.0017256 0.015160 3.3201E-04 0.014828
5.3325 0.012500 0.013702 0.0016510 0.015166 3.3192E-04 0.014834
5.3575 0.012500 0.016433 0.0018059 0.015170 3.3182E-04 0.014838
5.3850 0.015000 0.012600 0.0015028 0.015161 3.3143E-04 0.014829
5.4125 0.012500 0.015259 0.0017987 0.015155 3.3105E-04 0.014824
5.4350 0.0100000 0.017861 0.0021486 0.015168 3.3114E-04 0.014836
5.4575 0.012500 0.014380 0.0017831 0.015153 3.3065E-04 0.014822
5.4825 0.012500 0.015331 0.0018250 0.015155 3.3055E-04 0.014824
5.5075 0.012500 0.017778 0.0019382 0.015155 3.3046E-04 0.014824
5.5300 0.0100000 0.019991 0.0022589 0.015135 3.2997E-04 0.014805
5.5550 0.015000 0.014519 0.0016271 0.015133 3.2991E-04 0.014803
5.5825 0.012500 0.016831 0.0019020 0.015127 3.2979E-04 0.014797
5.6075 0.012500 0.015592 0.0018440 0.015102 3.2932E-04 0.014773
5.6350 0.015000 0.013294 0.0015943 0.015091 3.2920E-04 0.014762
5.6625 0.012500 0.016403 0.0018994 0.015071 3.2896E-04 0.014742
5.6875 0.012500 0.017843 0.0019925 0.015056 3.2887E-04 0.014727
5.7125 0.012500 0.018334 0.0020292 0.015020 3.2841E-04 0.014692
5.7425 0.017500 0.011621 0.0014371 0.015000 3.2836E-04 0.014672
5.7725 0.012500 0.016723 0.0019755 0.014956 3.2789E-04 0.014628
5.7975 0.012500 0.018070 0.0020535 0.014946 3.2780E-04 0.014618
5.8225 0.012500 0.017184 0.0020198 0.014944 3.2771E-04 0.014616
5.8475 0.012500 0.018752 0.0021080 0.014924 3.2726E-04 0.014597
5.8750 0.015000 0.015903 0.0018269 0.014918 3.2715E-04 0.014591
5.9050 0.015000 0.016480 0.0018735 0.014908 3.2690E-04 0.014581
5.9350 0.015000 0.014784 0.0017978 0.014901 3.2665E-04 0.014575
5.9650 0.015000 0.014941 0.0018120 0.014893 3.2640E-04 0.014567
5.9950 0.015000 0.015008 0.0018398 0.014883 3.2616E-04 0.014556
6.0275 0.017500 0.013626 0.0015973 0.014871 3.2597E-04 0.014545
6.0575 0.012500 0.017031 0.0020128 0.014845 3.2553E-04 0.014519
6.0825 0.012500 0.016115 0.0019242 0.014916 3.2545E-04 0.014590
6.1075 0.012500 0.015904 0.0018256 0.014862 3.2536E-04 0.014537
6.1325 0.012500 0.013180 0.0015649 0.014807 3.2493E-04 0.014482
6.1575 0.012500 0.017841 0.0019718 0.019524 3.2484E-04 0.019199
6.1825 0.012500 0.022985 0.0024488 0.025688 3.2476E-04 0.025363
6.2050 0.0100000 0.034852 0.0038365 0.035215 3.2433E-04 0.034891
6.2275 0.012500 0.067999 0.0075876 0.086831 3.2440E-04 0.086506
6.2525 0.012500 0.012878 0.0013822 0.014675 3.2398E-04 0.014351
6.2775 0.012500 0.014178 0.0015368 0.014656 3.2390E-04 0.014332
6.3025 0.012500 0.017214 0.0017772 0.014647 3.2381E-04 0.014323
6.3300 0.015000 0.014493 0.0016147 0.014627 3.2349E-04 0.014303
6.3575 0.012500 0.019688 0.0020957 0.014665 3.2317E-04 0.014342
6.3850 0.015000 0.016070 0.0017804 0.014659 3.2307E-04 0.014336
6.4125 0.012500 0.017623 0.0019941 0.014729 3.2286E-04 0.014406
6.4375 0.012500 0.019916 0.0022206 0.016783 3.2277E-04 0.016461
6.4625 0.012500 0.030063 0.0034560 0.027316 3.2237E-04 0.026994
6.4875 0.012500 0.063449 0.0069469 0.053006 3.2229E-04 0.052684
6.5125 0.012500 0.018515 0.0020528 0.015346 3.2220E-04 0.015023
6.5400 0.015000 0.014267 0.0017177 0.014496 3.2189E-04 0.014174
6.5700 0.015000 0.017289 0.0019755 0.014474 3.2167E-04 0.014153
6.6025 0.017500 0.014322 0.0018102 0.014444 3.2135E-04 0.014123
6.6375 0.017500 0.016356 0.0019669 0.014417 3.2117E-04 0.014096
6.6725 0.017500 0.017060 0.0021031 0.014387 3.2098E-04 0.014066
6.7100 0.020000 0.014865 0.0018979 0.014340 3.2057E-04 0.014020
6.7500 0.020000 0.015043 0.0019450 0.014308 3.2035E-04 0.013988
6.7925 0.022500 0.012792 0.0017705 0.014290 3.2004E-04 0.013970
6.8350 0.020000 0.016003 0.0020608 0.014273 3.1980E-04 0.013953
6.8750 0.020000 0.016521 0.0021050 0.014252 3.1939E-04 0.013932
6.9125 0.017500 0.018381 0.0023834 0.014247 3.1926E-04 0.013927
6.9525 0.022500 0.014280 0.0019380 0.014229 3.1890E-04 0.013910
6.9975 0.022500 0.014625 0.0019713 0.014209 3.1859E-04 0.013891
7.0400 0.020000 0.017197 0.0022506 0.014185 3.1823E-04 0.013866
7.0850 0.025000 0.012890 0.0018362 0.014163 3.1803E-04 0.013845
7.1375 0.027500 0.012619 0.0017501 0.014106 3.1725E-04 0.013789
7.1900 0.025000 0.012470 0.0018261 0.014195 3.1698E-04 0.013878
7.2400 0.025000 0.013798 0.0020812 0.016215 3.1656E-04 0.015899
7.2900 0.025000 0.015681 0.0020609 0.015453 3.1628E-04 0.015137
7.3375 0.022500 0.021389 0.0030789 0.021204 3.1597E-04 0.020888
7.3800 0.020000 0.018345 0.0024818 0.013871 3.1569E-04 0.013555
7.4225 0.022500 0.013600 0.0022546 0.013839 3.1542E-04 0.013524
7.4700 0.025000 0.012007 0.0021957 0.013820 3.1512E-04 0.013505
7.5225 0.027500 0.010811 0.0021552 0.014498 3.1478E-04 0.014183
7.5775 0.027500 0.012081 0.0021144 0.013948 3.1448E-04 0.013634
7.6325 0.027500 0.013558 0.0021306 0.013955 3.1405E-04 0.013641
7.6875 0.027500 0.019599 0.0028911 0.018693 3.1375E-04 0.018379
7.7450 0.030000 0.013506 0.0022098 0.014962 3.1340E-04 0.014649
15.000 1.0000 0.0041733 0.0017770 0.0076904 2.8332E-04 0.0074071
17.000 1.0000 0.0068404 0.0020567 0.0063228 2.7767E-04 0.0060451
20.000 2.0000 0.0056871 0.0014997 0.0047386 2.7089E-04 0.0044677
33.300 11.300 7.2068E-04 8.7862E-04 0.0018816 2.5405E-04 0.0016276
60.000 15.400 -0.0018869 0.0014272 2.5608E-04 2.3000E-04 2.6078E-05
135.15 59.750 -0.0020111 0.0030699 2.0669E-04 2.0669E-04 0
