2.993000000715255737e-01 1.294037879891269532e-02 4.832959511759876508e-04
3.139000087976455688e-01 1.232181190712881499e-02 5.025653922818543087e-04
3.285000026226043701e-01 1.173656445434739966e-02 5.124921856083419812e-04
3.430999964475631714e-01 1.159352770619456567e-02 4.801661249845581001e-04
3.577000051736831665e-01 1.223342651314568257e-02 4.924276923532738132e-04
3.722999989986419678e-01 1.201179071790082521e-02 4.824354226675925741e-04
3.868999928236007690e-01 1.313097410262318264e-02 4.840361278694754505e-04
4.015000015497207642e-01 1.264066952191461590e-02 4.240137232020821986e-04
4.161000102758407593e-01 1.309123819853576579e-02 4.177218682045048381e-04
4.307000041007995605e-01 1.404460590588721587e-02 4.035323087987531272e-04
4.452999979257583618e-01 1.366537664183825607e-02 3.863322250118469644e-04
4.599000066518783569e-01 1.512695366069044707e-02 4.011427548763735976e-04
4.745000004768371582e-01 1.612680257542149082e-02 3.960153402568247728e-04
4.890999943017959595e-01 1.590143189598434287e-02 4.039506218859166575e-04
5.036999881267547607e-01 1.705363040583959128e-02 3.996230406484183257e-04
5.182999968528747559e-01 1.746502410108806760e-02 4.253574516684147599e-04
5.329000055789947510e-01 9.847269266290738232e-03 2.334427634636782826e-04
5.474999845027923584e-01 1.092324227525245071e-02 2.539439821574250144e-04
5.620999932289123535e-01 1.255093248771266788e-02 2.746822444844897789e-04
5.767000019550323486e-01 1.399802505017710107e-02 2.918672283718963339e-04
5.912999808788299561e-01 1.385577269207459612e-02 2.982673201951746914e-04
6.058999896049499512e-01 1.413742294706548351e-02 2.891908448447884079e-04
6.204999983310699463e-01 1.454246948023757251e-02 2.852683517875841232e-04
6.351000070571899414e-01 1.385667482036305811e-02 2.870463093061411406e-04
6.497000157833099365e-01 1.401944647984289076e-02 2.788433571868099417e-04
6.642999947071075439e-01 1.361702001913134633e-02 2.692992875097920949e-04
6.789000034332275391e-01 1.368479608127817423e-02 2.634958761254004023e-04
6.935000121593475342e-01 1.324224410244130741e-02 2.604470334593680567e-04
7.080999910831451416e-01 1.124362663558479102e-02 2.375537061780446367e-04
7.226999998092651367e-01 1.127845646407850573e-02 2.279359634123734703e-04
7.373000085353851318e-01 1.123802656646681088e-02 2.291442507879637468e-04
7.518999874591827393e-01 1.130761937722255667e-02 2.234371927297239670e-04
7.664999961853027344e-01 1.093628054646575420e-02 2.183014788782214831e-04
7.811000049114227295e-01 1.093014208132800716e-02 2.110116925734155716e-04
7.956999838352203369e-01 1.046476487153375455e-02 2.171580038604481585e-04
8.102999925613403320e-01 1.037815052824734262e-02 2.023363885490020637e-04
8.249000012874603271e-01 1.002978598791118628e-02 1.980398556134781586e-04
8.395000100135803223e-01 9.984024183368857622e-03 1.984222953267656656e-04
8.541000187397003174e-01 1.010384672818778751e-02 1.918634476264149545e-04
8.686999976634979248e-01 9.433794394620439311e-03 1.788984027725295015e-04
8.833000063896179199e-01 9.035831517756888823e-03 1.752843203432337079e-04
8.979000151157379150e-01 9.460204722934283453e-03 1.793500483456139931e-04
9.124999940395355225e-01 9.469265107793113992e-03 1.800158911743279398e-04
9.271000027656555176e-01 9.313377167491169659e-03 1.779285036029336277e-04
9.417000114917755127e-01 9.992896298121434900e-03 1.756153086354656054e-04
9.562999904155731201e-01 1.005974172141229153e-02 1.787314885434600610e-04
9.708999991416931152e-01 1.054333835597729557e-02 1.769439930446048425e-04
9.855000078678131104e-01 1.064448290343603283e-02 1.799730988824781803e-04
1.000100016593933105e+00 1.117480246940734910e-02 1.839237526206363390e-04
1.014699995517730713e+00 1.144603324988922692e-02 1.814060466860164123e-04
1.029299974441528320e+00 1.163177258352182837e-02 1.821416367885965199e-04
1.043900012969970703e+00 1.172743455858577845e-02 1.806641547297639172e-04
1.058499991893768311e+00 1.173778397598476513e-02 1.814624807776363897e-04
1.073099970817565918e+00 1.185893425191194943e-02 1.813088104823335964e-04
1.087700009346008301e+00 1.144865577810763764e-02 1.754455194384233569e-04
1.102299988269805908e+00 1.079633647852410588e-02 1.753352464723932907e-04
1.116899967193603516e+00 1.050939411647903825e-02 1.708092896772699749e-04
1.131500005722045898e+00 9.708277388134168434e-03 1.658038570406839571e-04
1.146099984645843506e+00 8.876800162914243522e-03 1.630545079716881922e-04
1.160699963569641113e+00 8.346254863336630483e-03 1.540450557977513272e-04
1.175300002098083496e+00 7.819131151048203457e-03 1.493422300968236553e-04
1.189899981021881104e+00 7.221167245692296059e-03 1.415466838853567273e-04
1.204499959945678711e+00 6.735876834590683905e-03 1.417845096414524627e-04
1.219099998474121094e+00 6.638206019363247778e-03 1.348987746943166666e-04
1.233700037002563477e+00 6.639211972004861045e-03 1.368436042812722824e-04
1.248300015926361084e+00 6.236768981400846179e-03 1.354479538937141455e-04
1.262899994850158691e+00 6.400168664541784798e-03 1.334465497141540890e-04
1.277500033378601074e+00 6.023047338460595611e-03 1.319271563405657096e-04
1.292100012302398682e+00 5.837499936033011851e-03 1.321796318938307812e-04
1.306699991226196289e+00 5.718111382047468862e-03 1.257956837265132024e-04
1.321300029754638672e+00 5.488304948173455822e-03 1.283752232099768316e-04
1.335900008678436279e+00 5.515798186031064393e-03 1.269519817627266550e-04
1.350499987602233887e+00 5.755857520595401497e-03 1.262661791196940529e-04
1.365100026130676270e+00 5.505072324474897215e-03 1.278209412342652576e-04
1.379700005054473877e+00 5.356874631088126386e-03 1.243301712636386033e-04
1.394299983978271484e+00 5.581465793047320385e-03 1.240258833818122183e-04
1.408900022506713867e+00 5.679753995985493790e-03 1.278830180196404624e-04
1.423500001430511475e+00 5.695265946946227731e-03 1.243579592120173396e-04
1.438099980354309082e+00 5.742976189951848852e-03 1.237976912171971752e-04
1.452700018882751465e+00 5.416590730257054252e-03 1.238823430058281041e-04
1.467299997806549072e+00 5.343703738929185196e-03 1.226512070148008790e-04
1.481899976730346680e+00 5.072675258222129890e-03 1.186955068799450954e-04
1.496500015258789062e+00 5.014188768911678404e-03 1.183498451880913226e-04
1.511099994182586670e+00 4.862115229366137381e-03 1.181596487110595791e-04
1.525699973106384277e+00 4.469556884394510279e-03 1.165737292379903433e-04
1.540300011634826660e+00 4.412957910240098043e-03 1.173292337624545984e-04
1.554899990558624268e+00 4.114424080950545085e-03 1.129135079002238667e-04
1.569499969482421875e+00 4.326137277458994880e-03 1.136431619749213594e-04
1.584100008010864258e+00 4.052814668801091834e-03 1.137568488852111069e-04
1.598699986934661865e+00 3.880557795297038919e-03 1.165150927109819359e-04
1.613299965858459473e+00 3.765225718336821098e-03 1.208425092258667480e-04
1.627900004386901855e+00 3.880425345147269986e-03 1.159360757340989061e-04
1.642499983310699463e+00 3.660192810790813007e-03 1.166250471787637192e-04
1.657099962234497070e+00 3.826221050265727654e-03 1.126882822487527877e-04
1.671700000762939453e+00 4.061413926984536703e-03 1.088481731725702764e-04
1.686300039291381836e+00 3.865376402724322001e-03 1.085866620746812325e-04
1.700900018215179443e+00 3.697972858830537394e-03 1.102892151113967270e-04
1.715499997138977051e+00 3.804434230803553120e-03 1.138821712665139696e-04
1.730100035667419434e+00 3.723982882201181711e-03 1.085611910639407710e-04
1.744700014591217041e+00 3.875618935660305690e-03 1.059079267369494561e-04
1.759299993515014648e+00 3.908240251551779731e-03 1.041389410388983471e-04
1.773900032043457031e+00 3.732022764471043530e-03 1.008147948149630595e-04
1.788500010967254639e+00 3.701877092474735020e-03 9.840003903773646957e-05
1.803099989891052246e+00 3.636502877840356186e-03 9.904070196799873009e-05
1.817700028419494629e+00 3.773712847362440878e-03 9.625191728312807316e-05
1.832300007343292236e+00 3.696194435768512289e-03 9.526490785327480326e-05
1.846899986267089844e+00 3.486744984897503351e-03 9.712432241956932852e-05
1.861500024795532227e+00 3.692235942205142341e-03 9.770693044090149283e-05
1.876100003719329834e+00 3.734353854753408395e-03 1.001708424974199303e-04
1.890699982643127441e+00 3.580546676946489738e-03 1.053417405643368980e-04
1.905300021171569824e+00 3.922773164127750511e-03 1.062429152656804693e-04
1.919900000095367432e+00 3.956397745515086682e-03 1.086688672837682232e-04
1.934499979019165039e+00 3.956287918723918294e-03 1.089303701132537949e-04
1.949100017547607422e+00 3.976770261922600060e-03 1.078385480419938325e-04
1.963699996471405029e+00 3.592545002350388053e-03 1.050837713786660036e-04
1.978299975395202637e+00 3.528858210998958057e-03 1.060985883246953705e-04
1.992900013923645020e+00 3.176918972449979412e-03 1.051801847321343536e-04
2.007500052452087402e+00 2.956775087120480129e-03 1.075922758688267338e-04
2.022100090980529785e+00 3.131975871088963064e-03 1.069666331720512943e-04
2.036700010299682617e+00 2.679042532518875752e-03 1.103259091295368145e-04
2.051299929618835449e+00 2.617533356616925672e-03 1.146320494318674632e-04
2.065899968147277832e+00 2.800653121384529334e-03 1.176620990758105433e-04
2.080500006675720215e+00 2.700614432873138428e-03 1.199651572552352220e-04
2.095100045204162598e+00 2.523791034204504735e-03 1.198286695023271858e-04
2.109700083732604980e+00 2.540342760706942437e-03 1.267715258095036270e-04
2.124300003051757812e+00 2.590656213796193198e-03 1.290526939675465650e-04
2.138899922370910645e+00 2.406277939478000671e-03 1.333217725774168288e-04
2.153499960899353027e+00 2.371514012016151876e-03 1.336326286983938660e-04
2.168099999427795410e+00 2.646889858568253311e-03 1.356486291378947346e-04
2.182700037956237793e+00 2.387297126123394744e-03 1.373743779762993781e-04
2.197300076484680176e+00 2.492264905014149236e-03 1.268215154099898586e-04
2.211899995803833008e+00 2.496976298006588300e-03 1.306313037473777580e-04
2.226499915122985840e+00 2.512455952211693853e-03 1.300798996860600667e-04
2.241099953651428223e+00 2.364675894169825533e-03 1.262608004469790719e-04
2.255699992179870605e+00 2.277580786591262580e-03 1.270780145441356495e-04
2.270300030708312988e+00 2.451167081538534794e-03 1.301123416445309068e-04
2.284900069236755371e+00 2.411881301868569905e-03 1.209914842355873046e-04
2.299499988555908203e+00 2.299042541265938593e-03 1.166780706651757610e-04
2.314099907875061035e+00 2.595062640100434005e-03 1.179623094857280130e-04
2.328699946403503418e+00 2.370718118513120282e-03 1.169978730949335549e-04
2.343299984931945801e+00 2.296391191715135578e-03 1.171939132748047948e-04
2.357900023460388184e+00 2.387721248227880726e-03 1.138852627600205270e-04
2.372500061988830566e+00 2.411987491084013283e-03 1.189536308796824499e-04
2.387099981307983398e+00 2.364322016973988919e-03 1.143525686759419270e-04
2.401699900627136230e+00 2.332387553574962347e-03 1.099041522513507650e-04
2.416299939155578613e+00 2.325144411779859251e-03 1.076366585504646327e-04
2.430899977684020996e+00 2.154835515791313216e-03 1.059995467821809196e-04
2.445500016212463379e+00 2.172197533343930061e-03 1.074334915612034302e-04
2.460100054740905762e+00 2.148649642014863453e-03 1.133423934632218428e-04
2.474700093269348145e+00 2.355605904800249246e-03 1.110297682807678046e-04
2.489300012588500977e+00 2.005074133708565406e-03 1.109008850829658739e-04
2.503899931907653809e+00 2.182628369897594151e-03 1.134439791550951980e-04
2.518499970436096191e+00 2.268930896975304961e-03 1.149044359594451084e-04
2.533100008964538574e+00 2.367159965589288838e-03 1.127661578159749802e-04
2.547700047492980957e+00 2.211729660090064591e-03 1.130565603573314824e-04
2.562300086021423340e+00 2.397588315286164774e-03 1.090038119392002403e-04
2.576900005340576172e+00 2.158098938452123958e-03 1.161427698710036855e-04
2.591499924659729004e+00 2.045059378855898589e-03 1.076099661229455533e-04
2.606099963188171387e+00 1.866992310636477305e-03 1.076273312690530194e-04
2.620700001716613770e+00 1.749797430745698426e-03 1.070031694865897529e-04
2.635300040245056152e+00 1.765497281510197735e-03 1.034616022554614483e-04
2.649900078773498535e+00 1.739563946455296040e-03 1.020009011424338118e-04
2.664499998092651367e+00 1.876414019532268457e-03 9.512288761531719936e-05
2.679099917411804199e+00 1.772077060733681262e-03 9.825908321024626538e-05
2.693699955940246582e+00 1.666668903493823866e-03 1.043537965920538575e-04
2.708299994468688965e+00 1.497073995023139644e-03 1.018544786463445960e-04
2.722900032997131348e+00 1.764206615775322376e-03 9.784190771248425214e-05
2.737500071525573730e+00 1.473486971011980003e-03 1.015370324018939803e-04
2.752099990844726562e+00 1.628560197270894966e-03 9.487219262216360356e-05
2.766699910163879395e+00 1.504010267451433682e-03 9.300518383700194470e-05
2.781299948692321777e+00 1.463311129956893896e-03 1.014287129725144744e-04
2.795899987220764160e+00 1.422574554499466109e-03 9.828621735773924323e-05
2.810500025749206543e+00 1.523893971388623741e-03 1.025876220776769806e-04
2.825100064277648926e+00 1.420928453137004603e-03 9.218376675677346561e-05
2.839699983596801758e+00 1.368966655752193971e-03 9.482934035555688540e-05
2.854299902915954590e+00 1.535771794859466235e-03 9.308127562110269488e-05
2.868899941444396973e+00 1.488604885436708037e-03 8.601576038771138256e-05
2.883499979972839355e+00 1.458306120443790934e-03 9.416146678806003670e-05
2.898100018501281738e+00 1.474454614963942875e-03 9.168749222875979138e-05
2.912700057029724121e+00 1.374916018359355818e-03 9.573899531988682300e-05
2.927300095558166504e+00 1.546784644457305062e-03 8.838664455809303315e-05
2.941900014877319336e+00 1.351068540087725601e-03 8.979551164626221296e-05
2.956499934196472168e+00 1.416380764713219900e-03 9.397167382852592075e-05
2.971099972724914551e+00 1.278655834351483805e-03 9.523376704199213870e-05
2.985700011253356934e+00 1.418267925863870996e-03 8.814076424626290625e-05
3.000300049781799316e+00 1.461307036761072932e-03 8.860723183201372403e-05
3.014900088310241699e+00 1.486622103783959668e-03 8.741088540285711563e-05
3.029500007629394531e+00 1.324031996583048760e-03 9.192905262203812232e-05
3.044099926948547363e+00 1.438640816225936810e-03 9.403301111202636432e-05
3.058699965476989746e+00 1.398246189379426978e-03 9.660536135298108062e-05
3.073300004005432129e+00 1.241649091153472842e-03 8.919570034191339793e-05
3.087900042533874512e+00 1.322075053105909457e-03 8.891626379990111339e-05
3.102500081062316895e+00 1.418836460232434987e-03 8.311326132212022212e-05
3.117100000381469727e+00 1.286866422182946813e-03 9.250548637739075129e-05
3.131699919700622559e+00 1.173313836007874736e-03 8.475478472159076262e-05
3.146299958229064941e+00 1.307614302697062856e-03 8.610567480373626200e-05
3.160899996757507324e+00 1.216095229943850138e-03 8.984106534310796837e-05
3.175500035285949707e+00 1.364628246508964391e-03 8.267559729258764007e-05
3.190100073814392090e+00 1.147768559669828676e-03 9.240520266970479691e-05
3.204699993133544922e+00 1.151128495910518990e-03 9.500271623413559510e-05
3.219299912452697754e+00 1.293970241340208424e-03 9.159627435611636598e-05
3.233899950981140137e+00 1.201929399439848837e-03 8.599328807302364819e-05
3.248499989509582520e+00 1.239692157569876555e-03 8.566715881544575755e-05
3.263100028038024902e+00 1.222951823977733166e-03 8.667521963986867678e-05
3.277700066566467285e+00 1.074776634757826756e-03 8.646418382320270339e-05
3.292299985885620117e+00 1.117925462128698888e-03 8.759341316117967981e-05
3.306899905204772949e+00 9.910632385894324256e-04 8.559377318857354215e-05
3.321499943733215332e+00 1.143949260915263577e-03 8.046045260764298651e-05
3.336099982261657715e+00 9.963143067743842046e-04 8.178362276303378182e-05
3.350700020790100098e+00 1.031545754819614613e-03 8.501942382016893559e-05
3.365300059318542480e+00 1.096356158223137436e-03 8.301079335981899527e-05
3.379900097846984863e+00 1.106032839012765362e-03 7.465043484314292375e-05
3.394500017166137695e+00 1.129983779107757028e-03 7.887709344045849282e-05
3.409099936485290527e+00 1.117165482891447790e-03 7.935226382274347245e-05
3.423699975013732910e+00 9.633349505853997180e-04 8.134571271751039044e-05
3.438300013542175293e+00 1.020370001516787825e-03 8.070176762280033777e-05
3.452900052070617676e+00 1.009811653964080803e-03 7.594980245981550269e-05
3.467500090599060059e+00 9.293169403162800449e-04 7.918451785560208858e-05
3.482100009918212891e+00 9.056671393935575428e-04 7.571836745017096709e-05
3.496699929237365723e+00 9.169298116716638296e-04 8.034812858758723050e-05
3.511299967765808105e+00 9.741423861391762962e-04 7.973549827266960632e-05
3.525900006294250488e+00 9.427285040262186472e-04 8.210396310451948559e-05
3.540500044822692871e+00 9.096702330991451391e-04 8.158848891472361275e-05
3.555100083351135254e+00 9.671835843353459921e-04 7.733042853299678721e-05
3.569700002670288086e+00 8.303883428504818835e-04 8.176321475021507059e-05
3.584299921989440918e+00 9.728822159727348136e-04 8.450602779236020365e-05
3.598899960517883301e+00 1.055417182706917204e-03 7.634072810442229867e-05
3.613499999046325684e+00 9.001290373492268479e-04 7.688785126028202912e-05
3.628100037574768066e+00 1.053926192149182584e-03 7.548112470263074029e-05
3.642700076103210449e+00 9.683550158994643159e-04 7.565045096527740504e-05
3.657299995422363281e+00 8.412593236740062343e-04 7.963958698921796183e-05
3.671899914741516113e+00 8.660559458465020470e-04 7.400523765934955052e-05
3.686499953269958496e+00 8.822422234785554183e-04 8.171921779218549887e-05
3.701099991798400879e+00 8.966479427347722820e-04 7.835287352233708967e-05
3.715700030326843262e+00 8.063935276712520459e-04 7.385440213441971840e-05
3.730300068855285645e+00 9.133748924420498393e-04 7.864013410677462787e-05
3.744899988174438477e+00 1.054728596066896364e-03 7.399898226077714298e-05
3.759499907493591309e+00 9.390331102044567049e-04 7.760734622793040373e-05
3.774099946022033691e+00 8.604024505125808199e-04 7.714966152999090470e-05
3.788699984550476074e+00 9.168644569975534968e-04 7.806277776676382037e-05
3.803300023078918457e+00 8.572787968561619478e-04 7.482360101859102715e-05
3.817900061607360840e+00 8.714268050711697919e-04 7.506238731690284137e-05
3.832499980926513672e+00 8.809557690786959079e-04 7.522929755266037513e-05
3.847099900245666504e+00 8.382648020407341971e-04 7.295021828489185517e-05
3.861699938774108887e+00 8.727799813574184645e-04 7.592849335346311252e-05
3.876299977302551270e+00 8.111119993176089081e-04 6.829311212263436989e-05
3.890900015830993652e+00 7.528615137477383213e-04 7.238494784057130629e-05
3.905500054359436035e+00 8.050447645266913975e-04 6.993576150848687049e-05
3.920100092887878418e+00 8.219586702331116521e-04 7.108552091766063847e-05
3.934700012207031250e+00 7.777203996385711245e-04 7.033806111573882923e-05
3.949299931526184082e+00 6.474717117391879263e-04 7.390310711704558058e-05
3.963899970054626465e+00 6.938171714523382223e-04 7.703353207791337816e-05
3.978500008583068848e+00 8.282137588047045699e-04 7.048205132491150470e-05
3.993100047111511230e+00 7.178662413846339076e-04 6.767500873904641113e-05
4.007699966430664062e+00 7.841195965770636879e-04 7.315329815304730439e-05
4.022300004959106445e+00 7.387726957925195822e-04 6.990391211028931350e-05
4.036900043487548828e+00 8.128188362219306582e-04 7.208572027242727122e-05
4.051500082015991211e+00 7.394843848724721048e-04 6.913196987932004412e-05
4.066100120544433594e+00 7.050926253566259030e-04 7.832822986259133579e-05
4.080699920654296875e+00 5.455822773534493115e-04 7.260870067698592118e-05
4.095299959182739258e+00 5.724940830868516326e-04 7.393422348018455388e-05
4.109899997711181641e+00 6.449330495806705017e-04 6.760022798515195994e-05
4.124500036239624023e+00 8.305170686655261904e-04 6.041958896094084077e-05
4.139100074768066406e+00 6.864855233213077541e-04 6.759833175752574688e-05
4.153699874877929688e+00 5.982745100301001696e-04 7.305939482172866205e-05
4.168299913406372070e+00 6.965232010729777113e-04 6.974449842286050826e-05
4.182899951934814453e+00 6.755412145981497859e-04 6.280954981981348554e-05
4.197499990463256836e+00 5.176862288231605640e-04 8.067271243796696797e-05
4.212100028991699219e+00 7.335379649428755292e-04 6.513809046381852314e-05
4.226700067520141602e+00 6.445790505091240604e-04 7.012483553378795822e-05
4.241300106048583984e+00 5.770695263070936510e-04 7.080004441501257467e-05
4.255899906158447266e+00 7.270048268802673354e-04 6.223872421953377217e-05
4.270499944686889648e+00 6.329467431863051476e-04 7.290616498711707707e-05
4.285099983215332031e+00 6.011092357020360755e-04 6.890227589440253730e-05
4.299700021743774414e+00 5.674518932213836429e-04 7.114280776969105163e-05
4.314300060272216797e+00 6.242073194510510022e-04 7.141264734994692202e-05
4.328900098800659180e+00 6.733664434096067785e-04 6.485190337724020730e-05
4.343500137329101562e+00 5.797270214772577311e-04 6.812451611790569723e-05
4.358099937438964844e+00 6.527973389714270902e-04 6.573215007745511571e-05
4.372699975967407227e+00 6.335563905947781639e-04 6.845271163323613200e-05
4.387300014495849609e+00 6.078017057952100812e-04 6.807782731225154823e-05
4.401900053024291992e+00 5.111406048071455432e-04 7.292806036455253948e-05
4.416500091552734375e+00 6.435211040119472557e-04 6.053831211558828666e-05
4.431099891662597656e+00 6.564490915935105838e-04 7.030145037892054905e-05
4.445699930191040039e+00 5.592389567424377577e-04 6.347895774777512158e-05
4.460299968719482422e+00 5.925893941853756664e-04 6.845255931693800791e-05
4.474900007247924805e+00 6.259267218373715160e-04 6.725457233174052989e-05
4.489500045776367188e+00 6.275275766431076237e-04 7.235257515087393620e-05
4.504100084304809570e+00 5.032786905642356928e-04 6.921834767273245508e-05
4.518700122833251953e+00 5.982024299831503657e-04 6.714371436494969900e-05
4.533299922943115234e+00 5.249020424972980492e-04 7.283677103015150079e-05
4.547899961471557617e+00 6.503125514437976384e-04 6.952464165814746695e-05
4.562500000000000000e+00 6.281534969579083113e-04 6.504456910759000212e-05
4.577100038528442383e+00 4.435282178564980862e-04 7.582847610140151437e-05
4.591700077056884766e+00 5.290332589184374053e-04 7.094232389953578609e-05
4.606299877166748047e+00 5.159900748314784954e-04 7.191709038248729772e-05
4.620899915695190430e+00 5.427601095624387528e-04 6.519151534200875152e-05
4.635499954223632812e+00 5.335137641161300697e-04 6.957860977512992924e-05
4.650099992752075195e+00 6.367335854883771854e-04 6.636315410596735484e-05
4.664700031280517578e+00 4.902784287177261663e-04 6.912178136610990745e-05
4.679300069808959961e+00 6.332956996985541695e-04 6.665942080461451525e-05
4.693900108337402344e+00 5.428352657975635135e-04 7.471025018983484063e-05
4.708499908447265625e+00 5.418921192809874124e-04 6.858426597801584967e-05
4.723099946975708008e+00 4.548589408213830269e-04 7.454715944002570608e-05
4.737699985504150391e+00 5.310517553111287949e-04 7.101793730410828516e-05
4.752300024032592773e+00 5.406010098060944503e-04 7.034007554158738372e-05
4.766900062561035156e+00 4.948861214398714422e-04 6.366041782543204624e-05
4.781499862670898438e+00 5.279724257283691493e-04 6.827492238652796040e-05
4.796099901199340820e+00 5.460555256632599252e-04 6.772334533847343635e-05
4.810699939727783203e+00 4.461976210139360324e-04 6.706965411791848566e-05
4.825299978256225586e+00 3.859783111203922358e-04 7.306069450262586815e-05
4.839900016784667969e+00 5.376286777724752523e-04 6.178879049161995515e-05
4.854500055313110352e+00 5.029882820983934757e-04 7.148171781631229235e-05
4.869100093841552734e+00 4.290695464475723260e-04 7.258287101100644768e-05
4.883699893951416016e+00 5.239952956150329679e-04 6.494479300674453322e-05
4.898299932479858398e+00 4.345334335320694781e-04 7.666159764571475385e-05
4.912899971008300781e+00 4.322935135840897964e-04 7.354488980083923749e-05
4.927500009536743164e+00 5.147733744047358921e-04 6.550836951114312945e-05
4.942100048065185547e+00 4.290951696318931648e-04 6.922722356913826587e-05
4.956700086593627930e+00 5.164353150385497023e-04 6.323978402137854927e-05
4.971300125122070312e+00 4.496194808503648486e-04 7.408473227883499940e-05
4.985899925231933594e+00 4.966605540901229644e-04 6.480475325121574004e-05
5.000499963760375977e+00 3.958307545474369117e-04 6.415722385639829157e-05
5.015100002288818359e+00 4.795712214143772636e-04 7.450658737074430872e-05
5.029700040817260742e+00 4.707738428376857256e-04 6.798651432078939045e-05
5.044300079345703125e+00 4.336477455291691107e-04 7.799289090141838757e-05
5.058899879455566406e+00 3.522932876825112187e-04 7.418699559603317089e-05
5.073499917984008789e+00 5.119718830944835607e-04 7.131213208834104918e-05
5.088099956512451172e+00 4.769685777169372005e-04 6.485579990788331367e-05
5.102699995040893555e+00 5.066666617126701355e-04 7.331554044629360538e-05
5.117300033569335938e+00 4.891694031468596642e-04 7.469691808189363451e-05
5.131900072097778320e+00 4.529129337554653402e-04 6.686977400400979661e-05
5.146500110626220703e+00 4.833721717336186786e-04 6.796643989601278363e-05
5.161099910736083984e+00 3.528795696592786860e-04 7.846198461797579534e-05
5.175699949264526367e+00 5.536006314720024130e-04 6.710244775843850348e-05
5.190299987792968750e+00 4.049894250164126023e-04 7.489986758076652143e-05
5.204900026321411133e+00 3.998261135889842914e-04 7.943957654512939694e-05
5.219500064849853516e+00 4.354457583884408759e-04 7.641836122852316694e-05
5.234099864959716797e+00 3.605805896636469512e-04 7.954439131424317119e-05
5.248699903488159180e+00 4.475813467015824377e-04 6.797245189605707915e-05
5.263299942016601562e+00 3.601610108106618373e-04 7.458982267410838821e-05
5.277899980545043945e+00 3.574670417809820873e-04 7.809549873213961527e-05
5.292500019073486328e+00 4.237087545904737271e-04 7.542800502916807812e-05
5.307100057601928711e+00 4.171065540737092640e-04 6.695367017414295403e-05
5.321700096130371094e+00 4.472934407789176258e-04 7.002847673723610136e-05
5.336299896240234375e+00 3.532471114413321292e-04 7.684607576274437440e-05
5.350899934768676758e+00 3.718265990621989498e-04 8.403866685010700523e-05
5.365499973297119141e+00 4.230631914280641535e-04 7.949455324546038446e-05
5.380100011825561523e+00 5.176879730095135289e-04 6.971760408727367621e-05
5.394700050354003906e+00 4.827888876529681642e-04 7.682476321176803075e-05
5.409300088882446289e+00 5.373026218535185755e-04 7.499163847283094801e-05
5.423900127410888672e+00 4.354571884929306163e-04 8.022605347061213463e-05
5.438499927520751953e+00 4.952486380156585332e-04 8.215448359747569006e-05
5.453099966049194336e+00 3.930522672511398011e-04 8.205492620820146804e-05
5.467700004577636719e+00 4.494482285223629493e-04 7.262482403513964492e-05
5.482300043106079102e+00 4.706593652117212786e-04 8.322761941748592547e-05
5.496900081634521484e+00 4.862285349914498571e-04 7.660077899480852430e-05
5.511499881744384766e+00 5.714304136654273746e-04 8.120219461235864415e-05
5.526099920272827148e+00 4.590180107412246435e-04 8.282623077671443900e-05
5.540699958801269531e+00 3.410729399576555368e-04 8.430609566357276873e-05
5.555299997329711914e+00 3.256617121613529313e-04 8.638253561241402724e-05
5.569900035858154297e+00 5.404114121940670461e-04 8.258367365228295542e-05
5.584500074386596680e+00 4.261408543112906919e-04 8.995601481352176476e-05
5.599100112915039062e+00 3.928211738079107301e-04 8.407940891294985277e-05
5.613699913024902344e+00 4.526417971943210729e-04 8.204162343651428256e-05
5.628299951553344727e+00 4.398647839694823109e-04 8.008517557652420217e-05
5.642899990081787109e+00 5.172359525253499403e-04 8.038975174898621372e-05
5.657500028610229492e+00 4.479941159934109013e-04 8.569345155292620256e-05
5.672100067138671875e+00 4.978616168122839162e-04 8.317124493483815239e-05
5.686699867248535156e+00 4.098511549171968854e-04 8.367140270972062458e-05
5.701299905776977539e+00 3.772490772938158444e-04 8.562147084374945928e-05
5.715899944305419922e+00 5.291247878165952290e-04 8.329192298589412058e-05
5.730499982833862305e+00 3.714989437248566702e-04 8.886165951979613155e-05
5.745100021362304688e+00 4.951355786215952534e-04 8.097686003178400783e-05
5.759700059890747070e+00 5.376840399438490882e-04 7.136360543207227475e-05
5.774300098419189453e+00 4.846716169600268445e-04 9.130735056003955934e-05
5.788899898529052734e+00 3.736222502950877649e-04 8.906765999850114297e-05
5.803499937057495117e+00 3.872906233496363807e-04 9.668481252476097249e-05
5.818099975585937500e+00 3.964881031010645943e-04 9.085508610639342862e-05
5.832700014114379883e+00 3.186674668864410923e-04 9.413784976293223096e-05
5.847300052642822266e+00 3.343151031288575182e-04 9.521071285637926380e-05
5.861900091171264648e+00 3.890636639685550891e-04 9.495115123736633234e-05
5.876500129699707031e+00 4.845413787932246054e-04 9.563969199097218385e-05
5.891099929809570312e+00 4.902194037499799182e-04 8.885837935227110815e-05
5.905699968338012695e+00 3.873147699820793832e-04 9.190358095620586244e-05
5.920300006866455078e+00 3.171778228454920768e-04 1.027981647675884084e-04
5.934900045394897461e+00 5.358681158631879672e-04 8.317760935688051289e-05
5.949500083923339844e+00 4.650116909532774328e-04 9.328112481287455747e-05
5.964099884033203125e+00 3.599943215974866335e-04 8.523358913883719056e-05
5.978699922561645508e+00 3.493929192846808402e-04 1.019448394423285809e-04
5.993299961090087891e+00 2.933080659346005438e-04 1.084991694102303161e-04
6.007899999618530273e+00 2.488233242432501009e-04 1.105770322076027231e-04
6.022500038146972656e+00 4.480698887650774254e-04 8.715899524803716260e-05
6.037100076675415039e+00 4.970859938766984719e-04 9.532518511412940124e-05
6.051700115203857422e+00 4.188567464304708749e-04 9.674035434670951188e-05
6.066299915313720703e+00 2.461739383234882203e-04 1.115298576990864457e-04
6.080899953842163086e+00 2.870377296687049297e-04 1.109130876428733462e-04
6.095499992370605469e+00 4.514300523178517172e-04 9.028168776866867537e-05
6.110100030899047852e+00 2.672066264852220193e-04 1.145630509051545024e-04
6.124700069427490234e+00 2.612852970247439284e-04 1.073747649955121195e-04
6.139299869537353516e+00 4.150174884895211865e-04 1.065499449770757962e-04
6.153899908065795898e+00 3.079128018952557934e-04 9.832494265267453511e-05
6.168499946594238281e+00 3.666774051584209050e-04 9.751126570015813239e-05
6.183099985122680664e+00 3.663636289201655416e-04 1.045744487447473534e-04
6.197700023651123047e+00 2.347476935139802866e-04 1.107152802164997703e-04
6.212300062179565430e+00 4.780632675452349154e-04 1.060744835400340234e-04
6.226900100708007812e+00 1.877901094055226081e-04 1.196404194499283493e-04
6.241499900817871094e+00 3.381753335424379390e-04 1.160050032845663968e-04
6.256099939346313477e+00 3.475640114209049879e-04 1.200202780925173633e-04
6.270699977874755859e+00 3.245246385905554607e-04 1.082669174629334754e-04
6.285300016403198242e+00 3.967306822217105794e-04 1.008298866367218527e-04
6.299900054931640625e+00 4.417127518792991932e-04 1.100084818182256110e-04
6.314500093460083008e+00 3.659623141240915967e-04 1.245571368764293466e-04
6.329100131988525391e+00 5.472379365864646393e-04 1.147417691303289836e-04
6.343699932098388672e+00 4.725137644812476005e-04 1.169806014108683935e-04
6.358299970626831055e+00 8.185425751370210270e-04 1.204427909916138117e-04
6.372900009155273438e+00 1.039289423137578459e-03 1.129291926102109455e-04
6.387500047683715820e+00 7.369812292798412576e-04 1.329825321578752696e-04
6.402100086212158203e+00 7.927226791829797585e-04 1.383396168245062583e-04
6.416699886322021484e+00 1.076013262735180196e-03 1.400819680681326170e-04
6.431299924850463867e+00 1.068254843338901135e-03 1.410334388033858692e-04
6.445899963378906250e+00 1.116146099135905149e-03 1.433237389336906810e-04
6.460500001907348633e+00 1.177309130787093259e-03 1.459175272063731679e-04
6.475100040435791016e+00 9.845865938636259949e-04 1.656191087210636878e-04
6.489700078964233398e+00 8.577323399047348312e-04 1.561807864885658280e-04
6.504300117492675781e+00 1.225822199192079607e-03 1.475705007490143278e-04
6.518899917602539062e+00 1.008755348465929357e-03 1.534065485764495940e-04
6.533499956130981445e+00 1.247332903917462016e-03 1.364714230638820107e-04
6.548099994659423828e+00 6.053887506504717925e-04 1.625593068087900165e-04
6.562700033187866211e+00 7.725357081728783867e-04 1.299817760794538899e-04
6.577300071716308594e+00 5.252418676365403806e-04 1.509729230218452936e-04
6.591899871826171875e+00 7.685179308496617023e-04 1.321855232958960046e-04
6.606499910354614258e+00 4.700984393772814768e-04 1.595208620280201095e-04
6.621099948883056641e+00 6.305332888571924671e-04 1.261006200630070996e-04
6.635699987411499023e+00 4.459853530571703927e-04 1.438196780699843840e-04
6.650300025939941406e+00 4.009451672040179287e-04 1.440917458512974713e-04
6.664900064468383789e+00 5.957268113419500943e-04 1.335559146592233521e-04
6.679500102996826172e+00 5.780456244900175448e-04 1.242690339086936280e-04
6.694099903106689453e+00 6.656081679240434187e-04 1.516956973292108444e-04
6.708699941635131836e+00 6.228475269135122202e-04 1.334523051323879665e-04
6.723299980163574219e+00 6.342893922089595489e-04 1.495810417611272744e-04
6.737900018692016602e+00 6.278655868992314912e-04 1.554411733196713096e-04
6.752500057220458984e+00 7.962487024051931967e-04 1.258704878973971924e-04
6.767100095748901367e+00 6.565687749169864338e-04 1.222338171968786818e-04
6.781700134277343750e+00 5.432080831186841298e-04 1.433956906753862599e-04
6.796299934387207031e+00 4.351682285545109205e-04 1.617402024557426069e-04
6.810899972915649414e+00 6.697662566446350389e-04 1.450016011957700769e-04
6.825500011444091797e+00 4.979325050636072315e-04 1.468493081855002074e-04
6.840100049972534180e+00 6.546116051878434535e-04 1.532589762387534668e-04
6.854700088500976562e+00 6.426759746294216516e-04 1.427964440076034361e-04
6.869299888610839844e+00 5.634099945336441990e-04 1.350074013778080825e-04
6.883899927139282227e+00 3.646395024157947210e-04 1.713445318056568080e-04
6.898499965667724609e+00 3.340837365431697636e-04 1.725137647122392578e-04
6.913100004196166992e+00 5.649110611414126515e-04 1.649571189718221397e-04
6.927700042724609375e+00 5.139955917153370482e-04 1.817262003230590861e-04
6.942300081253051758e+00 5.463746921062605103e-04 1.794892312549444360e-04
6.956900119781494141e+00 5.761615087730964082e-04 1.650385631682417238e-04
6.971499919891357422e+00 6.100830978431445901e-04 1.615599722233242565e-04
6.986099958419799805e+00 5.412903322533242894e-04 1.913764182757438667e-04
#7.000699996948242188e+00 0.000000000000000000e+00 0.000000000000000000e+00
#BEGIN SOURCE MODEL
7.004999999999999893e+00 2.544620000000000042e-04 0.000000000000000000e+00
7.014999999999999680e+00 2.537269999999999782e-04 0.000000000000000000e+00
7.025000000000000355e+00 2.529949999999999994e-04 0.000000000000000000e+00
7.035000000000000142e+00 2.522660000000000137e-04 0.000000000000000000e+00
7.044999999999999929e+00 2.515400000000000210e-04 0.000000000000000000e+00
7.054999999999999716e+00 2.508170000000000213e-04 0.000000000000000000e+00
7.064999999999999503e+00 2.500970000000000146e-04 0.000000000000000000e+00
7.075000000000000178e+00 2.493800000000000010e-04 0.000000000000000000e+00
7.084999999999999964e+00 2.486669999999999961e-04 0.000000000000000000e+00
7.094999999999999751e+00 2.479560000000000227e-04 0.000000000000000000e+00
7.105000000000000426e+00 2.472490000000000039e-04 0.000000000000000000e+00
7.115000000000000213e+00 2.461210000000000242e-04 0.000000000000000000e+00
7.125000000000000000e+00 2.452800000000000097e-04 0.000000000000000000e+00
7.134999999999999787e+00 2.445850000000000172e-04 0.000000000000000000e+00
7.144999999999999574e+00 2.438929999999999907e-04 0.000000000000000000e+00
7.155000000000000249e+00 2.432029999999999956e-04 0.000000000000000000e+00
7.165000000000000036e+00 2.425170000000000093e-04 0.000000000000000000e+00
7.174999999999999822e+00 2.418330000000000002e-04 0.000000000000000000e+00
7.185000000000000497e+00 2.411530000000000000e-04 0.000000000000000000e+00
7.195000000000000284e+00 2.404750000000000041e-04 0.000000000000000000e+00
7.205000000000000071e+00 2.398000000000000012e-04 0.000000000000000000e+00
7.214999999999999858e+00 2.391279999999999914e-04 0.000000000000000000e+00
7.224999999999999645e+00 2.384580000000000131e-04 0.000000000000000000e+00
7.235000000000000320e+00 2.377919999999999893e-04 0.000000000000000000e+00
7.245000000000000107e+00 2.371279999999999970e-04 0.000000000000000000e+00
7.254999999999999893e+00 2.364669999999999977e-04 0.000000000000000000e+00
7.264999999999999680e+00 2.358089999999999915e-04 0.000000000000000000e+00
7.275000000000000355e+00 2.351529999999999896e-04 0.000000000000000000e+00
7.285000000000000142e+00 2.345000000000000079e-04 0.000000000000000000e+00
7.294999999999999929e+00 2.338499999999999921e-04 0.000000000000000000e+00
7.304999999999999716e+00 2.332020000000000078e-04 0.000000000000000000e+00
7.314999999999999503e+00 2.325580000000000052e-04 0.000000000000000000e+00
7.325000000000000178e+00 2.319149999999999912e-04 0.000000000000000000e+00
7.334999999999999964e+00 2.312760000000000130e-04 0.000000000000000000e+00
7.344999999999999751e+00 2.306390000000000122e-04 0.000000000000000000e+00
7.355000000000000426e+00 2.300039999999999886e-04 0.000000000000000000e+00
7.365000000000000213e+00 2.293730000000000009e-04 0.000000000000000000e+00
7.375000000000000000e+00 2.287430000000000019e-04 0.000000000000000000e+00
7.384999999999999787e+00 2.281170000000000116e-04 0.000000000000000000e+00
7.394999999999999574e+00 2.274929999999999986e-04 0.000000000000000000e+00
7.405000000000000249e+00 2.268709999999999900e-04 0.000000000000000000e+00
7.415000000000000036e+00 2.262520000000000015e-04 0.000000000000000000e+00
7.424999999999999822e+00 2.256360000000000060e-04 0.000000000000000000e+00
7.435000000000000497e+00 2.250219999999999879e-04 0.000000000000000000e+00
7.445000000000000284e+00 2.244100000000000012e-04 0.000000000000000000e+00
7.455000000000000071e+00 2.238010000000000075e-04 0.000000000000000000e+00
7.464999999999999858e+00 2.231950000000000069e-04 0.000000000000000000e+00
7.474999999999999645e+00 2.225899999999999949e-04 0.000000000000000000e+00
7.485000000000000320e+00 2.219889999999999917e-04 0.000000000000000000e+00
7.495000000000000107e+00 2.213890000000000042e-04 0.000000000000000000e+00
7.504999999999999893e+00 2.207929999999999984e-04 0.000000000000000000e+00
7.514999999999999680e+00 2.201980000000000083e-04 0.000000000000000000e+00
7.525000000000000355e+00 2.196060000000000113e-04 0.000000000000000000e+00
7.535000000000000142e+00 2.190159999999999915e-04 0.000000000000000000e+00
7.544999999999999929e+00 2.184289999999999919e-04 0.000000000000000000e+00
7.554999999999999716e+00 2.178439999999999966e-04 0.000000000000000000e+00
7.564999999999999503e+00 2.172610000000000058e-04 0.000000000000000000e+00
7.575000000000000178e+00 2.166810000000000079e-04 0.000000000000000000e+00
7.584999999999999964e+00 2.161019999999999987e-04 0.000000000000000000e+00
7.594999999999999751e+00 2.155269999999999983e-04 0.000000000000000000e+00
7.605000000000000426e+00 2.149529999999999865e-04 0.000000000000000000e+00
7.615000000000000213e+00 2.143819999999999949e-04 0.000000000000000000e+00
7.625000000000000000e+00 2.138130000000000076e-04 0.000000000000000000e+00
7.634999999999999787e+00 2.132459999999999976e-04 0.000000000000000000e+00
7.644999999999999574e+00 2.126809999999999920e-04 0.000000000000000000e+00
7.655000000000000249e+00 2.121190000000000065e-04 0.000000000000000000e+00
7.665000000000000036e+00 2.115589999999999984e-04 0.000000000000000000e+00
7.674999999999999822e+00 2.110009999999999946e-04 0.000000000000000000e+00
7.685000000000000497e+00 2.104449999999999951e-04 0.000000000000000000e+00
7.695000000000000284e+00 2.098919999999999887e-04 0.000000000000000000e+00
7.705000000000000071e+00 2.093399999999999981e-04 0.000000000000000000e+00
7.714999999999999858e+00 2.087900000000000118e-04 0.000000000000000000e+00
7.724999999999999645e+00 2.082429999999999915e-04 0.000000000000000000e+00
7.735000000000000320e+00 2.076980000000000026e-04 0.000000000000000000e+00
7.745000000000000107e+00 2.071549999999999911e-04 0.000000000000000000e+00
7.754999999999999893e+00 2.066149999999999996e-04 0.000000000000000000e+00
7.764999999999999680e+00 2.060759999999999968e-04 0.000000000000000000e+00
7.775000000000000355e+00 2.055399999999999870e-04 0.000000000000000000e+00
7.785000000000000142e+00 2.050049999999999930e-04 0.000000000000000000e+00
7.794999999999999929e+00 2.044729999999999920e-04 0.000000000000000000e+00
7.804999999999999716e+00 2.039420000000000067e-04 0.000000000000000000e+00
7.814999999999999503e+00 2.034139999999999874e-04 0.000000000000000000e+00
7.825000000000000178e+00 2.028879999999999996e-04 0.000000000000000000e+00
7.834999999999999964e+00 2.023630000000000003e-04 0.000000000000000000e+00
7.844999999999999751e+00 2.018409999999999942e-04 0.000000000000000000e+00
7.855000000000000426e+00 2.013209999999999924e-04 0.000000000000000000e+00
7.865000000000000213e+00 2.008029999999999950e-04 0.000000000000000000e+00
7.875000000000000000e+00 2.002860000000000133e-04 0.000000000000000000e+00
7.884999999999999787e+00 1.997719999999999975e-04 0.000000000000000000e+00
7.894999999999999574e+00 1.992600000000000133e-04 0.000000000000000000e+00
7.905000000000000249e+00 1.987489999999999906e-04 0.000000000000000000e+00
7.915000000000000036e+00 1.982409999999999880e-04 0.000000000000000000e+00
7.924999999999999822e+00 1.977349999999999898e-04 0.000000000000000000e+00
7.935000000000000497e+00 1.972300000000000073e-04 0.000000000000000000e+00
7.945000000000000284e+00 1.967270000000000021e-04 0.000000000000000000e+00
7.955000000000000071e+00 1.962269999999999900e-04 0.000000000000000000e+00
7.964999999999999858e+00 1.957279999999999936e-04 0.000000000000000000e+00
7.974999999999999645e+00 1.952310000000000015e-04 0.000000000000000000e+00
7.985000000000000320e+00 1.947359999999999868e-04 0.000000000000000000e+00
7.995000000000000107e+00 1.942419999999999878e-04 0.000000000000000000e+00
8.004999999999999005e+00 1.937510000000000089e-04 0.000000000000000000e+00
8.015000000000000568e+00 1.932609999999999916e-04 0.000000000000000000e+00
8.024999999999998579e+00 1.927739999999999944e-04 0.000000000000000000e+00
8.035000000000000142e+00 1.922880000000000129e-04 0.000000000000000000e+00
8.044999999999999929e+00 1.918040000000000088e-04 0.000000000000000000e+00
8.054999999999999716e+00 1.913220000000000090e-04 0.000000000000000000e+00
8.065000000000001279e+00 1.908409999999999978e-04 0.000000000000000000e+00
8.074999999999999289e+00 1.903630000000000068e-04 0.000000000000000000e+00
8.085000000000000853e+00 1.898860000000000044e-04 0.000000000000000000e+00
8.094999999999998863e+00 1.894110000000000064e-04 0.000000000000000000e+00
8.105000000000000426e+00 1.889369999999999971e-04 0.000000000000000000e+00
8.114999999999998437e+00 1.884660000000000079e-04 0.000000000000000000e+00
8.125000000000000000e+00 1.879960000000000073e-04 0.000000000000000000e+00
8.135000000000001563e+00 1.875280000000000111e-04 0.000000000000000000e+00
8.144999999999999574e+00 1.870619999999999922e-04 0.000000000000000000e+00
8.155000000000001137e+00 1.865969999999999890e-04 0.000000000000000000e+00
8.164999999999999147e+00 1.861339999999999902e-04 0.000000000000000000e+00
8.175000000000000711e+00 1.856729999999999958e-04 0.000000000000000000e+00
8.184999999999998721e+00 1.852140000000000058e-04 0.000000000000000000e+00
8.195000000000000284e+00 1.847560000000000044e-04 0.000000000000000000e+00
8.205000000000000071e+00 1.843000000000000074e-04 0.000000000000000000e+00
8.214999999999999858e+00 1.838449999999999991e-04 0.000000000000000000e+00
8.225000000000001421e+00 1.833919999999999951e-04 0.000000000000000000e+00
8.234999999999999432e+00 1.829409999999999955e-04 0.000000000000000000e+00
8.245000000000000995e+00 1.824920000000000004e-04 0.000000000000000000e+00
8.254999999999999005e+00 1.820439999999999938e-04 0.000000000000000000e+00
8.265000000000000568e+00 1.815979999999999916e-04 0.000000000000000000e+00
8.274999999999998579e+00 1.811530000000000052e-04 0.000000000000000000e+00
8.285000000000000142e+00 1.807099999999999961e-04 0.000000000000000000e+00
8.294999999999999929e+00 1.802689999999999913e-04 0.000000000000000000e+00
8.304999999999999716e+00 1.798290000000000023e-04 0.000000000000000000e+00
8.315000000000001279e+00 1.793909999999999906e-04 0.000000000000000000e+00
8.324999999999999289e+00 1.789550000000000103e-04 0.000000000000000000e+00
8.335000000000000853e+00 1.785110000000000125e-04 0.000000000000000000e+00
8.344999999999998863e+00 1.780730000000000008e-04 0.000000000000000000e+00
8.355000000000000426e+00 1.776410000000000022e-04 0.000000000000000000e+00
8.364999999999998437e+00 1.772110000000000081e-04 0.000000000000000000e+00
8.375000000000000000e+00 1.767829999999999911e-04 0.000000000000000000e+00
8.385000000000001563e+00 1.763550000000000013e-04 0.000000000000000000e+00
8.394999999999999574e+00 1.759300000000000046e-04 0.000000000000000000e+00
8.405000000000001137e+00 1.755059999999999964e-04 0.000000000000000000e+00
8.414999999999999147e+00 1.750830000000000040e-04 0.000000000000000000e+00
8.425000000000000711e+00 1.746619999999999889e-04 0.000000000000000000e+00
8.434999999999998721e+00 1.742430000000000053e-04 0.000000000000000000e+00
8.445000000000000284e+00 1.738250000000000103e-04 0.000000000000000000e+00
8.455000000000000071e+00 1.734080000000000040e-04 0.000000000000000000e+00
8.464999999999999858e+00 1.729930000000000020e-04 0.000000000000000000e+00
8.475000000000001421e+00 1.725800000000000045e-04 0.000000000000000000e+00
8.484999999999999432e+00 1.721670000000000069e-04 0.000000000000000000e+00
8.495000000000000995e+00 1.717570000000000023e-04 0.000000000000000000e+00
8.504999999999999005e+00 1.713480000000000135e-04 0.000000000000000000e+00
8.515000000000000568e+00 1.709400000000000134e-04 0.000000000000000000e+00
8.524999999999998579e+00 1.705339999999999905e-04 0.000000000000000000e+00
8.535000000000000142e+00 1.701290000000000105e-04 0.000000000000000000e+00
8.544999999999999929e+00 1.697249999999999920e-04 0.000000000000000000e+00
8.554999999999999716e+00 1.693230000000000050e-04 0.000000000000000000e+00
8.565000000000001279e+00 1.689229999999999952e-04 0.000000000000000000e+00
8.574999999999999289e+00 1.685240000000000013e-04 0.000000000000000000e+00
8.585000000000000853e+00 1.681259999999999959e-04 0.000000000000000000e+00
8.594999999999998863e+00 1.677299999999999950e-04 0.000000000000000000e+00
8.605000000000000426e+00 1.673350000000000098e-04 0.000000000000000000e+00
8.614999999999998437e+00 1.669410000000000132e-04 0.000000000000000000e+00
8.625000000000000000e+00 1.665489999999999939e-04 0.000000000000000000e+00
8.635000000000001563e+00 1.661579999999999904e-04 0.000000000000000000e+00
8.644999999999999574e+00 1.657680000000000026e-04 0.000000000000000000e+00
8.655000000000001137e+00 1.653799999999999921e-04 0.000000000000000000e+00
8.664999999999999147e+00 1.649929999999999973e-04 0.000000000000000000e+00
8.675000000000000711e+00 1.646080000000000069e-04 0.000000000000000000e+00
8.684999999999998721e+00 1.642240000000000052e-04 0.000000000000000000e+00
8.695000000000000284e+00 1.638409999999999921e-04 0.000000000000000000e+00
8.705000000000000071e+00 1.634600000000000105e-04 0.000000000000000000e+00
8.714999999999999858e+00 1.630799999999999904e-04 0.000000000000000000e+00
8.725000000000001421e+00 1.627010000000000131e-04 0.000000000000000000e+00
8.734999999999999432e+00 1.623229999999999975e-04 0.000000000000000000e+00
8.745000000000000995e+00 1.619470000000000133e-04 0.000000000000000000e+00
8.754999999999999005e+00 1.615719999999999906e-04 0.000000000000000000e+00
8.765000000000000568e+00 1.611989999999999994e-04 0.000000000000000000e+00
8.774999999999998579e+00 1.608260000000000082e-04 0.000000000000000000e+00
8.785000000000000142e+00 1.604549999999999943e-04 0.000000000000000000e+00
8.794999999999999929e+00 1.600860000000000119e-04 0.000000000000000000e+00
8.804999999999999716e+00 1.597170000000000024e-04 0.000000000000000000e+00
8.815000000000001279e+00 1.593499999999999973e-04 0.000000000000000000e+00
8.824999999999999289e+00 1.589840000000000079e-04 0.000000000000000000e+00
8.835000000000000853e+00 1.586190000000000072e-04 0.000000000000000000e+00
8.844999999999998863e+00 1.582560000000000108e-04 0.000000000000000000e+00
8.855000000000000426e+00 1.578929999999999874e-04 0.000000000000000000e+00
8.864999999999998437e+00 1.575319999999999954e-04 0.000000000000000000e+00
8.875000000000000000e+00 1.571730000000000078e-04 0.000000000000000000e+00
8.885000000000001563e+00 1.568139999999999931e-04 0.000000000000000000e+00
8.894999999999999574e+00 1.564570000000000099e-04 0.000000000000000000e+00
8.905000000000001137e+00 1.561009999999999882e-04 0.000000000000000000e+00
8.914999999999999147e+00 1.557460000000000094e-04 0.000000000000000000e+00
8.925000000000000711e+00 1.553919999999999922e-04 0.000000000000000000e+00
8.934999999999998721e+00 1.550389999999999906e-04 0.000000000000000000e+00
8.945000000000000284e+00 1.546879999999999935e-04 0.000000000000000000e+00
8.955000000000000071e+00 1.543380000000000121e-04 0.000000000000000000e+00
8.964999999999999858e+00 1.539889999999999922e-04 0.000000000000000000e+00
8.975000000000001421e+00 1.536409999999999881e-04 0.000000000000000000e+00
8.984999999999999432e+00 1.532939999999999997e-04 0.000000000000000000e+00
8.995000000000000995e+00 1.529489999999999886e-04 0.000000000000000000e+00
9.004999999999999005e+00 1.526049999999999933e-04 0.000000000000000000e+00
9.015000000000000568e+00 1.522609999999999979e-04 0.000000000000000000e+00
9.024999999999998579e+00 1.519190000000000069e-04 0.000000000000000000e+00
9.035000000000000142e+00 1.515789999999999933e-04 0.000000000000000000e+00
9.044999999999999929e+00 1.512390000000000067e-04 0.000000000000000000e+00
9.054999999999999716e+00 1.509000000000000087e-04 0.000000000000000000e+00
9.065000000000001279e+00 1.505629999999999881e-04 0.000000000000000000e+00
9.074999999999999289e+00 1.502259999999999945e-04 0.000000000000000000e+00
9.085000000000000853e+00 1.498910000000000054e-04 0.000000000000000000e+00
9.094999999999998863e+00 1.495570000000000048e-04 0.000000000000000000e+00
9.105000000000000426e+00 1.492239999999999929e-04 0.000000000000000000e+00
9.114999999999998437e+00 1.488919999999999968e-04 0.000000000000000000e+00
9.125000000000000000e+00 1.485609999999999893e-04 0.000000000000000000e+00
9.135000000000001563e+00 1.482320000000000133e-04 0.000000000000000000e+00
9.144999999999999574e+00 1.479030000000000102e-04 0.000000000000000000e+00
9.155000000000001137e+00 1.475749999999999957e-04 0.000000000000000000e+00
9.164999999999999147e+00 1.472490000000000127e-04 0.000000000000000000e+00
9.175000000000000711e+00 1.469230000000000026e-04 0.000000000000000000e+00
9.184999999999998721e+00 1.465989999999999969e-04 0.000000000000000000e+00
9.195000000000000284e+00 1.462760000000000069e-04 0.000000000000000000e+00
9.205000000000000071e+00 1.459540000000000056e-04 0.000000000000000000e+00
9.214999999999999858e+00 1.456329999999999929e-04 0.000000000000000000e+00
9.225000000000001421e+00 1.453120000000000073e-04 0.000000000000000000e+00
9.234999999999999432e+00 1.449929999999999991e-04 0.000000000000000000e+00
9.245000000000000995e+00 1.446750000000000065e-04 0.000000000000000000e+00
9.254999999999999005e+00 1.443580000000000026e-04 0.000000000000000000e+00
9.265000000000000568e+00 1.440419999999999873e-04 0.000000000000000000e+00
9.274999999999998579e+00 1.437280000000000035e-04 0.000000000000000000e+00
9.285000000000000142e+00 1.434139999999999927e-04 0.000000000000000000e+00
9.294999999999999929e+00 1.431009999999999975e-04 0.000000000000000000e+00
9.304999999999999716e+00 1.427889999999999910e-04 0.000000000000000000e+00
9.315000000000001279e+00 1.424780000000000003e-04 0.000000000000000000e+00
9.324999999999999289e+00 1.421679999999999981e-04 0.000000000000000000e+00
9.335000000000000853e+00 1.418590000000000118e-04 0.000000000000000000e+00
9.344999999999998863e+00 1.415520000000000027e-04 0.000000000000000000e+00
9.355000000000000426e+00 1.412449999999999936e-04 0.000000000000000000e+00
9.364999999999998437e+00 1.409390000000000003e-04 0.000000000000000000e+00
9.375000000000000000e+00 1.406339999999999956e-04 0.000000000000000000e+00
9.385000000000001563e+00 1.403300000000000066e-04 0.000000000000000000e+00
9.394999999999999574e+00 1.400270000000000063e-04 0.000000000000000000e+00
9.405000000000001137e+00 1.397249999999999946e-04 0.000000000000000000e+00
9.414999999999999147e+00 1.394239999999999987e-04 0.000000000000000000e+00
9.425000000000000711e+00 1.391239999999999914e-04 0.000000000000000000e+00
9.434999999999998721e+00 1.388249999999999998e-04 0.000000000000000000e+00
9.445000000000000284e+00 1.385269999999999969e-04 0.000000000000000000e+00
9.455000000000000071e+00 1.382300000000000098e-04 0.000000000000000000e+00
9.464999999999999858e+00 1.379340000000000112e-04 0.000000000000000000e+00
9.475000000000001421e+00 1.376390000000000014e-04 0.000000000000000000e+00
9.484999999999999432e+00 1.373439999999999915e-04 0.000000000000000000e+00
9.495000000000000995e+00 1.370510000000000131e-04 0.000000000000000000e+00
9.504999999999999005e+00 1.367589999999999962e-04 0.000000000000000000e+00
9.515000000000000568e+00 1.364670000000000065e-04 0.000000000000000000e+00
9.524999999999998579e+00 1.361769999999999940e-04 0.000000000000000000e+00
9.535000000000000142e+00 1.358870000000000086e-04 0.000000000000000000e+00
9.544999999999999929e+00 1.355980000000000119e-04 0.000000000000000000e+00
9.554999999999999716e+00 1.353100000000000038e-04 0.000000000000000000e+00
9.565000000000001279e+00 1.350230000000000115e-04 0.000000000000000000e+00
9.574999999999999289e+00 1.347370000000000078e-04 0.000000000000000000e+00
9.585000000000000853e+00 1.344519999999999927e-04 0.000000000000000000e+00
9.594999999999998863e+00 1.341679999999999934e-04 0.000000000000000000e+00
9.605000000000000426e+00 1.338850000000000099e-04 0.000000000000000000e+00
9.614999999999998437e+00 1.336019999999999992e-04 0.000000000000000000e+00
9.625000000000000000e+00 1.333209999999999929e-04 0.000000000000000000e+00
9.635000000000001563e+00 1.330399999999999866e-04 0.000000000000000000e+00
9.644999999999999574e+00 1.327599999999999961e-04 0.000000000000000000e+00
9.655000000000001137e+00 1.324809999999999942e-04 0.000000000000000000e+00
9.664999999999999147e+00 1.322030000000000080e-04 0.000000000000000000e+00
9.675000000000000711e+00 1.319260000000000105e-04 0.000000000000000000e+00
9.684999999999998721e+00 1.316500000000000016e-04 0.000000000000000000e+00
9.695000000000000284e+00 1.313750000000000085e-04 0.000000000000000000e+00
9.705000000000000071e+00 1.310999999999999882e-04 0.000000000000000000e+00
9.714999999999999858e+00 1.308260000000000109e-04 0.000000000000000000e+00
9.725000000000001421e+00 1.305529999999999950e-04 0.000000000000000000e+00
9.734999999999999432e+00 1.302809999999999949e-04 0.000000000000000000e+00
9.745000000000000995e+00 1.300100000000000105e-04 0.000000000000000000e+00
9.754999999999999005e+00 1.297399999999999877e-04 0.000000000000000000e+00
9.765000000000000568e+00 1.294699999999999920e-04 0.000000000000000000e+00
9.774999999999998579e+00 1.292020000000000007e-04 0.000000000000000000e+00
9.785000000000000142e+00 1.289340000000000093e-04 0.000000000000000000e+00
9.794999999999999929e+00 1.286670000000000066e-04 0.000000000000000000e+00
9.804999999999999716e+00 1.284009999999999926e-04 0.000000000000000000e+00
9.815000000000001279e+00 1.281350000000000056e-04 0.000000000000000000e+00
9.824999999999999289e+00 1.278709999999999960e-04 0.000000000000000000e+00
9.835000000000000853e+00 1.276070000000000134e-04 0.000000000000000000e+00
9.844999999999998863e+00 1.273439999999999924e-04 0.000000000000000000e+00
9.855000000000000426e+00 1.270819999999999871e-04 0.000000000000000000e+00
9.864999999999998437e+00 1.268200000000000089e-04 0.000000000000000000e+00
9.875000000000000000e+00 1.265600000000000080e-04 0.000000000000000000e+00
9.885000000000001563e+00 1.263000000000000071e-04 0.000000000000000000e+00
9.894999999999999574e+00 1.260409999999999948e-04 0.000000000000000000e+00
9.905000000000001137e+00 1.257829999999999983e-04 0.000000000000000000e+00
9.914999999999999147e+00 1.255259999999999905e-04 0.000000000000000000e+00
9.925000000000000711e+00 1.252690000000000097e-04 0.000000000000000000e+00
9.934999999999998721e+00 1.250129999999999904e-04 0.000000000000000000e+00
9.945000000000000284e+00 1.247579999999999870e-04 0.000000000000000000e+00
9.955000000000000071e+00 1.245039999999999992e-04 0.000000000000000000e+00
9.964999999999999858e+00 1.242510000000000001e-04 0.000000000000000000e+00
9.975000000000001421e+00 1.239980000000000010e-04 0.000000000000000000e+00
9.984999999999999432e+00 1.237459999999999906e-04 0.000000000000000000e+00
9.995000000000000995e+00 1.234949999999999958e-04 0.000000000000000000e+00
1.000499999999999901e+01 1.232440000000000011e-04 0.000000000000000000e+00
1.001500000000000057e+01 1.229950000000000108e-04 0.000000000000000000e+00
1.002499999999999858e+01 1.227459999999999934e-04 0.000000000000000000e+00
1.003500000000000014e+01 1.224970000000000030e-04 0.000000000000000000e+00
1.004499999999999993e+01 1.222499999999999900e-04 0.000000000000000000e+00
1.005499999999999972e+01 1.220030000000000040e-04 0.000000000000000000e+00
1.006500000000000128e+01 1.217570000000000067e-04 0.000000000000000000e+00
1.007499999999999929e+01 1.215119999999999981e-04 0.000000000000000000e+00
1.008500000000000085e+01 1.212680000000000051e-04 0.000000000000000000e+00
1.009499999999999886e+01 1.210239999999999987e-04 0.000000000000000000e+00
1.010500000000000043e+01 1.207809999999999944e-04 0.000000000000000000e+00
1.011499999999999844e+01 1.205390000000000058e-04 0.000000000000000000e+00
1.012500000000000000e+01 1.202970000000000038e-04 0.000000000000000000e+00
1.013500000000000156e+01 1.200560000000000039e-04 0.000000000000000000e+00
1.014499999999999957e+01 1.198160000000000062e-04 0.000000000000000000e+00
1.015500000000000114e+01 1.195769999999999971e-04 0.000000000000000000e+00
1.016499999999999915e+01 1.193380000000000016e-04 0.000000000000000000e+00
1.017500000000000071e+01 1.190999999999999947e-04 0.000000000000000000e+00
1.018499999999999872e+01 1.188630000000000036e-04 0.000000000000000000e+00
1.019500000000000028e+01 1.186259999999999989e-04 0.000000000000000000e+00
1.020500000000000007e+01 1.183899999999999964e-04 0.000000000000000000e+00
1.021499999999999986e+01 1.181549999999999961e-04 0.000000000000000000e+00
1.022500000000000142e+01 1.179209999999999980e-04 0.000000000000000000e+00
1.023499999999999943e+01 1.176869999999999999e-04 0.000000000000000000e+00
1.024500000000000099e+01 1.174540000000000040e-04 0.000000000000000000e+00
1.025499999999999901e+01 1.172219999999999968e-04 0.000000000000000000e+00
1.026500000000000057e+01 1.169900000000000031e-04 0.000000000000000000e+00
1.027499999999999858e+01 1.167589999999999980e-04 0.000000000000000000e+00
1.028500000000000014e+01 1.165280000000000065e-04 0.000000000000000000e+00
1.029499999999999993e+01 1.162990000000000058e-04 0.000000000000000000e+00
1.030499999999999972e+01 1.160700000000000051e-04 0.000000000000000000e+00
1.031500000000000128e+01 1.158410000000000044e-04 0.000000000000000000e+00
1.032499999999999929e+01 1.156139999999999946e-04 0.000000000000000000e+00
1.033500000000000085e+01 1.153869999999999982e-04 0.000000000000000000e+00
1.034499999999999886e+01 1.151600000000000019e-04 0.000000000000000000e+00
1.035500000000000043e+01 1.149349999999999965e-04 0.000000000000000000e+00
1.036499999999999844e+01 1.147100000000000046e-04 0.000000000000000000e+00
1.037500000000000000e+01 1.144849999999999991e-04 0.000000000000000000e+00
1.038500000000000156e+01 1.142619999999999980e-04 0.000000000000000000e+00
1.039499999999999957e+01 1.140379999999999947e-04 0.000000000000000000e+00
1.040500000000000114e+01 1.138159999999999958e-04 0.000000000000000000e+00
1.041499999999999915e+01 1.135939999999999969e-04 0.000000000000000000e+00
1.042500000000000071e+01 1.133730000000000003e-04 0.000000000000000000e+00
1.043499999999999872e+01 1.131530000000000057e-04 0.000000000000000000e+00
1.044500000000000028e+01 1.129329999999999977e-04 0.000000000000000000e+00
1.045500000000000007e+01 1.127140000000000054e-04 0.000000000000000000e+00
1.046499999999999986e+01 1.124949999999999995e-04 0.000000000000000000e+00
1.047500000000000142e+01 1.122769999999999958e-04 0.000000000000000000e+00
1.048499999999999943e+01 1.120599999999999944e-04 0.000000000000000000e+00
1.049500000000000099e+01 1.118430000000000064e-04 0.000000000000000000e+00
1.050499999999999901e+01 1.116269999999999936e-04 0.000000000000000000e+00
1.051500000000000057e+01 1.114109999999999943e-04 0.000000000000000000e+00
1.052499999999999858e+01 1.111969999999999994e-04 0.000000000000000000e+00
1.053500000000000014e+01 1.109820000000000023e-04 0.000000000000000000e+00
1.054499999999999993e+01 1.107689999999999960e-04 0.000000000000000000e+00
1.055499999999999972e+01 1.105560000000000033e-04 0.000000000000000000e+00
1.056500000000000128e+01 1.103429999999999971e-04 0.000000000000000000e+00
1.057499999999999929e+01 1.101319999999999952e-04 0.000000000000000000e+00
1.058500000000000085e+01 1.099209999999999933e-04 0.000000000000000000e+00
1.059499999999999886e+01 1.097100000000000050e-04 0.000000000000000000e+00
1.060500000000000043e+01 1.095000000000000053e-04 0.000000000000000000e+00
1.061499999999999844e+01 1.092909999999999943e-04 0.000000000000000000e+00
1.062500000000000000e+01 1.090819999999999968e-04 0.000000000000000000e+00
1.063500000000000156e+01 1.088740000000000015e-04 0.000000000000000000e+00
1.064499999999999957e+01 1.086660000000000062e-04 0.000000000000000000e+00
1.065500000000000114e+01 1.084589999999999995e-04 0.000000000000000000e+00
1.066499999999999915e+01 1.082529999999999951e-04 0.000000000000000000e+00
1.067500000000000071e+01 1.080470000000000041e-04 0.000000000000000000e+00
1.068499999999999872e+01 1.078420000000000019e-04 0.000000000000000000e+00
1.069500000000000028e+01 1.076369999999999996e-04 0.000000000000000000e+00
1.070500000000000007e+01 1.074329999999999995e-04 0.000000000000000000e+00
1.071499999999999986e+01 1.072289999999999994e-04 0.000000000000000000e+00
1.072500000000000142e+01 1.070260000000000016e-04 0.000000000000000000e+00
1.073499999999999943e+01 1.068240000000000059e-04 0.000000000000000000e+00
1.074500000000000099e+01 1.066219999999999966e-04 0.000000000000000000e+00
1.075499999999999901e+01 1.064210000000000031e-04 0.000000000000000000e+00
1.076500000000000057e+01 1.062199999999999961e-04 0.000000000000000000e+00
1.077499999999999858e+01 1.060200000000000048e-04 0.000000000000000000e+00
1.078500000000000014e+01 1.058210000000000021e-04 0.000000000000000000e+00
1.079499999999999993e+01 1.056219999999999994e-04 0.000000000000000000e+00
1.080499999999999972e+01 1.054229999999999967e-04 0.000000000000000000e+00
1.081500000000000128e+01 1.052249999999999963e-04 0.000000000000000000e+00
1.082499999999999929e+01 1.050279999999999980e-04 0.000000000000000000e+00
1.083500000000000085e+01 1.048309999999999997e-04 0.000000000000000000e+00
1.084499999999999886e+01 1.046350000000000036e-04 0.000000000000000000e+00
1.085500000000000043e+01 1.044399999999999962e-04 0.000000000000000000e+00
1.086499999999999844e+01 1.042440000000000001e-04 0.000000000000000000e+00
1.087500000000000000e+01 1.040499999999999948e-04 0.000000000000000000e+00
1.088500000000000156e+01 1.038560000000000031e-04 0.000000000000000000e+00
1.089499999999999957e+01 1.036619999999999979e-04 0.000000000000000000e+00
1.090500000000000114e+01 1.034689999999999948e-04 0.000000000000000000e+00
1.091499999999999915e+01 1.032769999999999939e-04 0.000000000000000000e+00
1.092500000000000071e+01 1.030850000000000066e-04 0.000000000000000000e+00
1.093499999999999872e+01 1.028939999999999944e-04 0.000000000000000000e+00
1.094500000000000028e+01 1.027029999999999957e-04 0.000000000000000000e+00
1.095500000000000007e+01 1.025129999999999992e-04 0.000000000000000000e+00
1.096499999999999986e+01 1.023230000000000027e-04 0.000000000000000000e+00
1.097500000000000142e+01 1.021330000000000062e-04 0.000000000000000000e+00
1.098499999999999943e+01 1.019450000000000006e-04 0.000000000000000000e+00
1.099500000000000099e+01 1.017560000000000063e-04 0.000000000000000000e+00
