2.993000000715255737e-01 2.551012004731691239e-03 2.735037702796274360e-03
3.139000087976455688e-01 -4.078523877420393851e-03 5.380675413218368071e-03
3.285000026226043701e-01 6.036306016793375681e-03 6.080886278211895986e-03
3.430999964475631714e-01 2.107079218039866961e-02 7.542290622264033809e-03
3.577000051736831665e-01 1.571418830352659321e-02 8.245999056724601095e-03
3.722999989986419678e-01 2.032718570967806393e-02 8.540172871808665578e-03
3.868999928236007690e-01 3.528076023948616136e-02 7.077669013131420404e-03
4.015000015497207642e-01 1.813519764166376946e-02 7.135508688141634429e-03
4.161000102758407593e-01 2.568251721483254257e-02 5.777033362330425206e-03
4.307000041007995605e-01 2.712979593797465797e-02 5.000813420493056827e-03
4.452999979257583618e-01 2.596837461316387971e-02 4.157684981204849174e-03
4.599000066518783569e-01 2.721744978936559145e-02 3.843902546998659211e-03
4.745000004768371582e-01 2.469662713202646145e-02 3.639383579911587008e-03
4.890999943017959595e-01 2.765751759761108514e-02 3.264432174445395900e-03
5.036999881267547607e-01 2.739465535549298267e-02 3.301466988637194976e-03
5.182999968528747559e-01 2.545829088686205055e-02 3.241043996496173647e-03
5.329000055789947510e-01 1.303957020059974027e-02 1.627173043717996658e-03
5.474999845027923584e-01 1.523826485973166570e-02 1.724534700125960468e-03
5.620999932289123535e-01 1.983037588978115925e-02 1.789913724828975667e-03
5.767000019550323486e-01 1.867858944606625576e-02 1.766945001117844983e-03
5.912999808788299561e-01 2.329449184509707615e-02 1.524533925068969351e-03
6.058999896049499512e-01 1.856658746566999807e-02 1.800924394926092884e-03
6.204999983310699463e-01 2.155782318794358457e-02 1.514654409615011658e-03
6.351000070571899414e-01 1.974168304577768318e-02 1.552186757246132006e-03
6.497000157833099365e-01 2.013128171530059046e-02 1.305821439309649184e-03
6.642999947071075439e-01 2.052137661353132733e-02 1.193052141290821058e-03
6.789000034332275391e-01 1.835515106355277773e-02 1.200061789614894400e-03
6.935000121593475342e-01 1.847524010950244572e-02 1.138060691749937479e-03
7.080999910831451416e-01 1.607206174849201002e-02 1.002629313714052672e-03
7.226999998092651367e-01 1.662640517821003389e-02 8.883730919176489752e-04
7.373000085353851318e-01 1.575268938596764354e-02 9.139549021017503126e-04
7.518999874591827393e-01 1.727808582575749222e-02 8.217871640047075309e-04
7.664999961853027344e-01 1.632092679778618383e-02 7.791120987605500755e-04
7.811000049114227295e-01 1.531955537999349012e-02 7.335620528138492085e-04
7.956999838352203369e-01 1.456782210938489114e-02 6.894083194120911471e-04
8.102999925613403320e-01 1.440646995474780846e-02 6.548267691221983924e-04
8.249000012874603271e-01 1.528197254493003643e-02 6.186833187656717078e-04
8.395000100135803223e-01 1.416252433253906498e-02 6.075142051280001685e-04
8.541000187397003174e-01 1.434923575411329449e-02 5.584950200526900841e-04
8.686999976634979248e-01 1.274992904438984088e-02 5.552204939469920731e-04
8.833000063896179199e-01 1.353200253759800041e-02 4.992293049739644989e-04
8.979000151157379150e-01 1.226801598235825394e-02 5.104554138172295516e-04
9.124999940395355225e-01 1.295888353554719950e-02 4.874788227833080217e-04
9.271000027656555176e-01 1.288859563608656111e-02 4.744855348578868432e-04
9.417000114917755127e-01 1.278499870610242187e-02 4.530200875272906414e-04
9.562999904155731201e-01 1.336262843905636905e-02 4.636373894381666440e-04
9.708999991416931152e-01 1.350528140457576444e-02 4.539214197506567382e-04
9.855000078678131104e-01 1.359748788363090294e-02 4.539625746561512520e-04
1.000100016593933105e+00 1.351995523129807461e-02 4.335253546445705266e-04
1.014699995517730713e+00 1.385555738219780217e-02 4.377918863806250227e-04
1.029299974441528320e+00 1.340331073671997310e-02 4.471489887838264862e-04
1.043900012969970703e+00 1.424644501019480501e-02 4.282852502137351309e-04
1.058499991893768311e+00 1.407571813371692911e-02 4.129028693534684299e-04
1.073099970817565918e+00 1.358013589572289875e-02 4.339889490259807997e-04
1.087700009346008301e+00 1.396540314224931773e-02 4.138151884385557694e-04
1.102299988269805908e+00 1.382357598465534104e-02 4.031590134585162502e-04
1.116899967193603516e+00 1.286481688546989473e-02 3.850785614922944610e-04
1.131500005722045898e+00 1.192570496665561718e-02 3.920133993392295197e-04
1.146099984645843506e+00 1.213459785480093013e-02 3.577703547809708623e-04
1.160699963569641113e+00 1.136644154153657223e-02 3.485344914830676845e-04
1.175300002098083496e+00 1.110645775800875486e-02 3.377392793627670095e-04
1.189899981021881104e+00 1.077988689322726019e-02 3.344970563835751153e-04
1.204499959945678711e+00 9.804312106281128786e-03 3.306418905118619581e-04
1.219099998474121094e+00 9.514506280708741673e-03 3.142585651244721059e-04
1.233700037002563477e+00 9.409351202327847011e-03 3.215798495042119349e-04
1.248300015926361084e+00 8.860709330184355151e-03 3.253558159361201463e-04
1.262899994850158691e+00 8.864132887548874934e-03 3.018523924249890116e-04
1.277500033378601074e+00 8.949543654178998206e-03 2.918966785980588608e-04
1.292100012302398682e+00 8.273962015025466271e-03 2.966792656140831335e-04
1.306699991226196289e+00 7.979102031461366568e-03 2.808873307844937726e-04
1.321300029754638672e+00 8.115639422489247592e-03 2.802823720512453596e-04
1.335900008678436279e+00 7.959707674173026326e-03 2.675084301824844297e-04
1.350499987602233887e+00 7.612330210181911423e-03 2.793498110292860184e-04
1.365100026130676270e+00 7.886601270568061040e-03 2.787345252873033377e-04
1.379700005054473877e+00 7.919423018217552554e-03 2.500921923196271191e-04
1.394299983978271484e+00 8.041856040356747462e-03 2.512797219343734247e-04
1.408900022506713867e+00 7.290882601930006972e-03 2.727061417158789958e-04
1.423500001430511475e+00 7.833322991090661130e-03 2.620607087760140033e-04
1.438099980354309082e+00 7.855179543572033199e-03 2.530612953427754182e-04
1.452700018882751465e+00 7.380355695950917456e-03 2.605050696527464751e-04
1.467299997806549072e+00 7.219495280108251083e-03 2.581021904713061161e-04
1.481899976730346680e+00 7.170794460761520384e-03 2.477532511089619908e-04
1.496500015258789062e+00 6.855154092597317422e-03 2.504500987092686125e-04
1.511099994182586670e+00 6.618919484736729072e-03 2.594215961228934749e-04
1.525699973106384277e+00 6.394159810800523897e-03 2.371209717939120579e-04
1.540300011634826660e+00 6.601929723163766153e-03 2.335936484154550209e-04
1.554899990558624268e+00 6.300189338087514024e-03 2.354720456234501384e-04
1.569499969482421875e+00 5.936186967175054001e-03 2.392892676965881823e-04
1.584100008010864258e+00 5.716441317382269828e-03 2.462543390877641649e-04
1.598699986934661865e+00 5.696158789615875934e-03 2.377694415647569877e-04
1.613299965858459473e+00 6.057850219765835778e-03 2.312221565761528709e-04
1.627900004386901855e+00 5.720149251203831067e-03 2.321640905685937032e-04
1.642499983310699463e+00 5.684380277080723111e-03 2.337201916330996121e-04
1.657099962234497070e+00 5.731785238416303718e-03 2.318261137739701435e-04
1.671700000762939453e+00 5.805703514988526381e-03 2.335343820392133112e-04
1.686300039291381836e+00 5.508948665746716926e-03 2.248408614442328369e-04
1.700900018215179443e+00 5.262063929128029706e-03 2.357050377250163962e-04
1.715499997138977051e+00 5.426297331245299484e-03 2.129660623814287244e-04
1.730100035667419434e+00 5.162593942415735770e-03 2.214683187440115192e-04
1.744700014591217041e+00 5.023584807901359736e-03 2.254482477060632895e-04
1.759299993515014648e+00 5.337929225775452959e-03 2.066678615940474421e-04
1.773900032043457031e+00 4.682161425241770404e-03 2.267229011993539950e-04
1.788500010967254639e+00 4.997489144082939948e-03 2.151394019565886341e-04
1.803099989891052246e+00 4.781736018866955713e-03 2.167764486652589025e-04
1.817700028419494629e+00 4.558240800369735626e-03 2.254669755276301785e-04
1.832300007343292236e+00 4.213731445722924789e-03 2.278481057887622762e-04
1.846899986267089844e+00 4.684718415442296058e-03 2.200313007326422203e-04
1.861500024795532227e+00 4.369762909481738310e-03 2.292945602941523053e-04
1.876100003719329834e+00 4.185175709966611722e-03 2.257694461213728752e-04
1.890699982643127441e+00 5.023999056703646465e-03 2.331451153507938629e-04
1.905300021171569824e+00 4.814117839200084993e-03 2.471979155691196497e-04
1.919900000095367432e+00 4.971240760025132273e-03 2.514640971749457330e-04
1.934499979019165039e+00 4.808828065537379577e-03 2.387696826804999706e-04
1.949100017547607422e+00 4.392078886196679188e-03 2.511124682485470910e-04
1.963699996471405029e+00 4.700265002203438298e-03 2.425457640226982869e-04
1.978299975395202637e+00 4.477658601586298817e-03 2.324927642525226725e-04
1.992900013923645020e+00 4.555855892722376205e-03 2.149222019352886809e-04
2.007500052452087402e+00 4.406885811135076783e-03 2.476796033189367996e-04
2.022100090980529785e+00 3.832677058876664006e-03 2.589933540423392335e-04
2.036700010299682617e+00 3.755311094470799131e-03 2.679855802459469834e-04
2.051299929618835449e+00 3.790144284329260288e-03 2.530914738043248688e-04
2.065899968147277832e+00 3.633889763078677025e-03 2.448543169462421708e-04
2.080500006675720215e+00 3.961934824438622695e-03 2.477123779960366820e-04
2.095100045204162598e+00 3.529633072253341233e-03 2.550043878668189308e-04
2.109700083732604980e+00 3.473129986771852310e-03 2.753068601512252667e-04
2.124300003051757812e+00 3.551828891046857322e-03 2.769149327567180133e-04
2.138899922370910645e+00 3.606609855316723467e-03 2.802640509575664665e-04
2.153499960899353027e+00 3.511640409438172503e-03 2.748654149199386901e-04
2.168099999427795410e+00 3.418164859623898551e-03 3.206275509493833158e-04
2.182700037956237793e+00 3.315095670485849241e-03 3.000112104391690587e-04
2.197300076484680176e+00 3.284327816606136090e-03 2.995745416872282641e-04
2.211899995803833008e+00 3.182143074973475469e-03 2.924464120224014112e-04
2.226499915122985840e+00 3.393867279912339899e-03 2.930915443449097946e-04
2.241099953651428223e+00 2.996059938326361190e-03 3.061347461064994522e-04
2.255699992179870605e+00 3.342143002443527695e-03 2.864885896268456653e-04
2.270300030708312988e+00 2.888077759961957692e-03 2.814113341422820060e-04
2.284900069236755371e+00 3.594963889750580569e-03 2.569487911557609200e-04
2.299499988555908203e+00 2.897574515286755956e-03 2.829874805325492508e-04
2.314099907875061035e+00 3.086929271225559782e-03 2.531539023161897498e-04
2.328699946403503418e+00 3.263394188323548353e-03 2.485370923424832243e-04
2.343299984931945801e+00 2.895161129694944716e-03 2.618389746645096057e-04
2.357900023460388184e+00 2.861899665887759209e-03 2.465081108505284553e-04
2.372500061988830566e+00 2.839940879282903431e-03 2.637243835617969728e-04
2.387099981307983398e+00 2.496463054106438061e-03 2.785577836439077090e-04
2.401699900627136230e+00 2.642056039554912562e-03 2.530886522541179041e-04
2.416299939155578613e+00 2.734136612193712249e-03 2.599542414832499665e-04
2.430899977684020996e+00 2.922808598034709691e-03 2.259582280960761868e-04
2.445500016212463379e+00 2.617965070159164812e-03 2.247887260287946098e-04
2.460100054740905762e+00 2.846456877441782673e-03 2.394064184300219455e-04
2.474700093269348145e+00 2.819355421736168509e-03 2.218929894750390226e-04
2.489300012588500977e+00 3.091149800783688992e-03 2.079846163975109473e-04
2.503899931907653809e+00 3.193803116658581933e-03 2.185466779813305459e-04
2.518499970436096191e+00 2.824540113023264742e-03 2.173179044067938877e-04
2.533100008964538574e+00 2.543726292694551815e-03 2.337616394396482584e-04
2.547700047492980957e+00 3.090523786696889024e-03 2.372513846660801123e-04
2.562300086021423340e+00 2.398796186798454223e-03 2.461770523254339007e-04
2.576900005340576172e+00 2.379509928706077890e-03 2.220630086569008439e-04
2.591499924659729004e+00 2.614294177282633098e-03 2.205043538120917410e-04
2.606099963188171387e+00 2.402031713686315993e-03 2.163173947619841380e-04
2.620700001716613770e+00 2.377414497054652215e-03 2.228232314405917121e-04
2.635300040245056152e+00 2.231254320967987655e-03 2.153942141280593776e-04
2.649900078773498535e+00 2.156699600762770463e-03 2.425187540109691653e-04
2.664499998092651367e+00 2.454460534325090572e-03 1.951101754225255933e-04
2.679099917411804199e+00 2.361809753980131672e-03 2.247687244711552674e-04
2.693699955940246582e+00 2.370383060539810356e-03 2.123719501973347587e-04
2.708299994468688965e+00 2.158048997033393430e-03 2.001135747134136862e-04
2.722900032997131348e+00 2.284055483524041665e-03 1.838090764035814069e-04
2.737500071525573730e+00 2.257596152993153905e-03 2.074899659934259478e-04
2.752099990844726562e+00 2.112483383513694395e-03 2.044004718767052802e-04
2.766699910163879395e+00 2.003362484476199894e-03 1.856517460706693843e-04
2.781299948692321777e+00 2.212052541503476983e-03 2.041874346056702608e-04
2.795899987220764160e+00 2.340682840461745951e-03 1.810894590932150231e-04
2.810500025749206543e+00 2.062803684725652252e-03 1.846546744367441074e-04
2.825100064277648926e+00 2.012316212467561444e-03 1.874936945134048235e-04
2.839699983596801758e+00 2.212142568527293227e-03 1.979467242040894434e-04
2.854299902915954590e+00 1.971689434783330426e-03 1.976793807475651520e-04
2.868899941444396973e+00 1.804171574683017783e-03 1.947369000350592991e-04
2.883499979972839355e+00 1.784640254708851547e-03 1.977799142250940710e-04
2.898100018501281738e+00 2.034883199149954257e-03 1.973489378424109306e-04
2.912700057029724121e+00 1.880046653560237630e-03 1.829045634734005707e-04
2.927300095558166504e+00 2.038711077264410924e-03 1.927540878990934990e-04
2.941900014877319336e+00 1.924267913184626129e-03 1.827093543411373257e-04
2.956499934196472168e+00 2.036710086506042083e-03 1.916891776983520865e-04
2.971099972724914551e+00 1.789530857877751589e-03 1.621933020596575163e-04
2.985700011253356934e+00 2.019243828836909255e-03 1.826338224784683050e-04
3.000300049781799316e+00 1.810934101063401509e-03 1.661650415251907759e-04
3.014900088310241699e+00 1.566219895700131240e-03 1.782758011345146403e-04
3.029500007629394531e+00 1.854348469827129045e-03 1.860611582047211397e-04
3.044099926948547363e+00 1.806502850684081965e-03 1.601945286664564283e-04
3.058699965476989746e+00 1.754647127144935226e-03 1.797165756166992014e-04
3.073300004005432129e+00 1.629912920344765747e-03 1.733599674794961663e-04
3.087900042533874512e+00 1.783541561294878014e-03 1.830472277341344586e-04
3.102500081062316895e+00 1.446475239237038834e-03 1.848226486844449588e-04
3.117100000381469727e+00 1.535219683288333893e-03 1.893258445681666037e-04
3.131699919700622559e+00 1.517739626148189008e-03 1.921714559337426784e-04
3.146299958229064941e+00 1.712569721626216188e-03 1.730708817036640944e-04
3.160899996757507324e+00 1.504829111056216369e-03 1.733569084018573420e-04
3.175500035285949707e+00 1.761574534046653163e-03 1.653443724167865856e-04
3.190100073814392090e+00 1.876334778225754790e-03 1.585179757825689228e-04
3.204699993133544922e+00 1.766616230344457633e-03 1.562843219097304493e-04
3.219299912452697754e+00 1.563990703601287604e-03 1.691831052964267118e-04
3.233899950981140137e+00 1.747540086781982109e-03 1.553372276459432408e-04
3.248499989509582520e+00 1.688418681638797396e-03 1.624969977235017008e-04
3.263100028038024902e+00 1.607212319844498333e-03 1.648108337438814049e-04
3.277700066566467285e+00 1.727664171642325636e-03 1.539397127976260089e-04
3.292299985885620117e+00 1.240845289663528809e-03 1.837452577825574496e-04
3.306899905204772949e+00 1.382928477627904306e-03 1.637854857323370610e-04
3.321499943733215332e+00 1.522024573221122988e-03 1.491536707705891243e-04
3.336099982261657715e+00 1.384988411991536997e-03 1.629853600320884375e-04
3.350700020790100098e+00 1.215217882856804580e-03 1.673689165652489787e-04
3.365300059318542480e+00 1.430255511447766801e-03 1.549949441680724068e-04
3.379900097846984863e+00 1.382098892248020917e-03 1.578546605772742468e-04
3.394500017166137695e+00 1.143868672466726542e-03 1.756629280245169467e-04
3.409099936485290527e+00 1.544015671189771007e-03 1.518279363007014892e-04
3.423699975013732910e+00 1.330035263146843536e-03 1.519337152074028607e-04
3.438300013542175293e+00 1.413956528592694856e-03 1.249085643392276290e-04
3.452900052070617676e+00 1.273223262144355028e-03 1.620906466119778708e-04
3.467500090599060059e+00 1.244083881285454546e-03 1.575405207865563620e-04
3.482100009918212891e+00 1.346757864118246434e-03 1.589921657723720647e-04
3.496699929237365723e+00 1.393271871407732610e-03 1.433029190980434589e-04
3.511299967765808105e+00 1.328688153084372830e-03 1.503338402502015284e-04
3.525900006294250488e+00 1.213316835779948595e-03 1.520996512627166022e-04
3.540500044822692871e+00 1.354473350069992010e-03 1.374662331574717246e-04
3.555100083351135254e+00 1.131191789864845329e-03 1.541232228983640878e-04
3.569700002670288086e+00 1.195679813935911348e-03 1.470996082803520410e-04
3.584299921989440918e+00 1.365999210361543842e-03 1.324398011937427623e-04
3.598899960517883301e+00 1.194020099448866090e-03 1.381796389257648001e-04
3.613499999046325684e+00 1.514434691710640421e-03 1.350001897164222883e-04
3.628100037574768066e+00 1.216404154053885456e-03 1.425610288373089845e-04
3.642700076103210449e+00 1.084385081115506449e-03 1.594971263800550564e-04
3.657299995422363281e+00 1.155107106870258572e-03 1.568429830556678211e-04
3.671899914741516113e+00 9.801029682922606651e-04 1.609882332688097157e-04
3.686499953269958496e+00 1.324965253156437433e-03 1.352778019665232723e-04
3.701099991798400879e+00 1.297812796618959133e-03 1.299776607213927514e-04
3.715700030326843262e+00 1.279050249872356422e-03 1.191926084027832244e-04
3.730300068855285645e+00 1.223548570738307610e-03 1.330067433863350943e-04
3.744899988174438477e+00 1.185672310275752385e-03 1.224100429022378488e-04
3.759499907493591309e+00 9.593699982887756014e-04 1.449502275214329273e-04
3.774099946022033691e+00 1.033098926198286558e-03 1.500395617044043481e-04
3.788699984550476074e+00 1.057428550619721923e-03 1.646378456512723719e-04
3.803300023078918457e+00 1.204642785332489053e-03 1.322535979257022864e-04
3.817900061607360840e+00 1.091401942495841661e-03 1.429543185321996543e-04
3.832499980926513672e+00 1.076700435410981671e-03 1.295823496950965768e-04
3.847099900245666504e+00 1.001076029621439031e-03 1.369529734459066454e-04
3.861699938774108887e+00 9.664944905712942328e-04 1.362249283765595766e-04
3.876299977302551270e+00 1.154713132648692298e-03 1.396430655287658491e-04
3.890900015830993652e+00 8.585610812761302300e-04 1.607678562658313522e-04
3.905500054359436035e+00 9.670861958960973344e-04 1.441820296121957754e-04
3.920100092887878418e+00 1.016877930981222467e-03 1.368324480965582384e-04
3.934700012207031250e+00 1.174911989832834458e-03 1.212991362245293428e-04
3.949299931526184082e+00 9.948662786284680204e-04 1.319151705146657280e-04
3.963899970054626465e+00 8.613735149580822740e-04 1.496842526790257864e-04
3.978500008583068848e+00 1.103513051205249652e-03 1.294150807682629479e-04
3.993100047111511230e+00 1.160169201207442375e-03 1.095524411820148684e-04
4.007699966430664062e+00 9.656455346297288357e-04 1.355170307319135522e-04
4.022300004959106445e+00 8.553932979832423299e-04 1.493999853163332548e-04
4.036900043487548828e+00 1.002367780427763748e-03 1.318194458994493689e-04
4.051500082015991211e+00 9.478778946363716762e-04 1.261509309002369441e-04
4.066100120544433594e+00 9.121604377158397782e-04 1.344421066101424242e-04
4.080699920654296875e+00 8.559379675926044291e-04 1.376297910340653784e-04
4.095299959182739258e+00 9.676108973331440290e-04 1.266026810412767504e-04
4.109899997711181641e+00 1.146225135454322737e-03 1.301905426146714010e-04
4.124500036239624023e+00 1.003946686494104103e-03 1.174466992288515773e-04
4.139100074768066406e+00 8.148744989771281077e-04 1.410928757824485118e-04
4.153699874877929688e+00 9.095697992130489769e-04 1.206604815158241888e-04
4.168299913406372070e+00 8.278571942992559232e-04 1.189420559663591519e-04
4.182899951934814453e+00 7.793666079877133212e-04 1.321965770549327881e-04
4.197499990463256836e+00 6.168486015753149804e-04 1.334471696086725096e-04
4.212100028991699219e+00 8.728480562377463007e-04 1.200928526643335365e-04
4.226700067520141602e+00 7.227231042950680098e-04 1.313001167258418488e-04
4.241300106048583984e+00 9.745315860279921355e-04 1.172280976060128003e-04
4.255899906158447266e+00 8.312605050425953164e-04 1.194310252954810034e-04
4.270499944686889648e+00 9.518842716893908835e-04 1.168863055530785448e-04
4.285099983215332031e+00 8.695391659409105458e-04 1.301038706075185699e-04
4.299700021743774414e+00 7.746328603194846309e-04 1.328529827140011654e-04
4.314300060272216797e+00 9.012153489457364790e-04 1.160455695211333558e-04
4.328900098800659180e+00 7.817534402324567656e-04 1.188471459997583670e-04
4.343500137329101562e+00 7.847289841139521663e-04 1.077386034088018650e-04
4.358099937438964844e+00 6.881124700784490948e-04 1.403026423994383853e-04
4.372699975967407227e+00 7.790268907048284071e-04 1.336065784788233906e-04
4.387300014495849609e+00 7.820728850426707452e-04 1.244428040298222664e-04
4.401900053024291992e+00 6.781404421678846996e-04 1.319285235555071770e-04
4.416500091552734375e+00 6.952450735688847508e-04 1.368657963439906262e-04
4.431099891662597656e+00 5.136412334241495948e-04 1.460801987970991546e-04
4.445699930191040039e+00 8.421571230205099649e-04 1.311134637340401307e-04
4.460299968719482422e+00 7.836518475017563911e-04 1.087048437593851364e-04
4.474900007247924805e+00 5.880662572137593420e-04 1.262693295019621804e-04
4.489500045776367188e+00 7.961966690863973893e-04 1.093130480747630308e-04
4.504100084304809570e+00 7.162296509702025232e-04 1.191873731533348469e-04
4.518700122833251953e+00 7.716562497051637857e-04 1.353612592349849803e-04
4.533299922943115234e+00 7.454018069017023839e-04 1.254742803875593196e-04
4.547899961471557617e+00 7.327118273697367807e-04 1.438501938314281216e-04
4.562500000000000000e+00 8.056329482539453368e-04 1.164602402488110184e-04
4.577100038528442383e+00 7.337151872019850515e-04 1.206536233480490390e-04
4.591700077056884766e+00 6.241794847887024425e-04 1.336950160766716236e-04
4.606299877166748047e+00 5.486423812747940817e-04 1.275418584191044665e-04
4.620899915695190430e+00 7.142205122928363013e-04 1.021576511538376143e-04
4.635499954223632812e+00 7.080551490455717521e-04 1.314493975081051621e-04
4.650099992752075195e+00 7.596728831557480500e-04 1.105873911634639144e-04
4.664700031280517578e+00 7.579383913294467047e-04 1.169654597047386336e-04
4.679300069808959961e+00 6.529891741026475332e-04 1.147479828419827172e-04
4.693900108337402344e+00 5.124281121622486666e-04 1.335115189345502547e-04
4.708499908447265625e+00 7.902819887180710570e-04 9.760611904314711205e-05
4.723099946975708008e+00 6.993176467056895149e-04 1.166497885452711677e-04
4.737699985504150391e+00 4.320977588245972266e-04 1.423585645421568998e-04
4.752300024032592773e+00 7.091798588454853924e-04 9.591196154000806702e-05
4.766900062561035156e+00 7.364242647452696067e-04 1.183902361103991594e-04
4.781499862670898438e+00 6.355358263905689373e-04 1.381431556929096503e-04
4.796099901199340820e+00 6.456143170161059413e-04 1.103044513554728466e-04
4.810699939727783203e+00 6.281917480667895603e-04 1.167309722723058267e-04
4.825299978256225586e+00 7.058092867091734970e-04 1.052207044184986823e-04
4.839900016784667969e+00 4.804896006580695747e-04 1.365441493514657099e-04
4.854500055313110352e+00 6.675946943094376125e-04 1.247599149517795991e-04
4.869100093841552734e+00 5.548220985666551175e-04 1.283198681108389404e-04
4.883699893951416016e+00 5.043979817857767705e-04 1.480541172093491895e-04
4.898299932479858398e+00 4.193538724893173609e-04 1.420723130947798975e-04
4.912899971008300781e+00 6.021031429778175110e-04 1.248024520904070234e-04
4.927500009536743164e+00 6.887705342272025218e-04 1.210357423646081363e-04
4.942100048065185547e+00 7.546101082345354431e-04 1.163632984201055047e-04
4.956700086593627930e+00 4.659567071758901756e-04 1.345892587314920772e-04
4.971300125122070312e+00 6.246795741196891271e-04 1.138280528889030639e-04
4.985899925231933594e+00 6.654314349248524997e-04 1.152759693349980077e-04
5.000499963760375977e+00 7.967037723484689856e-04 1.030866414903518409e-04
5.015100002288818359e+00 5.759181667946307575e-04 1.059151754216176665e-04
5.029700040817260742e+00 4.946830585970002922e-04 1.259005669530363549e-04
5.044300079345703125e+00 6.364620262364292270e-04 1.083974006961355727e-04
5.058899879455566406e+00 8.235558640452492066e-04 1.138963517579668521e-04
5.073499917984008789e+00 5.046364564569885648e-04 1.397749509253526010e-04
5.088099956512451172e+00 4.675284267466548729e-04 1.395523345790218312e-04
5.102699995040893555e+00 5.060573973629080638e-04 1.287954218999697834e-04
5.117300033569335938e+00 5.044903100335332595e-04 1.356618767545548902e-04
5.131900072097778320e+00 6.602675625913839328e-04 1.116380595351064631e-04
5.146500110626220703e+00 4.601223429424767543e-04 1.224340279932292221e-04
5.161099910736083984e+00 6.437096510327173322e-04 1.120953247990838720e-04
5.175699949264526367e+00 1.708404080535439547e-04 1.641298929206558180e-04
5.190299987792968750e+00 4.056146261626488543e-04 1.541117567658512803e-04
5.204900026321411133e+00 6.511428066504468043e-04 1.295055571163414234e-04
5.219500064849853516e+00 4.123644800567643305e-04 1.442417245631467894e-04
5.234099864959716797e+00 3.536473689155161478e-04 1.372708947369166016e-04
5.248699903488159180e+00 6.700731095801098309e-04 1.158165338807871713e-04
5.263299942016601562e+00 3.309640970151126837e-04 1.506717520554497159e-04
5.277899980545043945e+00 5.089512523637198735e-04 1.122485749504660210e-04
5.292500019073486328e+00 5.005671386943291810e-04 1.435368078312983177e-04
5.307100057601928711e+00 6.640708281472201824e-04 1.341974958671526667e-04
5.321700096130371094e+00 3.750646548133930013e-04 1.548360080206291568e-04
5.336299896240234375e+00 5.275027640181227532e-04 1.463915214470022782e-04
5.350899934768676758e+00 5.029873841295636481e-04 1.041854549995743600e-04
5.365499973297119141e+00 4.525982333465721733e-04 1.461837560001239726e-04
5.380100011825561523e+00 6.376187222331441192e-04 1.288790528450339693e-04
5.394700050354003906e+00 4.921211169377268492e-04 1.339748785615359151e-04
5.409300088882446289e+00 4.733667620801505793e-04 1.490951497941809872e-04
5.423900127410888672e+00 4.297885260419179914e-04 1.416493987726714714e-04
5.438499927520751953e+00 5.049055007342877384e-04 1.515444950901120120e-04
5.453099966049194336e+00 4.057218894434345947e-04 1.259764703397453695e-04
5.467700004577636719e+00 5.688163911963724792e-04 1.217279659424492589e-04
5.482300043106079102e+00 4.716807871470720618e-04 1.380700098070171346e-04
5.496900081634521484e+00 4.570369665017664433e-04 1.466173306068983394e-04
5.511499881744384766e+00 3.446347602667243796e-04 1.595654358108650108e-04
5.526099920272827148e+00 4.383793234723988488e-04 1.555751385987636242e-04
5.540699958801269531e+00 4.567077787098289222e-04 1.641493368660949857e-04
5.555299997329711914e+00 3.990115255989854556e-04 1.639094857045200390e-04
5.569900035858154297e+00 5.892534740409193427e-04 1.273581123198887644e-04
5.584500074386596680e+00 4.552523965428357427e-04 1.521300543224199842e-04
5.599100112915039062e+00 3.085779408704759138e-04 1.574526619360821827e-04
5.613699913024902344e+00 4.762984609045899380e-04 1.262177750838391801e-04
5.628299951553344727e+00 5.893222323217977383e-04 1.184104186426184147e-04
5.642899990081787109e+00 4.072646785310241827e-04 1.363751785111553150e-04
5.657500028610229492e+00 3.938157339112178189e-04 1.259102538291196889e-04
5.672100067138671875e+00 3.363542064365826977e-04 1.458965116399170794e-04
5.686699867248535156e+00 3.714323797945505087e-04 1.650958729162071493e-04
5.701299905776977539e+00 5.338512769775500622e-04 1.433136646908123480e-04
5.715899944305419922e+00 3.473095404259259793e-04 1.666075324506225861e-04
5.730499982833862305e+00 2.271870040611158694e-04 1.728167763055438080e-04
5.745100021362304688e+00 5.150403154722518664e-04 1.453554802046333613e-04
5.759700059890747070e+00 3.647406081138898724e-04 1.521771305395169707e-04
5.774300098419189453e+00 3.074087649174542551e-04 1.515478194247864925e-04
5.788899898529052734e+00 5.187458243602154333e-04 1.065983442238783085e-04
5.803499937057495117e+00 2.962600247319010561e-04 1.530918163105873515e-04
5.818099975585937500e+00 5.930367419992466776e-04 1.518689688209645509e-04
5.832700014114379883e+00 4.250141025685791525e-04 1.680918439734751862e-04
5.847300052642822266e+00 5.004422113014548798e-04 1.510343505578141455e-04
5.861900091171264648e+00 3.738954782546616328e-04 1.590245551621695321e-04
5.876500129699707031e+00 3.998154237849046630e-04 1.607140504967283332e-04
5.891099929809570312e+00 2.394795579725377910e-04 1.674053458885369156e-04
5.905699968338012695e+00 4.739877448854870460e-04 1.538699175621399294e-04
5.920300006866455078e+00 4.338590042401363261e-04 1.745401202285829683e-04
5.934900045394897461e+00 4.722695161932890552e-04 1.556865161786516200e-04
5.949500083923339844e+00 4.787843306820117233e-04 1.299593001433792467e-04
5.964099884033203125e+00 2.799754164406914082e-04 1.738431569104373570e-04
5.978699922561645508e+00 2.187466240556377279e-04 1.831291830849189714e-04
5.993299961090087891e+00 4.578902942551795982e-04 1.463960888585454936e-04
6.007899999618530273e+00 4.443694117375239722e-04 1.468518927411025128e-04
6.022500038146972656e+00 3.126385375675189387e-04 1.792275153831461099e-04
6.037100076675415039e+00 3.712250802284432303e-04 1.712704906605551868e-04
6.051700115203857422e+00 2.238456760495452795e-04 1.792447157651639428e-04
6.066299915313720703e+00 3.848560235313354524e-04 1.738613851779101372e-04
6.080899953842163086e+00 5.026875698610634279e-04 1.532968076965152246e-04
6.095499992370605469e+00 5.667488168565734327e-04 1.562620715897021864e-04
6.110100030899047852e+00 2.823303599800089793e-04 1.856537332212245461e-04
6.124700069427490234e+00 3.555781923971146276e-04 1.514769729235583931e-04
6.139299869537353516e+00 3.215894499014841776e-04 1.891868029571820416e-04
6.153899908065795898e+00 3.365667557580763491e-04 1.669948295454218908e-04
6.168499946594238281e+00 4.041966895457638621e-04 1.825986655579275527e-04
6.183099985122680664e+00 4.443607128893960960e-04 1.418908899424487662e-04
6.197700023651123047e+00 4.346811930718643443e-04 1.733231863882259193e-04
6.212300062179565430e+00 4.901593542772099930e-04 1.619842118270774982e-04
6.226900100708007812e+00 3.147595330825969043e-04 1.851730273796834379e-04
6.241499900817871094e+00 2.706726631636972554e-04 1.852311652405298390e-04
6.256099939346313477e+00 1.872878471446633218e-04 2.182847442999603818e-04
6.270699977874755859e+00 4.862175666919998549e-04 1.663126365219870040e-04
6.285300016403198242e+00 4.004280677604023057e-04 1.929848606454697617e-04
6.299900054931640625e+00 4.130979612509189970e-04 1.947419147030858555e-04
6.314500093460083008e+00 5.197829370324573688e-04 1.858623115113300676e-04
6.329100131988525391e+00 4.517034729297037215e-04 2.110366678851464430e-04
6.343699932098388672e+00 4.034636068334982286e-04 1.989013873735660299e-04
6.358299970626831055e+00 6.142906162817544447e-04 2.061435665562628636e-04
6.372900009155273438e+00 6.364879510313945117e-04 1.948181651202973762e-04
6.387500047683715820e+00 7.795210990495769505e-04 1.853431271948745643e-04
6.402100086212158203e+00 8.438953839899839037e-04 1.712657796702180435e-04
6.416699886322021484e+00 8.540635870429876377e-04 1.903143659357907781e-04
6.431299924850463867e+00 8.983471080134735687e-04 2.216891670911310362e-04
6.445899963378906250e+00 7.323631447081359715e-04 2.318632829484742878e-04
6.460500001907348633e+00 8.615929703378194266e-04 2.242192613081569184e-04
6.475100040435791016e+00 8.830151006934984764e-04 2.393645873312889578e-04
6.489700078964233398e+00 9.916198988636762066e-04 2.172903160715838921e-04
6.504300117492675781e+00 7.312411376965450172e-04 2.118478183040433478e-04
6.518899917602539062e+00 6.649736985333110735e-04 2.265117271790179152e-04
6.533499956130981445e+00 6.212902102416958342e-04 2.873135009070959989e-04
6.548099994659423828e+00 5.732179445869872931e-04 2.547863947272676461e-04
6.562700033187866211e+00 8.342135602086386912e-04 2.053170212742962619e-04
6.577300071716308594e+00 6.148696037898658540e-04 2.473601181986400202e-04
6.591899871826171875e+00 4.303479092383053926e-04 2.583680172920700419e-04
6.606499910354614258e+00 6.861643562985317605e-04 2.060968715072567826e-04
6.621099948883056641e+00 6.066033877925178707e-04 2.394766203239857231e-04
6.635699987411499023e+00 5.237162623619727756e-04 2.046216666240469430e-04
6.650300025939941406e+00 5.715143176225133230e-04 2.430754459855464394e-04
6.664900064468383789e+00 4.864755312685756748e-04 2.072394833360474405e-04
6.679500102996826172e+00 4.863345624397399599e-04 2.453904590798262442e-04
6.694099903106689453e+00 4.302674642200627459e-04 2.462700576084808505e-04
6.708699941635131836e+00 4.136133730149223480e-04 2.641758589847931367e-04
6.723299980163574219e+00 4.768441694726253087e-04 2.525183761091403839e-04
6.737900018692016602e+00 4.114627934724444588e-04 2.149611681225980955e-04
6.752500057220458984e+00 7.570671398024142679e-04 2.054952707205797801e-04
6.767100095748901367e+00 5.882552421481200078e-04 2.252140106444902557e-04
6.781700134277343750e+00 2.667155223784325535e-04 2.741469638017122817e-04
6.796299934387207031e+00 6.012218819408845626e-04 2.301782995161831677e-04
6.810899972915649414e+00 5.718246943714385680e-04 2.526282093986687276e-04
6.825500011444091797e+00 5.569188018196135227e-04 2.083472646442053970e-04
6.840100049972534180e+00 3.800769015969740787e-04 2.520857211509719290e-04
6.854700088500976562e+00 1.400823477340380752e-04 2.675625920991854339e-04
6.869299888610839844e+00 1.317630531149884736e-04 2.889774043575090595e-04
6.883899927139282227e+00 1.050390794966276866e-04 2.914812502601661702e-04
6.898499965667724609e+00 2.366460130117960107e-04 2.350057547134045820e-04
6.913100004196166992e+00 4.766456625523317792e-04 1.826779608540928369e-04
6.927700042724609375e+00 4.279586344892060594e-04 2.190444272892723497e-04
6.942300081253051758e+00 3.632909800568201496e-04 2.475228161214500081e-04
#6.956900119781494141e+00 3.652451979507665542e-05 3.067235875111627773e-04
6.971499919891357422e+00 3.827313867686292547e-04 2.245018911603417799e-04
6.986099958419799805e+00 3.195118838050711989e-04 2.796439060044466967e-04
#7.000699996948242188e+00 0.000000000000000000e+00 0.000000000000000000e+00
#BEGIN SOURCE MODEL
7.004999999999999893e+00 3.049689999999999866e-04 0.000000000000000000e+00
7.014999999999999680e+00 3.040520000000000223e-04 0.000000000000000000e+00
7.025000000000000355e+00 3.031399999999999741e-04 0.000000000000000000e+00
7.035000000000000142e+00 3.022319999999999889e-04 0.000000000000000000e+00
7.044999999999999929e+00 3.013269999999999968e-04 0.000000000000000000e+00
7.054999999999999716e+00 3.004269999999999749e-04 0.000000000000000000e+00
7.064999999999999503e+00 2.995300000000000002e-04 0.000000000000000000e+00
7.075000000000000178e+00 2.986379999999999959e-04 0.000000000000000000e+00
7.084999999999999964e+00 2.977489999999999846e-04 0.000000000000000000e+00
7.094999999999999751e+00 2.968639999999999821e-04 0.000000000000000000e+00
7.105000000000000426e+00 2.959829999999999883e-04 0.000000000000000000e+00
7.115000000000000213e+00 2.945910000000000260e-04 0.000000000000000000e+00
7.125000000000000000e+00 2.935479999999999752e-04 0.000000000000000000e+00
7.134999999999999787e+00 2.926820000000000008e-04 0.000000000000000000e+00
7.144999999999999574e+00 2.918209999999999966e-04 0.000000000000000000e+00
7.155000000000000249e+00 2.909629999999999855e-04 0.000000000000000000e+00
7.165000000000000036e+00 2.901089999999999832e-04 0.000000000000000000e+00
7.174999999999999822e+00 2.892589999999999897e-04 0.000000000000000000e+00
7.185000000000000497e+00 2.884119999999999891e-04 0.000000000000000000e+00
7.195000000000000284e+00 2.875689999999999974e-04 0.000000000000000000e+00
7.205000000000000071e+00 2.867300000000000144e-04 0.000000000000000000e+00
7.214999999999999858e+00 2.858940000000000244e-04 0.000000000000000000e+00
7.224999999999999645e+00 2.850619999999999890e-04 0.000000000000000000e+00
7.235000000000000320e+00 2.842330000000000008e-04 0.000000000000000000e+00
7.245000000000000107e+00 2.834080000000000214e-04 0.000000000000000000e+00
7.254999999999999893e+00 2.825859999999999809e-04 0.000000000000000000e+00
7.264999999999999680e+00 2.817680000000000033e-04 0.000000000000000000e+00
7.275000000000000355e+00 2.809530000000000187e-04 0.000000000000000000e+00
7.285000000000000142e+00 2.801419999999999887e-04 0.000000000000000000e+00
7.294999999999999929e+00 2.793340000000000059e-04 0.000000000000000000e+00
7.304999999999999716e+00 2.785299999999999777e-04 0.000000000000000000e+00
7.314999999999999503e+00 2.777289999999999967e-04 0.000000000000000000e+00
7.325000000000000178e+00 2.769310000000000088e-04 0.000000000000000000e+00
7.334999999999999964e+00 2.761369999999999754e-04 0.000000000000000000e+00
7.344999999999999751e+00 2.753459999999999892e-04 0.000000000000000000e+00
7.355000000000000426e+00 2.745590000000000118e-04 0.000000000000000000e+00
7.365000000000000213e+00 2.737740000000000117e-04 0.000000000000000000e+00
7.375000000000000000e+00 2.729930000000000204e-04 0.000000000000000000e+00
7.384999999999999787e+00 2.722159999999999836e-04 0.000000000000000000e+00
7.394999999999999574e+00 2.714409999999999783e-04 0.000000000000000000e+00
7.405000000000000249e+00 2.706699999999999818e-04 0.000000000000000000e+00
7.415000000000000036e+00 2.699019999999999783e-04 0.000000000000000000e+00
7.424999999999999822e+00 2.691370000000000220e-04 0.000000000000000000e+00
7.435000000000000497e+00 2.683750000000000046e-04 0.000000000000000000e+00
7.445000000000000284e+00 2.676169999999999959e-04 0.000000000000000000e+00
7.455000000000000071e+00 2.668619999999999803e-04 0.000000000000000000e+00
7.464999999999999858e+00 2.661089999999999962e-04 0.000000000000000000e+00
7.474999999999999645e+00 2.653600000000000208e-04 0.000000000000000000e+00
7.485000000000000320e+00 2.646139999999999842e-04 0.000000000000000000e+00
7.495000000000000107e+00 2.638709999999999949e-04 0.000000000000000000e+00
7.504999999999999893e+00 2.631309999999999986e-04 0.000000000000000000e+00
7.514999999999999680e+00 2.623950000000000110e-04 0.000000000000000000e+00
7.525000000000000355e+00 2.616610000000000008e-04 0.000000000000000000e+00
7.535000000000000142e+00 2.609299999999999836e-04 0.000000000000000000e+00
7.544999999999999929e+00 2.602020000000000136e-04 0.000000000000000000e+00
7.554999999999999716e+00 2.594769999999999824e-04 0.000000000000000000e+00
7.564999999999999503e+00 2.587560000000000142e-04 0.000000000000000000e+00
7.575000000000000178e+00 2.580370000000000233e-04 0.000000000000000000e+00
7.584999999999999964e+00 2.573210000000000254e-04 0.000000000000000000e+00
7.594999999999999751e+00 2.566080000000000205e-04 0.000000000000000000e+00
7.605000000000000426e+00 2.558980000000000087e-04 0.000000000000000000e+00
7.615000000000000213e+00 2.551899999999999741e-04 0.000000000000000000e+00
7.625000000000000000e+00 2.544860000000000026e-04 0.000000000000000000e+00
7.634999999999999787e+00 2.537840000000000083e-04 0.000000000000000000e+00
7.644999999999999574e+00 2.530860000000000228e-04 0.000000000000000000e+00
7.655000000000000249e+00 2.523900000000000145e-04 0.000000000000000000e+00
7.665000000000000036e+00 2.516969999999999993e-04 0.000000000000000000e+00
7.674999999999999822e+00 2.510060000000000156e-04 0.000000000000000000e+00
7.685000000000000497e+00 2.503189999999999864e-04 0.000000000000000000e+00
7.695000000000000284e+00 2.496339999999999887e-04 0.000000000000000000e+00
7.705000000000000071e+00 2.489519999999999841e-04 0.000000000000000000e+00
7.714999999999999858e+00 2.482720000000000109e-04 0.000000000000000000e+00
7.724999999999999645e+00 2.475949999999999766e-04 0.000000000000000000e+00
7.735000000000000320e+00 2.469220000000000052e-04 0.000000000000000000e+00
7.745000000000000107e+00 2.462499999999999954e-04 0.000000000000000000e+00
7.754999999999999893e+00 2.455819999999999943e-04 0.000000000000000000e+00
7.764999999999999680e+00 2.449160000000000247e-04 0.000000000000000000e+00
7.775000000000000355e+00 2.442529999999999940e-04 0.000000000000000000e+00
7.785000000000000142e+00 2.435919999999999947e-04 0.000000000000000000e+00
7.794999999999999929e+00 2.429350000000000042e-04 0.000000000000000000e+00
7.804999999999999716e+00 2.422790000000000024e-04 0.000000000000000000e+00
7.814999999999999503e+00 2.416270000000000093e-04 0.000000000000000000e+00
7.825000000000000178e+00 2.409760000000000049e-04 0.000000000000000000e+00
7.834999999999999964e+00 2.403290000000000092e-04 0.000000000000000000e+00
7.844999999999999751e+00 2.396839999999999908e-04 0.000000000000000000e+00
7.855000000000000426e+00 2.390410000000000039e-04 0.000000000000000000e+00
7.865000000000000213e+00 2.384010000000000100e-04 0.000000000000000000e+00
7.875000000000000000e+00 2.377640000000000092e-04 0.000000000000000000e+00
7.884999999999999787e+00 2.371290000000000127e-04 0.000000000000000000e+00
7.894999999999999574e+00 2.364970000000000093e-04 0.000000000000000000e+00
7.905000000000000249e+00 2.358670000000000102e-04 0.000000000000000000e+00
7.915000000000000036e+00 2.352389999999999885e-04 0.000000000000000000e+00
7.924999999999999822e+00 2.346139999999999868e-04 0.000000000000000000e+00
7.935000000000000497e+00 2.339920000000000053e-04 0.000000000000000000e+00
7.945000000000000284e+00 2.333720000000000011e-04 0.000000000000000000e+00
7.955000000000000071e+00 2.327540000000000013e-04 0.000000000000000000e+00
7.964999999999999858e+00 2.321380000000000058e-04 0.000000000000000000e+00
7.974999999999999645e+00 2.315250000000000034e-04 0.000000000000000000e+00
7.985000000000000320e+00 2.309149999999999940e-04 0.000000000000000000e+00
7.995000000000000107e+00 2.303069999999999889e-04 0.000000000000000000e+00
8.004999999999999005e+00 2.297009999999999883e-04 0.000000000000000000e+00
8.015000000000000568e+00 2.290969999999999921e-04 0.000000000000000000e+00
8.024999999999998579e+00 2.284959999999999888e-04 0.000000000000000000e+00
8.035000000000000142e+00 2.278969999999999900e-04 0.000000000000000000e+00
8.044999999999999929e+00 2.272999999999999955e-04 0.000000000000000000e+00
8.054999999999999716e+00 2.267059999999999941e-04 0.000000000000000000e+00
8.065000000000001279e+00 2.261139999999999971e-04 0.000000000000000000e+00
8.074999999999999289e+00 2.255240000000000044e-04 0.000000000000000000e+00
8.085000000000000853e+00 2.249370000000000048e-04 0.000000000000000000e+00
8.094999999999998863e+00 2.243520000000000095e-04 0.000000000000000000e+00
8.105000000000000426e+00 2.237689999999999916e-04 0.000000000000000000e+00
8.114999999999998437e+00 2.231880000000000051e-04 0.000000000000000000e+00
8.125000000000000000e+00 2.226089999999999959e-04 0.000000000000000000e+00
8.135000000000001563e+00 2.220330000000000068e-04 0.000000000000000000e+00
8.144999999999999574e+00 2.214589999999999950e-04 0.000000000000000000e+00
8.155000000000001137e+00 2.208869999999999877e-04 0.000000000000000000e+00
8.164999999999999147e+00 2.203170000000000117e-04 0.000000000000000000e+00
8.175000000000000711e+00 2.197490000000000131e-04 0.000000000000000000e+00
8.184999999999998721e+00 2.191840000000000075e-04 0.000000000000000000e+00
8.195000000000000284e+00 2.186199999999999906e-04 0.000000000000000000e+00
8.205000000000000071e+00 2.180589999999999937e-04 0.000000000000000000e+00
8.214999999999999858e+00 2.175000000000000013e-04 0.000000000000000000e+00
8.225000000000001421e+00 2.169430000000000132e-04 0.000000000000000000e+00
8.234999999999999432e+00 2.163880000000000024e-04 0.000000000000000000e+00
8.245000000000000995e+00 2.158349999999999960e-04 0.000000000000000000e+00
8.254999999999999005e+00 2.152839999999999940e-04 0.000000000000000000e+00
8.265000000000000568e+00 2.147349999999999964e-04 0.000000000000000000e+00
8.274999999999998579e+00 2.141889999999999918e-04 0.000000000000000000e+00
8.285000000000000142e+00 2.136440000000000030e-04 0.000000000000000000e+00
8.294999999999999929e+00 2.131020000000000071e-04 0.000000000000000000e+00
8.304999999999999716e+00 2.125609999999999999e-04 0.000000000000000000e+00
8.315000000000001279e+00 2.120219999999999971e-04 0.000000000000000000e+00
8.324999999999999289e+00 2.114859999999999874e-04 0.000000000000000000e+00
8.335000000000000853e+00 2.109400000000000099e-04 0.000000000000000000e+00
8.344999999999998863e+00 2.104030000000000115e-04 0.000000000000000000e+00
8.355000000000000426e+00 2.098719999999999991e-04 0.000000000000000000e+00
8.364999999999998437e+00 2.093440000000000069e-04 0.000000000000000000e+00
8.375000000000000000e+00 2.088170000000000033e-04 0.000000000000000000e+00
8.385000000000001563e+00 2.082929999999999927e-04 0.000000000000000000e+00
8.394999999999999574e+00 2.077699999999999979e-04 0.000000000000000000e+00
8.405000000000001137e+00 2.072490000000000074e-04 0.000000000000000000e+00
8.414999999999999147e+00 2.067299999999999943e-04 0.000000000000000000e+00
8.425000000000000711e+00 2.062130000000000126e-04 0.000000000000000000e+00
8.434999999999998721e+00 2.056980000000000082e-04 0.000000000000000000e+00
8.445000000000000284e+00 2.051850000000000082e-04 0.000000000000000000e+00
8.455000000000000071e+00 2.046740000000000126e-04 0.000000000000000000e+00
8.464999999999999858e+00 2.041640000000000056e-04 0.000000000000000000e+00
8.475000000000001421e+00 2.036569999999999917e-04 0.000000000000000000e+00
8.484999999999999432e+00 2.031509999999999935e-04 0.000000000000000000e+00
8.495000000000000995e+00 2.026469999999999997e-04 0.000000000000000000e+00
8.504999999999999005e+00 2.021450000000000102e-04 0.000000000000000000e+00
8.515000000000000568e+00 2.016449999999999981e-04 0.000000000000000000e+00
8.524999999999998579e+00 2.011460000000000017e-04 0.000000000000000000e+00
8.535000000000000142e+00 2.006499999999999983e-04 0.000000000000000000e+00
8.544999999999999929e+00 2.001550000000000106e-04 0.000000000000000000e+00
8.554999999999999716e+00 1.996620000000000003e-04 0.000000000000000000e+00
8.565000000000001279e+00 1.991709999999999943e-04 0.000000000000000000e+00
8.574999999999999289e+00 1.986810000000000041e-04 0.000000000000000000e+00
8.585000000000000853e+00 1.981940000000000069e-04 0.000000000000000000e+00
8.594999999999998863e+00 1.977079999999999983e-04 0.000000000000000000e+00
8.605000000000000426e+00 1.972230000000000055e-04 0.000000000000000000e+00
8.614999999999998437e+00 1.967410000000000057e-04 0.000000000000000000e+00
8.625000000000000000e+00 1.962599999999999946e-04 0.000000000000000000e+00
8.635000000000001563e+00 1.957809999999999878e-04 0.000000000000000000e+00
8.644999999999999574e+00 1.953040000000000125e-04 0.000000000000000000e+00
8.655000000000001137e+00 1.948289999999999874e-04 0.000000000000000000e+00
8.664999999999999147e+00 1.943550000000000052e-04 0.000000000000000000e+00
8.675000000000000711e+00 1.938830000000000002e-04 0.000000000000000000e+00
8.684999999999998721e+00 1.934120000000000110e-04 0.000000000000000000e+00
8.695000000000000284e+00 1.929429999999999991e-04 0.000000000000000000e+00
8.705000000000000071e+00 1.924759999999999915e-04 0.000000000000000000e+00
8.714999999999999858e+00 1.920109999999999883e-04 0.000000000000000000e+00
8.725000000000001421e+00 1.915470000000000009e-04 0.000000000000000000e+00
8.734999999999999432e+00 1.910849999999999908e-04 0.000000000000000000e+00
8.745000000000000995e+00 1.906239999999999964e-04 0.000000000000000000e+00
8.754999999999999005e+00 1.901650000000000063e-04 0.000000000000000000e+00
8.765000000000000568e+00 1.897079999999999936e-04 0.000000000000000000e+00
8.774999999999998579e+00 1.892519999999999966e-04 0.000000000000000000e+00
8.785000000000000142e+00 1.887980000000000040e-04 0.000000000000000000e+00
8.794999999999999929e+00 1.883459999999999887e-04 0.000000000000000000e+00
8.804999999999999716e+00 1.878949999999999891e-04 0.000000000000000000e+00
8.815000000000001279e+00 1.874459999999999939e-04 0.000000000000000000e+00
8.824999999999999289e+00 1.869979999999999874e-04 0.000000000000000000e+00
8.835000000000000853e+00 1.865520000000000123e-04 0.000000000000000000e+00
8.844999999999998863e+00 1.861069999999999988e-04 0.000000000000000000e+00
8.855000000000000426e+00 1.856639999999999896e-04 0.000000000000000000e+00
8.864999999999998437e+00 1.852230000000000120e-04 0.000000000000000000e+00
8.875000000000000000e+00 1.847829999999999959e-04 0.000000000000000000e+00
8.885000000000001563e+00 1.843450000000000112e-04 0.000000000000000000e+00
8.894999999999999574e+00 1.839079999999999881e-04 0.000000000000000000e+00
8.905000000000001137e+00 1.834720000000000079e-04 0.000000000000000000e+00
8.914999999999999147e+00 1.830389999999999936e-04 0.000000000000000000e+00
8.925000000000000711e+00 1.826060000000000064e-04 0.000000000000000000e+00
8.934999999999998721e+00 1.821749999999999964e-04 0.000000000000000000e+00
8.945000000000000284e+00 1.817459999999999909e-04 0.000000000000000000e+00
8.955000000000000071e+00 1.813180000000000011e-04 0.000000000000000000e+00
8.964999999999999858e+00 1.808919999999999886e-04 0.000000000000000000e+00
8.975000000000001421e+00 1.804669999999999918e-04 0.000000000000000000e+00
8.984999999999999432e+00 1.800439999999999994e-04 0.000000000000000000e+00
8.995000000000000995e+00 1.796219999999999956e-04 0.000000000000000000e+00
9.004999999999999005e+00 1.792010000000000076e-04 0.000000000000000000e+00
9.015000000000000568e+00 1.787819999999999969e-04 0.000000000000000000e+00
9.024999999999998579e+00 1.783640000000000019e-04 0.000000000000000000e+00
9.035000000000000142e+00 1.779480000000000113e-04 0.000000000000000000e+00
9.044999999999999929e+00 1.775330000000000094e-04 0.000000000000000000e+00
9.054999999999999716e+00 1.771200000000000118e-04 0.000000000000000000e+00
9.065000000000001279e+00 1.767080000000000029e-04 0.000000000000000000e+00
9.074999999999999289e+00 1.762979999999999983e-04 0.000000000000000000e+00
9.085000000000000853e+00 1.758879999999999938e-04 0.000000000000000000e+00
9.094999999999998863e+00 1.754810000000000094e-04 0.000000000000000000e+00
9.105000000000000426e+00 1.750739999999999979e-04 0.000000000000000000e+00
9.114999999999998437e+00 1.746689999999999907e-04 0.000000000000000000e+00
9.125000000000000000e+00 1.742659999999999880e-04 0.000000000000000000e+00
9.135000000000001563e+00 1.738640000000000010e-04 0.000000000000000000e+00
9.144999999999999574e+00 1.734630000000000026e-04 0.000000000000000000e+00
9.155000000000001137e+00 1.730629999999999929e-04 0.000000000000000000e+00
9.164999999999999147e+00 1.726649999999999875e-04 0.000000000000000000e+00
9.175000000000000711e+00 1.722679999999999980e-04 0.000000000000000000e+00
9.184999999999998721e+00 1.718730000000000127e-04 0.000000000000000000e+00
9.195000000000000284e+00 1.714789999999999891e-04 0.000000000000000000e+00
9.205000000000000071e+00 1.710860000000000083e-04 0.000000000000000000e+00
9.214999999999999858e+00 1.706939999999999890e-04 0.000000000000000000e+00
9.225000000000001421e+00 1.703040000000000012e-04 0.000000000000000000e+00
9.234999999999999432e+00 1.699150000000000020e-04 0.000000000000000000e+00
9.245000000000000995e+00 1.695280000000000072e-04 0.000000000000000000e+00
9.254999999999999005e+00 1.691420000000000011e-04 0.000000000000000000e+00
9.265000000000000568e+00 1.687570000000000107e-04 0.000000000000000000e+00
9.274999999999998579e+00 1.683730000000000090e-04 0.000000000000000000e+00
9.285000000000000142e+00 1.679910000000000116e-04 0.000000000000000000e+00
9.294999999999999929e+00 1.676100000000000029e-04 0.000000000000000000e+00
9.304999999999999716e+00 1.672300000000000099e-04 0.000000000000000000e+00
9.315000000000001279e+00 1.668510000000000056e-04 0.000000000000000000e+00
9.324999999999999289e+00 1.664740000000000057e-04 0.000000000000000000e+00
9.335000000000000853e+00 1.660979999999999943e-04 0.000000000000000000e+00
9.344999999999998863e+00 1.657229999999999988e-04 0.000000000000000000e+00
9.355000000000000426e+00 1.653489999999999919e-04 0.000000000000000000e+00
9.364999999999998437e+00 1.649769999999999893e-04 0.000000000000000000e+00
9.375000000000000000e+00 1.646060000000000025e-04 0.000000000000000000e+00
9.385000000000001563e+00 1.642360000000000044e-04 0.000000000000000000e+00
9.394999999999999574e+00 1.638669999999999949e-04 0.000000000000000000e+00
9.405000000000001137e+00 1.634999999999999897e-04 0.000000000000000000e+00
9.414999999999999147e+00 1.631340000000000004e-04 0.000000000000000000e+00
9.425000000000000711e+00 1.627689999999999996e-04 0.000000000000000000e+00
9.434999999999998721e+00 1.624049999999999875e-04 0.000000000000000000e+00
9.445000000000000284e+00 1.620419999999999912e-04 0.000000000000000000e+00
9.455000000000000071e+00 1.616809999999999992e-04 0.000000000000000000e+00
9.464999999999999858e+00 1.613200000000000072e-04 0.000000000000000000e+00
9.475000000000001421e+00 1.609609999999999925e-04 0.000000000000000000e+00
9.484999999999999432e+00 1.606040000000000093e-04 0.000000000000000000e+00
9.495000000000000995e+00 1.602469999999999990e-04 0.000000000000000000e+00
9.504999999999999005e+00 1.598910000000000045e-04 0.000000000000000000e+00
9.515000000000000568e+00 1.595369999999999872e-04 0.000000000000000000e+00
9.524999999999998579e+00 1.591840000000000128e-04 0.000000000000000000e+00
9.535000000000000142e+00 1.588310000000000112e-04 0.000000000000000000e+00
9.544999999999999929e+00 1.584799999999999870e-04 0.000000000000000000e+00
9.554999999999999716e+00 1.581309999999999942e-04 0.000000000000000000e+00
9.565000000000001279e+00 1.577820000000000015e-04 0.000000000000000000e+00
9.574999999999999289e+00 1.574339999999999973e-04 0.000000000000000000e+00
9.585000000000000853e+00 1.570879999999999976e-04 0.000000000000000000e+00
9.594999999999998863e+00 1.567429999999999865e-04 0.000000000000000000e+00
9.605000000000000426e+00 1.563980000000000025e-04 0.000000000000000000e+00
9.614999999999998437e+00 1.560549999999999958e-04 0.000000000000000000e+00
9.625000000000000000e+00 1.557130000000000048e-04 0.000000000000000000e+00
9.635000000000001563e+00 1.553720000000000025e-04 0.000000000000000000e+00
9.644999999999999574e+00 1.550330000000000046e-04 0.000000000000000000e+00
9.655000000000001137e+00 1.546940000000000066e-04 0.000000000000000000e+00
9.664999999999999147e+00 1.543559999999999973e-04 0.000000000000000000e+00
9.675000000000000711e+00 1.540199999999999924e-04 0.000000000000000000e+00
9.684999999999998721e+00 1.536839999999999875e-04 0.000000000000000000e+00
9.695000000000000284e+00 1.533499999999999870e-04 0.000000000000000000e+00
9.705000000000000071e+00 1.530170000000000022e-04 0.000000000000000000e+00
9.714999999999999858e+00 1.526839999999999903e-04 0.000000000000000000e+00
9.725000000000001421e+00 1.523530000000000099e-04 0.000000000000000000e+00
9.734999999999999432e+00 1.520229999999999910e-04 0.000000000000000000e+00
9.745000000000000995e+00 1.516939999999999879e-04 0.000000000000000000e+00
9.754999999999999005e+00 1.513660000000000005e-04 0.000000000000000000e+00
9.765000000000000568e+00 1.510390000000000018e-04 0.000000000000000000e+00
9.774999999999998579e+00 1.507129999999999917e-04 0.000000000000000000e+00
9.785000000000000142e+00 1.503879999999999974e-04 0.000000000000000000e+00
9.794999999999999929e+00 1.500639999999999917e-04 0.000000000000000000e+00
9.804999999999999716e+00 1.497410000000000017e-04 0.000000000000000000e+00
9.815000000000001279e+00 1.494199999999999890e-04 0.000000000000000000e+00
9.824999999999999289e+00 1.490990000000000034e-04 0.000000000000000000e+00
9.835000000000000853e+00 1.487790000000000065e-04 0.000000000000000000e+00
9.844999999999998863e+00 1.484599999999999982e-04 0.000000000000000000e+00
9.855000000000000426e+00 1.481420000000000057e-04 0.000000000000000000e+00
9.864999999999998437e+00 1.478250000000000018e-04 0.000000000000000000e+00
9.875000000000000000e+00 1.475100000000000022e-04 0.000000000000000000e+00
9.885000000000001563e+00 1.471950000000000027e-04 0.000000000000000000e+00
9.894999999999999574e+00 1.468809999999999918e-04 0.000000000000000000e+00
9.905000000000001137e+00 1.465679999999999967e-04 0.000000000000000000e+00
9.914999999999999147e+00 1.462559999999999902e-04 0.000000000000000000e+00
9.925000000000000711e+00 1.459449999999999994e-04 0.000000000000000000e+00
9.934999999999998721e+00 1.456349999999999973e-04 0.000000000000000000e+00
9.945000000000000284e+00 1.453269999999999996e-04 0.000000000000000000e+00
9.955000000000000071e+00 1.450190000000000019e-04 0.000000000000000000e+00
9.964999999999999858e+00 1.447110000000000041e-04 0.000000000000000000e+00
9.975000000000001421e+00 1.444050000000000108e-04 0.000000000000000000e+00
9.984999999999999432e+00 1.441000000000000061e-04 0.000000000000000000e+00
9.995000000000000995e+00 1.437959999999999900e-04 0.000000000000000000e+00
1.000499999999999901e+01 1.434929999999999897e-04 0.000000000000000000e+00
1.001500000000000057e+01 1.431910000000000051e-04 0.000000000000000000e+00
1.002499999999999858e+01 1.428889999999999934e-04 0.000000000000000000e+00
1.003500000000000014e+01 1.425890000000000133e-04 0.000000000000000000e+00
1.004499999999999993e+01 1.422890000000000060e-04 0.000000000000000000e+00
1.005499999999999972e+01 1.419910000000000031e-04 0.000000000000000000e+00
1.006500000000000128e+01 1.416930000000000002e-04 0.000000000000000000e+00
1.007499999999999929e+01 1.413960000000000130e-04 0.000000000000000000e+00
1.008500000000000085e+01 1.410999999999999874e-04 0.000000000000000000e+00
1.009499999999999886e+01 1.408059999999999932e-04 0.000000000000000000e+00
1.010500000000000043e+01 1.405119999999999991e-04 0.000000000000000000e+00
1.011499999999999844e+01 1.402180000000000050e-04 0.000000000000000000e+00
1.012500000000000000e+01 1.399259999999999881e-04 0.000000000000000000e+00
1.013500000000000156e+01 1.396349999999999870e-04 0.000000000000000000e+00
1.014499999999999957e+01 1.393450000000000016e-04 0.000000000000000000e+00
1.015500000000000114e+01 1.390549999999999892e-04 0.000000000000000000e+00
1.016499999999999915e+01 1.387659999999999924e-04 0.000000000000000000e+00
1.017500000000000071e+01 1.384790000000000001e-04 0.000000000000000000e+00
1.018499999999999872e+01 1.381920000000000078e-04 0.000000000000000000e+00
1.019500000000000028e+01 1.379060000000000041e-04 0.000000000000000000e+00
1.020500000000000007e+01 1.376200000000000004e-04 0.000000000000000000e+00
1.021499999999999986e+01 1.373360000000000010e-04 0.000000000000000000e+00
1.022500000000000142e+01 1.370529999999999904e-04 0.000000000000000000e+00
1.023499999999999943e+01 1.367700000000000068e-04 0.000000000000000000e+00
1.024500000000000099e+01 1.364890000000000005e-04 0.000000000000000000e+00
1.025499999999999901e+01 1.362079999999999942e-04 0.000000000000000000e+00
1.026500000000000057e+01 1.359280000000000037e-04 0.000000000000000000e+00
1.027499999999999858e+01 1.356480000000000131e-04 0.000000000000000000e+00
1.028500000000000014e+01 1.353699999999999999e-04 0.000000000000000000e+00
1.029499999999999993e+01 1.350930000000000024e-04 0.000000000000000000e+00
1.030499999999999972e+01 1.348160000000000048e-04 0.000000000000000000e+00
1.031500000000000128e+01 1.345399999999999960e-04 0.000000000000000000e+00
1.032499999999999929e+01 1.342650000000000028e-04 0.000000000000000000e+00
1.033500000000000085e+01 1.339909999999999983e-04 0.000000000000000000e+00
1.034499999999999886e+01 1.337180000000000096e-04 0.000000000000000000e+00
1.035500000000000043e+01 1.334449999999999937e-04 0.000000000000000000e+00
1.036499999999999844e+01 1.331740000000000094e-04 0.000000000000000000e+00
1.037500000000000000e+01 1.329029999999999979e-04 0.000000000000000000e+00
1.038500000000000156e+01 1.326330000000000022e-04 0.000000000000000000e+00
1.039499999999999957e+01 1.323630000000000065e-04 0.000000000000000000e+00
1.040500000000000114e+01 1.320949999999999880e-04 0.000000000000000000e+00
1.041499999999999915e+01 1.318269999999999967e-04 0.000000000000000000e+00
1.042500000000000071e+01 1.315599999999999940e-04 0.000000000000000000e+00
1.043499999999999872e+01 1.312940000000000071e-04 0.000000000000000000e+00
1.044500000000000028e+01 1.310290000000000087e-04 0.000000000000000000e+00
1.045500000000000007e+01 1.307649999999999991e-04 0.000000000000000000e+00
1.046499999999999986e+01 1.305009999999999894e-04 0.000000000000000000e+00
1.047500000000000142e+01 1.302379999999999955e-04 0.000000000000000000e+00
1.048499999999999943e+01 1.299759999999999902e-04 0.000000000000000000e+00
1.049500000000000099e+01 1.297140000000000120e-04 0.000000000000000000e+00
1.050499999999999901e+01 1.294540000000000111e-04 0.000000000000000000e+00
1.051500000000000057e+01 1.291940000000000102e-04 0.000000000000000000e+00
1.052499999999999858e+01 1.289349999999999980e-04 0.000000000000000000e+00
1.053500000000000014e+01 1.286770000000000014e-04 0.000000000000000000e+00
1.054499999999999993e+01 1.284190000000000049e-04 0.000000000000000000e+00
1.055499999999999972e+01 1.281619999999999971e-04 0.000000000000000000e+00
1.056500000000000128e+01 1.279060000000000049e-04 0.000000000000000000e+00
1.057499999999999929e+01 1.276510000000000014e-04 0.000000000000000000e+00
1.058500000000000085e+01 1.273959999999999980e-04 0.000000000000000000e+00
1.059499999999999886e+01 1.271429999999999989e-04 0.000000000000000000e+00
1.060500000000000043e+01 1.268899999999999998e-04 0.000000000000000000e+00
1.061499999999999844e+01 1.266370000000000007e-04 0.000000000000000000e+00
1.062500000000000000e+01 1.263860000000000059e-04 0.000000000000000000e+00
1.063500000000000156e+01 1.261350000000000112e-04 0.000000000000000000e+00
1.064499999999999957e+01 1.258850000000000051e-04 0.000000000000000000e+00
1.065500000000000114e+01 1.256349999999999991e-04 0.000000000000000000e+00
1.066499999999999915e+01 1.253869999999999974e-04 0.000000000000000000e+00
1.067500000000000071e+01 1.251389999999999957e-04 0.000000000000000000e+00
1.068499999999999872e+01 1.248920000000000097e-04 0.000000000000000000e+00
1.069500000000000028e+01 1.246449999999999967e-04 0.000000000000000000e+00
1.070500000000000007e+01 1.243989999999999994e-04 0.000000000000000000e+00
1.071499999999999986e+01 1.241539999999999907e-04 0.000000000000000000e+00
1.072500000000000142e+01 1.239099999999999978e-04 0.000000000000000000e+00
1.073499999999999943e+01 1.236660000000000049e-04 0.000000000000000000e+00
1.074500000000000099e+01 1.234230000000000006e-04 0.000000000000000000e+00
1.075499999999999901e+01 1.231810000000000121e-04 0.000000000000000000e+00
1.076500000000000057e+01 1.229400000000000122e-04 0.000000000000000000e+00
1.077499999999999858e+01 1.226990000000000123e-04 0.000000000000000000e+00
1.078500000000000014e+01 1.224590000000000010e-04 0.000000000000000000e+00
1.079499999999999993e+01 1.222189999999999898e-04 0.000000000000000000e+00
1.080499999999999972e+01 1.219799999999999942e-04 0.000000000000000000e+00
1.081500000000000128e+01 1.217420000000000009e-04 0.000000000000000000e+00
1.082499999999999929e+01 1.215049999999999963e-04 0.000000000000000000e+00
1.083500000000000085e+01 1.212680000000000051e-04 0.000000000000000000e+00
1.084499999999999886e+01 1.210320000000000026e-04 0.000000000000000000e+00
1.085500000000000043e+01 1.207970000000000024e-04 0.000000000000000000e+00
1.086499999999999844e+01 1.205620000000000021e-04 0.000000000000000000e+00
1.087500000000000000e+01 1.203280000000000040e-04 0.000000000000000000e+00
1.088500000000000156e+01 1.200949999999999945e-04 0.000000000000000000e+00
1.089499999999999957e+01 1.198619999999999986e-04 0.000000000000000000e+00
1.090500000000000114e+01 1.196300000000000049e-04 0.000000000000000000e+00
1.091499999999999915e+01 1.193989999999999998e-04 0.000000000000000000e+00
1.092500000000000071e+01 1.191679999999999947e-04 0.000000000000000000e+00
1.093499999999999872e+01 1.189380000000000054e-04 0.000000000000000000e+00
1.094500000000000028e+01 1.187090000000000047e-04 0.000000000000000000e+00
1.095500000000000007e+01 1.184800000000000040e-04 0.000000000000000000e+00
1.096499999999999986e+01 1.182520000000000055e-04 0.000000000000000000e+00
1.097500000000000142e+01 1.180239999999999935e-04 0.000000000000000000e+00
1.098499999999999943e+01 1.177969999999999972e-04 0.000000000000000000e+00
1.099500000000000099e+01 1.175710000000000031e-04 0.000000000000000000e+00
