3.212000057101249695e-01 1.363455245211274945e-02 4.524232379338249607e-03
3.504000008106231689e-01 1.021379738336605086e-02 9.023413866149724086e-03
3.795999959111213684e-01 2.589772463921300241e-02 8.635035571716399155e-03
4.088000059127807617e-01 1.999801671611931009e-02 6.922878380809532710e-03
4.380000010132789612e-01 2.303618495351355405e-02 3.730687674509562679e-03
4.599000066518783569e-01 2.058420456141915947e-02 4.670788832242893027e-03
4.745000004768371582e-01 1.894836151106239763e-02 5.111993778407693777e-03
4.890999943017959595e-01 2.081433039834017923e-02 4.057585650683196397e-03
5.036999881267547607e-01 1.395947695096445146e-02 4.856613855394624132e-03
5.182999968528747559e-01 1.827541929755656380e-02 3.973543640530628057e-03
5.329000055789947510e-01 1.161397312202631406e-02 2.194695426444590990e-03
5.474999845027923584e-01 1.276000989784924385e-02 2.753488522221385175e-03
5.620999932289123535e-01 1.690153174951806309e-02 2.716839974217866507e-03
5.767000019550323486e-01 1.778025436346331381e-02 2.368084540485373805e-03
5.912999808788299561e-01 1.538223184012903720e-02 2.504249774416970279e-03
6.058999896049499512e-01 1.475738845709730941e-02 2.370939086889788626e-03
6.204999983310699463e-01 1.328037216466829672e-02 2.533885077492986464e-03
6.351000070571899414e-01 1.535818966154304556e-02 2.258221876574701206e-03
6.497000157833099365e-01 1.256166697299861829e-02 1.989297064352346916e-03
6.642999947071075439e-01 1.394473239850019600e-02 1.707899462763852981e-03
6.789000034332275391e-01 1.186678265448013088e-02 1.790634445020572408e-03
6.935000121593475342e-01 1.109613912196197490e-02 1.725744673677248944e-03
7.080999910831451416e-01 1.302353381770009200e-02 1.354351677211074276e-03
7.226999998092651367e-01 1.004880151076640964e-02 1.398457531816638989e-03
7.373000085353851318e-01 9.945310490915052273e-03 1.302797867757539939e-03
7.518999874591827393e-01 1.023710987993675832e-02 1.124069096912633193e-03
7.664999961853027344e-01 1.084893649531335283e-02 1.053964217142721021e-03
7.811000049114227295e-01 1.096620367235504566e-02 9.862880001555711807e-04
7.956999838352203369e-01 1.015517283123232826e-02 9.503694221222797923e-04
8.102999925613403320e-01 9.640931814228422686e-03 9.170904140218651482e-04
8.249000012874603271e-01 8.643220435385616518e-03 8.582262753024642215e-04
8.395000100135803223e-01 1.037984314333220692e-02 7.227457711595523457e-04
8.541000187397003174e-01 9.193396566170925627e-03 7.390814984245453910e-04
8.686999976634979248e-01 9.248925272995230443e-03 5.969291709021161928e-04
8.833000063896179199e-01 9.560183508273107506e-03 6.222681925796614590e-04
8.979000151157379150e-01 9.419961263816155686e-03 5.766112711267131884e-04
9.124999940395355225e-01 8.560584415789829205e-03 6.255519492213044378e-04
9.271000027656555176e-01 9.078381435696177004e-03 5.820201751956118573e-04
9.417000114917755127e-01 8.876771711455429606e-03 5.576083610615429871e-04
9.562999904155731201e-01 9.071186810289412136e-03 5.570655139271555320e-04
9.708999991416931152e-01 1.019599301709388749e-02 5.140420200526517411e-04
9.855000078678131104e-01 1.037787916845563964e-02 4.732604948021256288e-04
1.000100016593933105e+00 9.973032444434306795e-03 4.678336850970582581e-04
1.014699995517730713e+00 9.201696348100502076e-03 5.268613819287422092e-04
1.029299974441528320e+00 1.065736306833961131e-02 4.174827982703717866e-04
1.043900012969970703e+00 9.397107092695467651e-03 4.845751647787922833e-04
1.058499991893768311e+00 9.342471096506889047e-03 4.530616449581658040e-04
1.073099970817565918e+00 9.224742812707544676e-03 4.624494457087536810e-04
1.087700009346008301e+00 9.497082780306845620e-03 4.140998879955578031e-04
1.102299988269805908e+00 9.689043853192094713e-03 4.315171555483792126e-04
1.116899967193603516e+00 8.911799745015680854e-03 4.169331938989947074e-04
1.131500005722045898e+00 8.618544384519980645e-03 3.901008131732668365e-04
1.146099984645843506e+00 7.853527137744438155e-03 3.810390078077394355e-04
1.160699963569641113e+00 7.070572390272331607e-03 4.056003866592955030e-04
1.175300002098083496e+00 7.786603983394444449e-03 3.545756957575360428e-04
1.189899981021881104e+00 7.362687737252385581e-03 3.677715842840183842e-04
1.204499959945678711e+00 6.970815095715713131e-03 3.439804447412605527e-04
1.219099998474121094e+00 6.823497806853220937e-03 3.549699823411737467e-04
1.233700037002563477e+00 6.248629587418784957e-03 3.586966891600338724e-04
1.248300015926361084e+00 6.734788590097738267e-03 3.224823630299472155e-04
1.262899994850158691e+00 6.670182900050543838e-03 3.241702613263038393e-04
1.277500033378601074e+00 6.211842621515735983e-03 3.421512948110896142e-04
1.292100012302398682e+00 6.663234136387748835e-03 3.308704416532445565e-04
1.306699991226196289e+00 6.734900816999911562e-03 2.886795441769060837e-04
1.321300029754638672e+00 6.394540044304105296e-03 3.178778969252020166e-04
1.335900008678436279e+00 6.100810890273633373e-03 3.031785817387429283e-04
1.350499987602233887e+00 6.459329012517506761e-03 2.802391889355806661e-04
1.365100026130676270e+00 5.995450278840416293e-03 2.956011562419917204e-04
1.379700005054473877e+00 6.389746826764687929e-03 2.768328137978585501e-04
1.394299983978271484e+00 6.297005661726493529e-03 2.910719240555771788e-04
1.408900022506713867e+00 5.872019280532480082e-03 3.015463545043143884e-04
1.423500001430511475e+00 6.000401499176183720e-03 2.938586977902423944e-04
1.438099980354309082e+00 5.365299907554785253e-03 3.023930499509849476e-04
1.452700018882751465e+00 5.233021681355362782e-03 2.987509207732786656e-04
1.467299997806549072e+00 5.286771101362501731e-03 2.622468781020945053e-04
1.481899976730346680e+00 5.196229778375744193e-03 2.843039217104887132e-04
1.496500015258789062e+00 5.111139809237696605e-03 2.777588826426362453e-04
1.511099994182586670e+00 5.215900792317876115e-03 2.596395450456537237e-04
1.525699973106384277e+00 5.035331566444041507e-03 2.734494190068619121e-04
1.540300011634826660e+00 5.023887789406818877e-03 2.646025324398832649e-04
1.554899990558624268e+00 4.167222593844538588e-03 2.942816888796056184e-04
1.569499969482421875e+00 4.573683247847183143e-03 2.754750973951903973e-04
1.584100008010864258e+00 4.956422384425904562e-03 2.625835675624746553e-04
1.598699986934661865e+00 5.175027310159486214e-03 2.459186163412871700e-04
1.613299965858459473e+00 4.405444670998077093e-03 2.663618102422967110e-04
1.627900004386901855e+00 4.527953768290309336e-03 2.636086380839209611e-04
1.642499983310699463e+00 4.463244767554878055e-03 2.619275852183955682e-04
1.657099962234497070e+00 4.649962359594825810e-03 2.552947972209063002e-04
1.671700000762939453e+00 4.519844298855255071e-03 2.426394971997636795e-04
1.686300039291381836e+00 4.516183975827740664e-03 2.338495736423419917e-04
1.700900018215179443e+00 4.227356421401730173e-03 2.515832910368910320e-04
1.715499997138977051e+00 4.100584898585494208e-03 2.426543926214962663e-04
1.730100035667419434e+00 4.385560747114035721e-03 2.375111700336827005e-04
1.744700014591217041e+00 3.677867649129901335e-03 2.748855744480585062e-04
1.759299993515014648e+00 3.752444684349042891e-03 2.579619999955215211e-04
1.773900032043457031e+00 3.592436034789392354e-03 2.355490692857236876e-04
1.788500010967254639e+00 3.559758463073900946e-03 2.499195595445872359e-04
1.803099989891052246e+00 3.799078178609862147e-03 2.305039715432506198e-04
1.817700028419494629e+00 3.637378237397602583e-03 2.445534480127899537e-04
1.832300007343292236e+00 3.116942517792487422e-03 2.688544078543194478e-04
1.846899986267089844e+00 3.537270584619861546e-03 2.699977100482363638e-04
1.861500024795532227e+00 3.105808829106026289e-03 2.849537066090672183e-04
1.876100003719329834e+00 4.400371165247733175e-03 2.588634061123672777e-04
1.890699982643127441e+00 3.537664977142081051e-03 2.962253682862174987e-04
1.905300021171569824e+00 3.886469608227324443e-03 2.747282294750972523e-04
1.919900000095367432e+00 3.372139788827654364e-03 2.831001348528783181e-04
1.934499979019165039e+00 3.501148990946344013e-03 2.858108554226130096e-04
1.949100017547607422e+00 3.402221832219204118e-03 3.007619455326805019e-04
1.963699996471405029e+00 3.109591513305153682e-03 2.840818826760650446e-04
1.978299975395202637e+00 3.502194132523504030e-03 2.616646608826526878e-04
1.992900013923645020e+00 3.132590331163306180e-03 2.781831675030701058e-04
2.007500052452087402e+00 2.808319061549822190e-03 3.069288080717130990e-04
2.022100090980529785e+00 3.024102815891953257e-03 3.001638737356507715e-04
2.036700010299682617e+00 3.080104272931663990e-03 2.922677942222530402e-04
2.051299929618835449e+00 2.841232327895091680e-03 3.011480442577471497e-04
2.065899968147277832e+00 2.939677451868923271e-03 3.082479594943822129e-04
2.080500006675720215e+00 3.019249542763416568e-03 2.995909158863979422e-04
2.095100045204162598e+00 2.881841351105778135e-03 3.200044799754519424e-04
2.109700083732604980e+00 2.623319185371428535e-03 3.562124344995218762e-04
2.124300003051757812e+00 2.837838972535155786e-03 3.445890930206920236e-04
2.138899922370910645e+00 3.049848785492655263e-03 3.750672559948041093e-04
2.153499960899353027e+00 2.812322451857381719e-03 3.798543981831746367e-04
2.168099999427795410e+00 3.063753271206686671e-03 3.355776336345185954e-04
2.182700037956237793e+00 3.025702750657918976e-03 3.246273353578666603e-04
2.197300076484680176e+00 2.313917078730613145e-03 3.791971699316505737e-04
2.211899995803833008e+00 2.597355689995437499e-03 3.388712155853014843e-04
2.226499915122985840e+00 2.270752789962992603e-03 3.420064652533634010e-04
2.241099953651428223e+00 2.928453804306669576e-03 2.884234179297278256e-04
2.255699992179870605e+00 2.597026811789338117e-03 3.156659779943617313e-04
2.270300030708312988e+00 2.377641241471730848e-03 3.482466822245200671e-04
2.284900069236755371e+00 2.828684068785921116e-03 2.756001949755748875e-04
2.299499988555908203e+00 2.082138869303956381e-03 3.523902782842261265e-04
2.314099907875061035e+00 2.558853440329777670e-03 3.078840943386482979e-04
2.328699946403503418e+00 2.266615873608769562e-03 3.191014010689452191e-04
2.343299984931945801e+00 2.196155587833127643e-03 3.143505399673863663e-04
2.357900023460388184e+00 2.427236384665143638e-03 3.044104055747024243e-04
2.372500061988830566e+00 2.774396653681231260e-03 2.867937749619488101e-04
2.387099981307983398e+00 2.184318936344061511e-03 3.041882950121787979e-04
2.401699900627136230e+00 2.325284991145043154e-03 2.763777574307386400e-04
2.416299939155578613e+00 2.381943185556010308e-03 2.552807052168906709e-04
2.430899977684020996e+00 2.476198731462107665e-03 2.836467892400611375e-04
2.445500016212463379e+00 2.811835371359341657e-03 2.477523297443904931e-04
2.460100054740905762e+00 2.482239283515837776e-03 2.724891253597604406e-04
2.474700093269348145e+00 2.617326688903601813e-03 2.435745904581782916e-04
2.489300012588500977e+00 2.492124204073778351e-03 2.621035677092346783e-04
2.503899931907653809e+00 2.640316996358958203e-03 2.437430069783988029e-04
2.518499970436096191e+00 2.185236271301325712e-03 2.770310209688257538e-04
2.533100008964538574e+00 2.077626592111531199e-03 3.009499956751082879e-04
2.547700047492980957e+00 2.575132964183435725e-03 2.316862209069021092e-04
2.562300086021423340e+00 2.594577918049714195e-03 2.315616890277934811e-04
2.576900005340576172e+00 1.901412465228894799e-03 2.891846109610118724e-04
2.591499924659729004e+00 2.120231160013480963e-03 2.643970879747581577e-04
2.606099963188171387e+00 1.943302110759369608e-03 2.945112311879147997e-04
2.620700001716613770e+00 1.796929324342421688e-03 3.060351343973850597e-04
2.635300040245056152e+00 2.313589318040616856e-03 1.967444077742061374e-04
2.649900078773498535e+00 1.907079006648820926e-03 2.255773566052773427e-04
2.664499998092651367e+00 1.980679200454885710e-03 2.626059099836358722e-04
2.679099917411804199e+00 1.903808233163204128e-03 2.512049020577112311e-04
2.693699955940246582e+00 1.632081362979264337e-03 2.861062211006146520e-04
2.708299994468688965e+00 2.096429034122547150e-03 2.221166825595618350e-04
2.722900032997131348e+00 1.901670359875472574e-03 2.279905398708014018e-04
2.737500071525573730e+00 1.843527864023943941e-03 2.439299343779170140e-04
2.752099990844726562e+00 1.544396625429744633e-03 2.388275249462505536e-04
2.766699910163879395e+00 2.066987594503424518e-03 2.063655083803561164e-04
2.781299948692321777e+00 1.747299780779006237e-03 2.302267343363105783e-04
2.795899987220764160e+00 1.609449196778945344e-03 2.524336746868678844e-04
2.810500025749206543e+00 1.802363184095224710e-03 2.378193660717571709e-04
2.825100064277648926e+00 1.499785515730219388e-03 2.644981000583422007e-04
2.839699983596801758e+00 1.630579047328760108e-03 2.580621484457372395e-04
2.854299902915954590e+00 1.720047678274483826e-03 2.266359580811808929e-04
2.868899941444396973e+00 1.487306461683646913e-03 2.555095797136690055e-04
2.883499979972839355e+00 1.939638075523200580e-03 1.769985416002158626e-04
2.898100018501281738e+00 1.740031390651925478e-03 2.341644230758752802e-04
2.912700057029724121e+00 1.719458648225516981e-03 1.962983454187537094e-04
2.927300095558166504e+00 1.587888225654103666e-03 2.393546403454935344e-04
2.941900014877319336e+00 1.729136274130360596e-03 2.403640156644966277e-04
2.956499934196472168e+00 1.518881673638861410e-03 2.522778800029905322e-04
2.971099972724914551e+00 1.698272764302514093e-03 2.133494519791775208e-04
2.985700011253356934e+00 1.381614184536598651e-03 2.258296998361802269e-04
3.000300049781799316e+00 1.443013915741739100e-03 2.337933771324101696e-04
3.014900088310241699e+00 1.331188740840393231e-03 2.316040203141687774e-04
3.029500007629394531e+00 1.384626960777594982e-03 2.601463544109064918e-04
3.044099926948547363e+00 1.291979071003212381e-03 2.215186237344680216e-04
3.058699965476989746e+00 1.641839779514383353e-03 2.169563259005981759e-04
3.073300004005432129e+00 1.620344519970199617e-03 1.982193129209517042e-04
3.087900042533874512e+00 1.310293548608899112e-03 2.196843820537705300e-04
3.102500081062316895e+00 1.270185796882684253e-03 2.186086600622668525e-04
3.117100000381469727e+00 1.570329152080306547e-03 2.137019711805643600e-04
3.131699919700622559e+00 1.352067573959247950e-03 2.338690155187019308e-04
3.146299958229064941e+00 1.519276138456832764e-03 2.036277219925867630e-04
3.160899996757507324e+00 1.660483416733333746e-03 1.864848688137917421e-04
3.175500035285949707e+00 1.256485613800313638e-03 2.314442456397468805e-04
3.190100073814392090e+00 1.443816604273269119e-03 2.181607741510446319e-04
3.204699993133544922e+00 1.204740659152832294e-03 2.147004699417887313e-04
3.219299912452697754e+00 1.324682407014371628e-03 2.157523629507125792e-04
3.233899950981140137e+00 1.163565331631129110e-03 2.283976126119970486e-04
3.248499989509582520e+00 1.163069157097120767e-03 2.204639901832165685e-04
3.263100028038024902e+00 1.327115114291371745e-03 2.062283840560109297e-04
3.277700066566467285e+00 1.242634681442723920e-03 2.202912259227489151e-04
3.292299985885620117e+00 1.294199582637983433e-03 1.872627051601594823e-04
3.306899905204772949e+00 1.235569076578025118e-03 2.190386528368898117e-04
3.321499943733215332e+00 1.184185077022629519e-03 2.102067569922178784e-04
3.336099982261657715e+00 1.335279822798941590e-03 1.767893537507510542e-04
3.350700020790100098e+00 1.127088074423651318e-03 1.731990985072482227e-04
3.365300059318542480e+00 1.409735445776448591e-03 1.864589707279909600e-04
3.379900097846984863e+00 1.395835160037014458e-03 1.857922234443314504e-04
3.394500017166137695e+00 1.172602881179437163e-03 2.219614319579201280e-04
3.409099936485290527e+00 1.307284290348253173e-03 1.924586036979118167e-04
3.423699975013732910e+00 1.259946640406169787e-03 2.074276907759932279e-04
3.438300013542175293e+00 1.271347316350977460e-03 1.729343940231932181e-04
3.452900052070617676e+00 1.082690806643999294e-03 1.881700601209705486e-04
3.467500090599060059e+00 1.033988599541126605e-03 1.954363023407696656e-04
3.482100009918212891e+00 9.759725990591105581e-04 2.167532617908222048e-04
3.496699929237365723e+00 1.029860330134883253e-03 2.098808969701087461e-04
3.511299967765808105e+00 1.347597712399886769e-03 1.623313027447362506e-04
3.525900006294250488e+00 1.015567198923094999e-03 1.766179299447055305e-04
3.540500044822692871e+00 8.327646667793669067e-04 2.134029084620846261e-04
3.555100083351135254e+00 1.118034550437879693e-03 1.775068011204746909e-04
3.569700002670288086e+00 1.003277157955352258e-03 2.147134157424777999e-04
3.584299921989440918e+00 1.140795457702994216e-03 1.859475140641524929e-04
3.598899960517883301e+00 7.242065217733911200e-04 2.304612366313462193e-04
3.613499999046325684e+00 1.099030846282605814e-03 1.848686731822528676e-04
3.628100037574768066e+00 1.159537364499152847e-03 1.675741511679466552e-04
3.642700076103210449e+00 1.076742837017069694e-03 1.661246059310258105e-04
3.657299995422363281e+00 1.020862243190097818e-03 2.062169097362649499e-04
3.671899914741516113e+00 1.081444542856408028e-03 1.918224537144557298e-04
3.686499953269958496e+00 1.187224581848714353e-03 1.672579173682761796e-04
3.701099991798400879e+00 9.577967350905893266e-04 1.974884152197550129e-04
3.715700030326843262e+00 1.367588293850668718e-03 1.360615868102752954e-04
3.730300068855285645e+00 1.114588072733469111e-03 1.556062425735523641e-04
3.744899988174438477e+00 9.930498072342015467e-04 1.974099880769633814e-04
3.759499907493591309e+00 9.111604961496009474e-04 1.623148912587372950e-04
3.774099946022033691e+00 9.060042041817818010e-04 1.959751315256843391e-04
3.788699984550476074e+00 8.577985015146132606e-04 1.793726176041419442e-04
3.803300023078918457e+00 1.079561122952100473e-03 1.823246817983828450e-04
3.817900061607360840e+00 6.608507834321568656e-04 2.262770902090394999e-04
3.832499980926513672e+00 9.337430469749397879e-04 1.714207939608276203e-04
3.847099900245666504e+00 1.074959652267025662e-03 1.898967131611843488e-04
3.861699938774108887e+00 8.404782810881996713e-04 1.785118623618704833e-04
3.876299977302551270e+00 1.167283714591805513e-03 1.553950431910502224e-04
3.890900015830993652e+00 1.152390380649332682e-03 1.550667134444095707e-04
3.905500054359436035e+00 1.045652095073862841e-03 1.632910536182640771e-04
3.920100092887878418e+00 8.779227328051799825e-04 1.699132772490134855e-04
3.934700012207031250e+00 7.976031654960770477e-04 1.854418569237897688e-04
3.949299931526184082e+00 9.895156473477000232e-04 1.713385920077292344e-04
3.963899970054626465e+00 9.557797665361924015e-04 1.513741417850657754e-04
3.978500008583068848e+00 8.872590296185422620e-04 1.603454377395104350e-04
3.993100047111511230e+00 9.172276668051439295e-04 1.505893874988647736e-04
4.007699966430664062e+00 9.355599074132140997e-04 1.508314710735821399e-04
4.022300004959106445e+00 9.796931194275227892e-04 1.402239285174185538e-04
4.036900043487548828e+00 8.484930632455567638e-04 1.595279498677476819e-04
4.051500082015991211e+00 9.772369947209542940e-04 1.514484921921735916e-04
4.066100120544433594e+00 6.825008374526349633e-04 1.833033687925561485e-04
4.080699920654296875e+00 1.026873435748862752e-03 1.410989931599957684e-04
4.095299959182739258e+00 8.188384111011285174e-04 1.685375573801690540e-04
4.109899997711181641e+00 5.943039388511799775e-04 1.974145417436701916e-04
4.124500036239624023e+00 7.797027579383770555e-04 1.767712701124079372e-04
4.139100074768066406e+00 6.159215436064872581e-04 1.905141037180451379e-04
4.153699874877929688e+00 8.789457122749456302e-04 1.603945184823825799e-04
4.168299913406372070e+00 7.855444613202612874e-04 1.770965336209806952e-04
4.182899951934814453e+00 8.400881351945255074e-04 1.693176226555919545e-04
4.197499990463256836e+00 7.251831264910751137e-04 1.582276576092382376e-04
4.212100028991699219e+00 1.010305612430816317e-03 1.281795631699152909e-04
4.226700067520141602e+00 8.229238329685674208e-04 1.693784400415964536e-04
4.241300106048583984e+00 8.422664568510041189e-04 1.501081682137121720e-04
4.255899906158447266e+00 7.651200428764444667e-04 1.593019662987010332e-04
4.270499944686889648e+00 7.916706215373048739e-04 1.494769283640998451e-04
4.285099983215332031e+00 7.146737670305591643e-04 1.771026698717758057e-04
4.299700021743774414e+00 9.917567787745904927e-04 1.283641681969712768e-04
4.314300060272216797e+00 8.366744458643065544e-04 1.703989428211468012e-04
4.328900098800659180e+00 5.674218370060348220e-04 1.838202612538274486e-04
4.343500137329101562e+00 7.765251635729387460e-04 1.498809992927593209e-04
4.358099937438964844e+00 7.820689255972978300e-04 1.501143790928066994e-04
4.372699975967407227e+00 7.306297369882735777e-04 1.493954071704987625e-04
4.387300014495849609e+00 8.006660664462929202e-04 1.612044083570162486e-04
4.401900053024291992e+00 3.920018596304458767e-04 2.051936919684531845e-04
4.416500091552734375e+00 7.810817665527716551e-04 1.507604919866667925e-04
4.431099891662597656e+00 6.770319694663056581e-04 1.491854716473017828e-04
4.445699930191040039e+00 7.500498943052065232e-04 1.708379248183390610e-04
4.460299968719482422e+00 8.061153768793690106e-04 1.399723193636270770e-04
4.474900007247924805e+00 8.364476772889481611e-04 1.407609535754883478e-04
4.489500045776367188e+00 6.914454725397172668e-04 1.708050725582841171e-04
4.504100084304809570e+00 6.831780827878574042e-04 1.710006081333385907e-04
4.518700122833251953e+00 5.541276627280762633e-04 1.693857619464170987e-04
4.533299922943115234e+00 7.419215192100305336e-04 1.628600118423269467e-04
4.547899961471557617e+00 8.623771174392372632e-04 1.286352654276590906e-04
4.562500000000000000e+00 5.656122418094491509e-04 1.965797330291339773e-04
4.577100038528442383e+00 7.153069039002532287e-04 1.261592892867467210e-04
4.591700077056884766e+00 5.461325621256959886e-04 1.712034602037426883e-04
4.606299877166748047e+00 6.185111660864282216e-04 1.627134650926886851e-04
4.620899915695190430e+00 7.773366048692023590e-04 1.426077891569640043e-04
4.635499954223632812e+00 4.370680213937331768e-04 1.889781829332852383e-04
4.650099992752075195e+00 6.135745200192066007e-04 1.832064511925932365e-04
4.664700031280517578e+00 5.977483465516765125e-04 1.740857506359969476e-04
4.679300069808959961e+00 7.556328481432506234e-04 1.435425583076304897e-04
4.693900108337402344e+00 5.038585113890411797e-04 1.829951710262877013e-04
4.708499908447265625e+00 5.573688435635777488e-04 1.532281233017337497e-04
4.723099946975708008e+00 6.842155888489530585e-04 1.558555890775754470e-04
4.737699985504150391e+00 5.379450268243796997e-04 1.650683587107109414e-04
4.752300024032592773e+00 6.427716069365443062e-04 1.774677493658328954e-04
4.766900062561035156e+00 5.486336025331201623e-04 1.765047189884145573e-04
4.781499862670898438e+00 6.438305389039467161e-04 1.681237507242621635e-04
4.796099901199340820e+00 6.227046583135195483e-04 1.568083234133707169e-04
4.810699939727783203e+00 5.609655492904740744e-04 1.676925956865200418e-04
4.825299978256225586e+00 6.929968504462690479e-04 1.589317515355300836e-04
4.839900016784667969e+00 4.645942103899115242e-04 1.777292507583000348e-04
4.854500055313110352e+00 5.842367727567664756e-04 1.579674386998072355e-04
4.869100093841552734e+00 4.960625358997960239e-04 1.687044157935845023e-04
4.883699893951416016e+00 5.081653917686217593e-04 1.694683449231893868e-04
4.898299932479858398e+00 5.905233580800295194e-04 1.596672217808990939e-04
4.912899971008300781e+00 4.520897188751077443e-04 1.806069954211394081e-04
4.927500009536743164e+00 4.356758252150414877e-04 1.911052676229684714e-04
4.942100048065185547e+00 4.979072481969446743e-04 1.827479316175527997e-04
4.956700086593627930e+00 8.090169900684092766e-04 1.527778320930779979e-04
4.971300125122070312e+00 6.111168718448396851e-04 1.751828222426747897e-04
4.985899925231933594e+00 4.487011228621490288e-04 1.945581179030285706e-04
5.000499963760375977e+00 2.391787466612939296e-04 2.019907667635110918e-04
5.015100002288818359e+00 5.360523405717529518e-04 1.639825351634702233e-04
5.029700040817260742e+00 5.060896808120362352e-04 1.641639880013600261e-04
5.044300079345703125e+00 5.625924680304076123e-04 1.354405122772573886e-04
5.058899879455566406e+00 3.365737918906774938e-04 2.071819178180014172e-04
5.073499917984008789e+00 6.531775031403979541e-04 1.550537059351520983e-04
5.088099956512451172e+00 4.251431480561954556e-04 2.005019343406016434e-04
5.102699995040893555e+00 6.372566441068621378e-04 1.561081379496869284e-04
5.117300033569335938e+00 3.762937843747066625e-04 1.909086209850014803e-04
5.131900072097778320e+00 4.704811001028739309e-04 2.040019796720753565e-04
5.146500110626220703e+00 4.668904997703509415e-04 1.824093158048819142e-04
5.161099910736083984e+00 4.382606899815161446e-04 1.945887206712511514e-04
5.175699949264526367e+00 3.806939455635927386e-04 1.826744571819025986e-04
5.190299987792968750e+00 6.900976443200739418e-04 1.220298922455348954e-04
5.204900026321411133e+00 5.505148422131695340e-04 1.594202153481631180e-04
5.219500064849853516e+00 4.643859666480084302e-04 1.987864096841902763e-04
5.234099864959716797e+00 4.897302962471754067e-04 1.748252957694221993e-04
5.248699903488159180e+00 5.910920261107639262e-04 1.448491803717630257e-04
5.263299942016601562e+00 4.105308888315727838e-04 2.123263998452146499e-04
5.277899980545043945e+00 4.448498339065198827e-04 1.767552739444996641e-04
5.292500019073486328e+00 1.844586933949701052e-04 2.321814349324295950e-04
5.307100057601928711e+00 6.194763237784779763e-04 1.248321729170892168e-04
5.321700096130371094e+00 4.467678690728668807e-04 1.797887202723601544e-04
5.336299896240234375e+00 3.382965732685381372e-04 2.173455561325975203e-04
5.350899934768676758e+00 5.552041624215318504e-04 1.495776941283108138e-04
5.365499973297119141e+00 4.278546439219667189e-04 1.968269627673946594e-04
5.380100011825561523e+00 5.716580621951335454e-04 1.705180606695960656e-04
5.394700050354003906e+00 2.173821055998057688e-04 2.428331791824093317e-04
5.409300088882446289e+00 5.171780131116598435e-04 2.020561300078457616e-04
5.423900127410888672e+00 1.889341567147903187e-04 2.456140132518291690e-04
5.438499927520751953e+00 3.851943999545297801e-04 2.023446981766517997e-04
5.460399985313415527e+00 2.696783087684958809e-04 1.323004961495712333e-04
5.482300043106079102e+00 3.061651520870175202e-04 2.185318711764576048e-04
5.504199981689453125e+00 4.063632513204206093e-04 1.204127620668956158e-04
5.526099920272827148e+00 4.921520715285910338e-04 1.796658929973259013e-04
5.547999978065490723e+00 3.743539154368501426e-04 1.091018429715607982e-04
5.577200055122375488e+00 2.937593159105046149e-04 1.284169096250920310e-04
5.606400012969970703e+00 4.161917571795082748e-04 1.316707664965409798e-04
5.635599970817565918e+00 3.525720025605212377e-04 1.323245630908532035e-04
5.657500028610229492e+00 4.995643035849525087e-04 1.895470856141206713e-04
5.679399967193603516e+00 1.913238983631050682e-04 1.439929414608687500e-04
5.701299905776977539e+00 4.104253032344430500e-04 2.263715395437408261e-04
5.723199963569641113e+00 3.181015187225319377e-04 1.427507679746852561e-04
5.752400040626525879e+00 3.982113750152914303e-04 1.332817655468440025e-04
5.781599998474121094e+00 2.461602095654943402e-04 1.455632820950320688e-04
5.810799956321716309e+00 4.055116022866760996e-04 1.369147048590147126e-04
5.840000033378601074e+00 4.091030594049505933e-04 1.316153808373637533e-04
5.869200110435485840e+00 5.404041736492944592e-04 9.827901070394635431e-05
5.898399949073791504e+00 1.651667532321752108e-04 1.586490226892402623e-04
5.927600026130676270e+00 2.849216534600796042e-04 1.494420432561912552e-04
5.956799983978271484e+00 3.522643902535575245e-04 1.376753064901489602e-04
5.985999941825866699e+00 3.952210902215410292e-04 1.318024901410037213e-04
6.015200018882751465e+00 4.659811948116685562e-04 1.346822345467366155e-04
6.044400095939636230e+00 4.206084960128006521e-04 1.262813326174065242e-04
6.073599934577941895e+00 2.440758637657045342e-04 1.515422528017432505e-04
6.102800011634826660e+00 6.050915100588484400e-04 9.342003928531096286e-05
6.131999969482421875e+00 5.279050440045284908e-04 1.431464814280322608e-04
6.161199927330017090e+00 5.468565952654764204e-04 1.356509249088341904e-04
6.190400004386901855e+00 6.802479350047251549e-04 1.399290550308125974e-04
6.212300062179565430e+00 3.843702771567117328e-04 3.058229023893703946e-04
6.226900100708007812e+00 8.098087104647605592e-04 2.516882427457268600e-04
6.241499900817871094e+00 5.464983069045730151e-04 3.133058261751486351e-04
6.256099939346313477e+00 8.507922431932626829e-04 2.563551080950523804e-04
6.270699977874755859e+00 9.273992213709613590e-04 2.314191076893971281e-04
6.285300016403198242e+00 8.133253508410974355e-04 2.839746304860836859e-04
6.299900054931640625e+00 1.037625282821025632e-03 2.373590309456814849e-04
6.314500093460083008e+00 9.602054412855210363e-04 2.374323011836333849e-04
6.329100131988525391e+00 7.516961714425232036e-04 2.644468237797207026e-04
6.343699932098388672e+00 9.765059148549891984e-04 2.414629583571652595e-04
6.358299970626831055e+00 7.354546332016495026e-04 3.166310142551883905e-04
6.372900009155273438e+00 8.598246451846863021e-04 2.729821134417511740e-04
6.387500047683715820e+00 5.041922988498277920e-04 3.390238088995404858e-04
6.402100086212158203e+00 8.446365009217588881e-04 2.771334770620808565e-04
6.423999905586242676e+00 7.662862859461572976e-04 1.319835798996730266e-04
6.453199982643127441e+00 6.454676919824186773e-04 1.601119748289396561e-04
6.482400059700012207e+00 6.887896047495735332e-04 1.345952766446386695e-04
6.511600017547607422e+00 5.432932269019086430e-04 1.500702267453512054e-04
6.540799975395202637e+00 4.337846478585750476e-04 1.995693439483217548e-04
6.570000052452087402e+00 2.943741148039818838e-04 2.114659132898157447e-04
6.599199891090393066e+00 4.799163010587229722e-04 1.853641345400185939e-04
6.628399968147277832e+00 5.015964505790417288e-04 1.894318873810534271e-04
6.657600045204162598e+00 4.584237781807686961e-04 1.632475648398643790e-04
6.686800003051757812e+00 5.534149501936453481e-04 1.684629706396169411e-04
6.715999960899353027e+00 2.429164443876565861e-04 2.222828732869426484e-04
6.752500057220458984e+00 3.238152917197558030e-04 1.546574804436505414e-04
6.796300053596496582e+00 3.082017750173662819e-04 1.417827763656385174e-04
6.840100049972534180e+00 5.301317823108359951e-04 1.146742437943746960e-04
6.883899927139282227e+00 2.100396163858470934e-04 1.597759570073631883e-04
6.927700042724609375e+00 2.833550749491530038e-04 1.562855020104152648e-04
#BEGIN SOURCE MODEL
7.004999999999999893e+00 3.086499999999999942e-04 0.000000000000000000e+00
7.014999999999999680e+00 3.078229999999999834e-04 0.000000000000000000e+00
7.025000000000000355e+00 3.069990000000000197e-04 0.000000000000000000e+00
7.035000000000000142e+00 3.061779999999999949e-04 0.000000000000000000e+00
7.044999999999999929e+00 3.053600000000000173e-04 0.000000000000000000e+00
7.054999999999999716e+00 3.045459999999999942e-04 0.000000000000000000e+00
7.064999999999999503e+00 3.037359999999999800e-04 0.000000000000000000e+00
7.075000000000000178e+00 3.029279999999999972e-04 0.000000000000000000e+00
7.084999999999999964e+00 3.021240000000000232e-04 0.000000000000000000e+00
7.094999999999999751e+00 3.013229999999999880e-04 0.000000000000000000e+00
7.105000000000000426e+00 3.005250000000000000e-04 0.000000000000000000e+00
7.115000000000000213e+00 2.992690000000000107e-04 0.000000000000000000e+00
7.125000000000000000e+00 2.983250000000000008e-04 0.000000000000000000e+00
7.134999999999999787e+00 2.975410000000000164e-04 0.000000000000000000e+00
7.144999999999999574e+00 2.967590000000000093e-04 0.000000000000000000e+00
7.155000000000000249e+00 2.959810000000000110e-04 0.000000000000000000e+00
7.165000000000000036e+00 2.952060000000000057e-04 0.000000000000000000e+00
7.174999999999999822e+00 2.944339999999999935e-04 0.000000000000000000e+00
7.185000000000000497e+00 2.936649999999999742e-04 0.000000000000000000e+00
7.195000000000000284e+00 2.928990000000000022e-04 0.000000000000000000e+00
7.205000000000000071e+00 2.921360000000000233e-04 0.000000000000000000e+00
7.214999999999999858e+00 2.913759999999999831e-04 0.000000000000000000e+00
7.224999999999999645e+00 2.906200000000000059e-04 0.000000000000000000e+00
7.235000000000000320e+00 2.898660000000000060e-04 0.000000000000000000e+00
7.245000000000000107e+00 2.891149999999999992e-04 0.000000000000000000e+00
7.254999999999999893e+00 2.883669999999999853e-04 0.000000000000000000e+00
7.264999999999999680e+00 2.876220000000000187e-04 0.000000000000000000e+00
7.275000000000000355e+00 2.868799999999999909e-04 0.000000000000000000e+00
7.285000000000000142e+00 2.861410000000000104e-04 0.000000000000000000e+00
7.294999999999999929e+00 2.854050000000000228e-04 0.000000000000000000e+00
7.304999999999999716e+00 2.846719999999999741e-04 0.000000000000000000e+00
7.314999999999999503e+00 2.839410000000000111e-04 0.000000000000000000e+00
7.325000000000000178e+00 2.832140000000000026e-04 0.000000000000000000e+00
7.334999999999999964e+00 2.824890000000000257e-04 0.000000000000000000e+00
7.344999999999999751e+00 2.817669999999999875e-04 0.000000000000000000e+00
7.355000000000000426e+00 2.810479999999999966e-04 0.000000000000000000e+00
7.365000000000000213e+00 2.803319999999999987e-04 0.000000000000000000e+00
7.375000000000000000e+00 2.796179999999999781e-04 0.000000000000000000e+00
7.384999999999999787e+00 2.789080000000000205e-04 0.000000000000000000e+00
7.394999999999999574e+00 2.781999999999999859e-04 0.000000000000000000e+00
7.405000000000000249e+00 2.774939999999999829e-04 0.000000000000000000e+00
7.415000000000000036e+00 2.767919999999999886e-04 0.000000000000000000e+00
7.424999999999999822e+00 2.760920000000000258e-04 0.000000000000000000e+00
7.435000000000000497e+00 2.753950000000000018e-04 0.000000000000000000e+00
7.445000000000000284e+00 2.747010000000000250e-04 0.000000000000000000e+00
7.455000000000000071e+00 2.740090000000000255e-04 0.000000000000000000e+00
7.464999999999999858e+00 2.733200000000000191e-04 0.000000000000000000e+00
7.474999999999999645e+00 2.726329999999999899e-04 0.000000000000000000e+00
7.485000000000000320e+00 2.719490000000000080e-04 0.000000000000000000e+00
7.495000000000000107e+00 2.712680000000000191e-04 0.000000000000000000e+00
7.504999999999999893e+00 2.705900000000000232e-04 0.000000000000000000e+00
7.514999999999999680e+00 2.699140000000000046e-04 0.000000000000000000e+00
7.525000000000000355e+00 2.692400000000000175e-04 0.000000000000000000e+00
7.535000000000000142e+00 2.685690000000000234e-04 0.000000000000000000e+00
7.544999999999999929e+00 2.679010000000000224e-04 0.000000000000000000e+00
7.554999999999999716e+00 2.672349999999999986e-04 0.000000000000000000e+00
7.564999999999999503e+00 2.665720000000000220e-04 0.000000000000000000e+00
7.575000000000000178e+00 2.659110000000000228e-04 0.000000000000000000e+00
7.584999999999999964e+00 2.652530000000000165e-04 0.000000000000000000e+00
7.594999999999999751e+00 2.645969999999999876e-04 0.000000000000000000e+00
7.605000000000000426e+00 2.639440000000000059e-04 0.000000000000000000e+00
7.615000000000000213e+00 2.632930000000000014e-04 0.000000000000000000e+00
7.625000000000000000e+00 2.626439999999999743e-04 0.000000000000000000e+00
7.634999999999999787e+00 2.619979999999999943e-04 0.000000000000000000e+00
7.644999999999999574e+00 2.613550000000000074e-04 0.000000000000000000e+00
7.655000000000000249e+00 2.607139999999999978e-04 0.000000000000000000e+00
7.665000000000000036e+00 2.600750000000000197e-04 0.000000000000000000e+00
7.674999999999999822e+00 2.594380000000000189e-04 0.000000000000000000e+00
7.685000000000000497e+00 2.588040000000000110e-04 0.000000000000000000e+00
7.695000000000000284e+00 2.581729999999999962e-04 0.000000000000000000e+00
7.705000000000000071e+00 2.575440000000000129e-04 0.000000000000000000e+00
7.714999999999999858e+00 2.569159999999999912e-04 0.000000000000000000e+00
7.724999999999999645e+00 2.562910000000000166e-04 0.000000000000000000e+00
7.735000000000000320e+00 2.556689999999999809e-04 0.000000000000000000e+00
7.745000000000000107e+00 2.550489999999999767e-04 0.000000000000000000e+00
7.754999999999999893e+00 2.544310000000000039e-04 0.000000000000000000e+00
7.764999999999999680e+00 2.538160000000000242e-04 0.000000000000000000e+00
7.775000000000000355e+00 2.532020000000000061e-04 0.000000000000000000e+00
7.785000000000000142e+00 2.525919999999999967e-04 0.000000000000000000e+00
7.794999999999999929e+00 2.519830000000000030e-04 0.000000000000000000e+00
7.804999999999999716e+00 2.513759999999999866e-04 0.000000000000000000e+00
7.814999999999999503e+00 2.507720000000000175e-04 0.000000000000000000e+00
7.825000000000000178e+00 2.501700000000000256e-04 0.000000000000000000e+00
7.834999999999999964e+00 2.495710000000000268e-04 0.000000000000000000e+00
7.844999999999999751e+00 2.489729999999999895e-04 0.000000000000000000e+00
7.855000000000000426e+00 2.483779999999999994e-04 0.000000000000000000e+00
7.865000000000000213e+00 2.477840000000000251e-04 0.000000000000000000e+00
7.875000000000000000e+00 2.471929999999999896e-04 0.000000000000000000e+00
7.884999999999999787e+00 2.466039999999999855e-04 0.000000000000000000e+00
7.894999999999999574e+00 2.460170000000000130e-04 0.000000000000000000e+00
7.905000000000000249e+00 2.454329999999999793e-04 0.000000000000000000e+00
7.915000000000000036e+00 2.448500000000000155e-04 0.000000000000000000e+00
7.924999999999999822e+00 2.442699999999999906e-04 0.000000000000000000e+00
7.935000000000000497e+00 2.436919999999999972e-04 0.000000000000000000e+00
7.945000000000000284e+00 2.431149999999999923e-04 0.000000000000000000e+00
7.955000000000000071e+00 2.425410000000000077e-04 0.000000000000000000e+00
7.964999999999999858e+00 2.419690000000000003e-04 0.000000000000000000e+00
7.974999999999999645e+00 2.413989999999999973e-04 0.000000000000000000e+00
7.985000000000000320e+00 2.408309999999999986e-04 0.000000000000000000e+00
7.995000000000000107e+00 2.402650000000000044e-04 0.000000000000000000e+00
8.004999999999999005e+00 2.397009999999999874e-04 0.000000000000000000e+00
8.015000000000000568e+00 2.391390000000000020e-04 0.000000000000000000e+00
8.024999999999998579e+00 2.385789999999999938e-04 0.000000000000000000e+00
8.035000000000000142e+00 2.380209999999999900e-04 0.000000000000000000e+00
8.044999999999999929e+00 2.374649999999999905e-04 0.000000000000000000e+00
8.054999999999999716e+00 2.369109999999999955e-04 0.000000000000000000e+00
8.065000000000001279e+00 2.363590000000000049e-04 0.000000000000000000e+00
8.074999999999999289e+00 2.358089999999999915e-04 0.000000000000000000e+00
8.085000000000000853e+00 2.352610000000000096e-04 0.000000000000000000e+00
8.094999999999998863e+00 2.347150000000000050e-04 0.000000000000000000e+00
8.105000000000000426e+00 2.341710000000000048e-04 0.000000000000000000e+00
8.114999999999998437e+00 2.336290000000000090e-04 0.000000000000000000e+00
8.125000000000000000e+00 2.330889999999999904e-04 0.000000000000000000e+00
8.135000000000001563e+00 2.325499999999999876e-04 0.000000000000000000e+00
8.144999999999999574e+00 2.320140000000000050e-04 0.000000000000000000e+00
8.155000000000001137e+00 2.314790000000000109e-04 0.000000000000000000e+00
8.164999999999999147e+00 2.309459999999999942e-04 0.000000000000000000e+00
8.175000000000000711e+00 2.304150000000000089e-04 0.000000000000000000e+00
8.184999999999998721e+00 2.298860000000000009e-04 0.000000000000000000e+00
8.195000000000000284e+00 2.293589999999999973e-04 0.000000000000000000e+00
8.205000000000000071e+00 2.288339999999999981e-04 0.000000000000000000e+00
8.214999999999999858e+00 2.283099999999999876e-04 0.000000000000000000e+00
8.225000000000001421e+00 2.277880000000000085e-04 0.000000000000000000e+00
8.234999999999999432e+00 2.272689999999999953e-04 0.000000000000000000e+00
8.245000000000000995e+00 2.267500000000000093e-04 0.000000000000000000e+00
8.254999999999999005e+00 2.262339999999999891e-04 0.000000000000000000e+00
8.265000000000000568e+00 2.257200000000000005e-04 0.000000000000000000e+00
8.274999999999998579e+00 2.252070000000000005e-04 0.000000000000000000e+00
8.285000000000000142e+00 2.246960000000000049e-04 0.000000000000000000e+00
8.294999999999999929e+00 2.241869999999999865e-04 0.000000000000000000e+00
8.304999999999999716e+00 2.236799999999999997e-04 0.000000000000000000e+00
8.315000000000001279e+00 2.231740000000000015e-04 0.000000000000000000e+00
8.324999999999999289e+00 2.226700000000000077e-04 0.000000000000000000e+00
8.335000000000000853e+00 2.221579999999999963e-04 0.000000000000000000e+00
8.344999999999998863e+00 2.216529999999999868e-04 0.000000000000000000e+00
8.355000000000000426e+00 2.211539999999999903e-04 0.000000000000000000e+00
8.364999999999998437e+00 2.206569999999999983e-04 0.000000000000000000e+00
8.375000000000000000e+00 2.201620000000000107e-04 0.000000000000000000e+00
8.385000000000001563e+00 2.196690000000000003e-04 0.000000000000000000e+00
8.394999999999999574e+00 2.191770000000000057e-04 0.000000000000000000e+00
8.405000000000001137e+00 2.186869999999999884e-04 0.000000000000000000e+00
8.414999999999999147e+00 2.181979999999999868e-04 0.000000000000000000e+00
8.425000000000000711e+00 2.177109999999999896e-04 0.000000000000000000e+00
8.434999999999998721e+00 2.172259999999999968e-04 0.000000000000000000e+00
8.445000000000000284e+00 2.167430000000000084e-04 0.000000000000000000e+00
8.455000000000000071e+00 2.162610000000000086e-04 0.000000000000000000e+00
8.464999999999999858e+00 2.157799999999999974e-04 0.000000000000000000e+00
8.475000000000001421e+00 2.153020000000000064e-04 0.000000000000000000e+00
8.484999999999999432e+00 2.148250000000000040e-04 0.000000000000000000e+00
8.495000000000000995e+00 2.143489999999999903e-04 0.000000000000000000e+00
8.504999999999999005e+00 2.138759999999999967e-04 0.000000000000000000e+00
8.515000000000000568e+00 2.134030000000000031e-04 0.000000000000000000e+00
8.524999999999998579e+00 2.129330000000000025e-04 0.000000000000000000e+00
8.535000000000000142e+00 2.124639999999999905e-04 0.000000000000000000e+00
8.544999999999999929e+00 2.119959999999999943e-04 0.000000000000000000e+00
8.554999999999999716e+00 2.115309999999999912e-04 0.000000000000000000e+00
8.565000000000001279e+00 2.110659999999999880e-04 0.000000000000000000e+00
8.574999999999999289e+00 2.106040000000000050e-04 0.000000000000000000e+00
8.585000000000000853e+00 2.101419999999999948e-04 0.000000000000000000e+00
8.594999999999998863e+00 2.096830000000000048e-04 0.000000000000000000e+00
8.605000000000000426e+00 2.092250000000000034e-04 0.000000000000000000e+00
8.614999999999998437e+00 2.087679999999999907e-04 0.000000000000000000e+00
8.625000000000000000e+00 2.083130000000000094e-04 0.000000000000000000e+00
8.635000000000001563e+00 2.078589999999999897e-04 0.000000000000000000e+00
8.644999999999999574e+00 2.074070000000000015e-04 0.000000000000000000e+00
8.655000000000001137e+00 2.069569999999999906e-04 0.000000000000000000e+00
8.664999999999999147e+00 2.065079999999999954e-04 0.000000000000000000e+00
8.675000000000000711e+00 2.060599999999999888e-04 0.000000000000000000e+00
8.684999999999998721e+00 2.056139999999999867e-04 0.000000000000000000e+00
8.695000000000000284e+00 2.051690000000000002e-04 0.000000000000000000e+00
8.705000000000000071e+00 2.047259999999999911e-04 0.000000000000000000e+00
8.714999999999999858e+00 2.042839999999999977e-04 0.000000000000000000e+00
8.725000000000001421e+00 2.038440000000000087e-04 0.000000000000000000e+00
8.734999999999999432e+00 2.034050000000000083e-04 0.000000000000000000e+00
8.745000000000000995e+00 2.029680000000000123e-04 0.000000000000000000e+00
8.754999999999999005e+00 2.025320000000000050e-04 0.000000000000000000e+00
8.765000000000000568e+00 2.020980000000000020e-04 0.000000000000000000e+00
8.774999999999998579e+00 2.016649999999999877e-04 0.000000000000000000e+00
8.785000000000000142e+00 2.012329999999999891e-04 0.000000000000000000e+00
8.794999999999999929e+00 2.008029999999999950e-04 0.000000000000000000e+00
8.804999999999999716e+00 2.003739999999999894e-04 0.000000000000000000e+00
8.815000000000001279e+00 1.999459999999999996e-04 0.000000000000000000e+00
8.824999999999999289e+00 1.995199999999999871e-04 0.000000000000000000e+00
8.835000000000000853e+00 1.990960000000000060e-04 0.000000000000000000e+00
8.844999999999998863e+00 1.986719999999999979e-04 0.000000000000000000e+00
8.855000000000000426e+00 1.982499999999999942e-04 0.000000000000000000e+00
8.864999999999998437e+00 1.978299999999999948e-04 0.000000000000000000e+00
8.875000000000000000e+00 1.974110000000000112e-04 0.000000000000000000e+00
8.885000000000001563e+00 1.969929999999999891e-04 0.000000000000000000e+00
8.894999999999999574e+00 1.965760000000000098e-04 0.000000000000000000e+00
8.905000000000001137e+00 1.961610000000000079e-04 0.000000000000000000e+00
8.914999999999999147e+00 1.957469999999999946e-04 0.000000000000000000e+00
8.925000000000000711e+00 1.953350000000000127e-04 0.000000000000000000e+00
8.934999999999998721e+00 1.949239999999999925e-04 0.000000000000000000e+00
8.945000000000000284e+00 1.945139999999999879e-04 0.000000000000000000e+00
8.955000000000000071e+00 1.941049999999999991e-04 0.000000000000000000e+00
8.964999999999999858e+00 1.936979999999999876e-04 0.000000000000000000e+00
8.975000000000001421e+00 1.932919999999999918e-04 0.000000000000000000e+00
8.984999999999999432e+00 1.928880000000000004e-04 0.000000000000000000e+00
8.995000000000000995e+00 1.924840000000000090e-04 0.000000000000000000e+00
9.004999999999999005e+00 1.920819999999999949e-04 0.000000000000000000e+00
9.015000000000000568e+00 1.916809999999999966e-04 0.000000000000000000e+00
9.024999999999998579e+00 1.912820000000000026e-04 0.000000000000000000e+00
9.035000000000000142e+00 1.908839999999999973e-04 0.000000000000000000e+00
9.044999999999999929e+00 1.904870000000000077e-04 0.000000000000000000e+00
9.054999999999999716e+00 1.900910000000000067e-04 0.000000000000000000e+00
9.065000000000001279e+00 1.896970000000000101e-04 0.000000000000000000e+00
9.074999999999999289e+00 1.893040000000000022e-04 0.000000000000000000e+00
9.085000000000000853e+00 1.889120000000000100e-04 0.000000000000000000e+00
9.094999999999998863e+00 1.885210000000000065e-04 0.000000000000000000e+00
9.105000000000000426e+00 1.881309999999999916e-04 0.000000000000000000e+00
9.114999999999998437e+00 1.877430000000000082e-04 0.000000000000000000e+00
9.125000000000000000e+00 1.873560000000000134e-04 0.000000000000000000e+00
9.135000000000001563e+00 1.869700000000000073e-04 0.000000000000000000e+00
9.144999999999999574e+00 1.865860000000000055e-04 0.000000000000000000e+00
9.155000000000001137e+00 1.862020000000000038e-04 0.000000000000000000e+00
9.164999999999999147e+00 1.858200000000000064e-04 0.000000000000000000e+00
9.175000000000000711e+00 1.854389999999999977e-04 0.000000000000000000e+00
9.184999999999998721e+00 1.850599999999999934e-04 0.000000000000000000e+00
9.195000000000000284e+00 1.846809999999999890e-04 0.000000000000000000e+00
9.205000000000000071e+00 1.843030000000000005e-04 0.000000000000000000e+00
9.214999999999999858e+00 1.839269999999999892e-04 0.000000000000000000e+00
9.225000000000001421e+00 1.835519999999999936e-04 0.000000000000000000e+00
9.234999999999999432e+00 1.831779999999999867e-04 0.000000000000000000e+00
9.245000000000000995e+00 1.828060000000000112e-04 0.000000000000000000e+00
9.254999999999999005e+00 1.824340000000000087e-04 0.000000000000000000e+00
9.265000000000000568e+00 1.820640000000000105e-04 0.000000000000000000e+00
9.274999999999998579e+00 1.816940000000000124e-04 0.000000000000000000e+00
9.285000000000000142e+00 1.813259999999999915e-04 0.000000000000000000e+00
9.294999999999999929e+00 1.809590000000000135e-04 0.000000000000000000e+00
9.304999999999999716e+00 1.805929999999999970e-04 0.000000000000000000e+00
9.315000000000001279e+00 1.802279999999999963e-04 0.000000000000000000e+00
9.324999999999999289e+00 1.798649999999999999e-04 0.000000000000000000e+00
9.335000000000000853e+00 1.795020000000000036e-04 0.000000000000000000e+00
9.344999999999998863e+00 1.791410000000000116e-04 0.000000000000000000e+00
9.355000000000000426e+00 1.787810000000000083e-04 0.000000000000000000e+00
9.364999999999998437e+00 1.784219999999999936e-04 0.000000000000000000e+00
9.375000000000000000e+00 1.780630000000000060e-04 0.000000000000000000e+00
9.385000000000001563e+00 1.777059999999999957e-04 0.000000000000000000e+00
9.394999999999999574e+00 1.773509999999999898e-04 0.000000000000000000e+00
9.405000000000001137e+00 1.769960000000000110e-04 0.000000000000000000e+00
9.414999999999999147e+00 1.766419999999999937e-04 0.000000000000000000e+00
9.425000000000000711e+00 1.762889999999999921e-04 0.000000000000000000e+00
9.434999999999998721e+00 1.759379999999999950e-04 0.000000000000000000e+00
9.445000000000000284e+00 1.755869999999999979e-04 0.000000000000000000e+00
9.455000000000000071e+00 1.752380000000000051e-04 0.000000000000000000e+00
9.464999999999999858e+00 1.748900000000000010e-04 0.000000000000000000e+00
9.475000000000001421e+00 1.745419999999999968e-04 0.000000000000000000e+00
9.484999999999999432e+00 1.741959999999999971e-04 0.000000000000000000e+00
9.495000000000000995e+00 1.738510000000000131e-04 0.000000000000000000e+00
9.504999999999999005e+00 1.735069999999999907e-04 0.000000000000000000e+00
9.515000000000000568e+00 1.731640000000000111e-04 0.000000000000000000e+00
9.524999999999998579e+00 1.728219999999999930e-04 0.000000000000000000e+00
9.535000000000000142e+00 1.724809999999999907e-04 0.000000000000000000e+00
9.544999999999999929e+00 1.721399999999999883e-04 0.000000000000000000e+00
9.554999999999999716e+00 1.718009999999999904e-04 0.000000000000000000e+00
9.565000000000001279e+00 1.714630000000000082e-04 0.000000000000000000e+00
9.574999999999999289e+00 1.711270000000000033e-04 0.000000000000000000e+00
9.585000000000000853e+00 1.707909999999999984e-04 0.000000000000000000e+00
9.594999999999998863e+00 1.704560000000000092e-04 0.000000000000000000e+00
9.605000000000000426e+00 1.701220000000000087e-04 0.000000000000000000e+00
9.614999999999998437e+00 1.697889999999999968e-04 0.000000000000000000e+00
9.625000000000000000e+00 1.694570000000000006e-04 0.000000000000000000e+00
9.635000000000001563e+00 1.691259999999999931e-04 0.000000000000000000e+00
9.644999999999999574e+00 1.687960000000000014e-04 0.000000000000000000e+00
9.655000000000001137e+00 1.684669999999999983e-04 0.000000000000000000e+00
9.664999999999999147e+00 1.681390000000000109e-04 0.000000000000000000e+00
9.675000000000000711e+00 1.678120000000000122e-04 0.000000000000000000e+00
9.684999999999998721e+00 1.674860000000000021e-04 0.000000000000000000e+00
9.695000000000000284e+00 1.671610000000000077e-04 0.000000000000000000e+00
9.705000000000000071e+00 1.668360000000000134e-04 0.000000000000000000e+00
9.714999999999999858e+00 1.665129999999999963e-04 0.000000000000000000e+00
9.725000000000001421e+00 1.661909999999999950e-04 0.000000000000000000e+00
9.734999999999999432e+00 1.658700000000000094e-04 0.000000000000000000e+00
9.745000000000000995e+00 1.655489999999999967e-04 0.000000000000000000e+00
9.754999999999999005e+00 1.652299999999999884e-04 0.000000000000000000e+00
9.765000000000000568e+00 1.649119999999999959e-04 0.000000000000000000e+00
9.774999999999998579e+00 1.645940000000000033e-04 0.000000000000000000e+00
9.785000000000000142e+00 1.642779999999999881e-04 0.000000000000000000e+00
9.794999999999999929e+00 1.639619999999999999e-04 0.000000000000000000e+00
9.804999999999999716e+00 1.636470000000000004e-04 0.000000000000000000e+00
9.815000000000001279e+00 1.633329999999999895e-04 0.000000000000000000e+00
9.824999999999999289e+00 1.630199999999999943e-04 0.000000000000000000e+00
9.835000000000000853e+00 1.627090000000000036e-04 0.000000000000000000e+00
9.844999999999998863e+00 1.623969999999999971e-04 0.000000000000000000e+00
9.855000000000000426e+00 1.620869999999999950e-04 0.000000000000000000e+00
9.864999999999998437e+00 1.617780000000000086e-04 0.000000000000000000e+00
9.875000000000000000e+00 1.614700000000000109e-04 0.000000000000000000e+00
9.885000000000001563e+00 1.611620000000000131e-04 0.000000000000000000e+00
9.894999999999999574e+00 1.608559999999999927e-04 0.000000000000000000e+00
9.905000000000001137e+00 1.605499999999999994e-04 0.000000000000000000e+00
9.914999999999999147e+00 1.602449999999999946e-04 0.000000000000000000e+00
9.925000000000000711e+00 1.599410000000000057e-04 0.000000000000000000e+00
9.934999999999998721e+00 1.596380000000000054e-04 0.000000000000000000e+00
9.945000000000000284e+00 1.593359999999999937e-04 0.000000000000000000e+00
9.955000000000000071e+00 1.590349999999999978e-04 0.000000000000000000e+00
9.964999999999999858e+00 1.587349999999999905e-04 0.000000000000000000e+00
9.975000000000001421e+00 1.584350000000000103e-04 0.000000000000000000e+00
9.984999999999999432e+00 1.581359999999999916e-04 0.000000000000000000e+00
9.995000000000000995e+00 1.578390000000000045e-04 0.000000000000000000e+00
1.000499999999999901e+01 1.575419999999999902e-04 0.000000000000000000e+00
1.001500000000000057e+01 1.572459999999999917e-04 0.000000000000000000e+00
1.002499999999999858e+01 1.569499999999999932e-04 0.000000000000000000e+00
1.003500000000000014e+01 1.566559999999999990e-04 0.000000000000000000e+00
1.004499999999999993e+01 1.563620000000000049e-04 0.000000000000000000e+00
1.005499999999999972e+01 1.560699999999999880e-04 0.000000000000000000e+00
1.006500000000000128e+01 1.557779999999999983e-04 0.000000000000000000e+00
1.007499999999999929e+01 1.554869999999999972e-04 0.000000000000000000e+00
1.008500000000000085e+01 1.551959999999999961e-04 0.000000000000000000e+00
1.009499999999999886e+01 1.549069999999999993e-04 0.000000000000000000e+00
1.010500000000000043e+01 1.546189999999999913e-04 0.000000000000000000e+00
1.011499999999999844e+01 1.543310000000000103e-04 0.000000000000000000e+00
1.012500000000000000e+01 1.540439999999999908e-04 0.000000000000000000e+00
1.013500000000000156e+01 1.537579999999999871e-04 0.000000000000000000e+00
1.014499999999999957e+01 1.534720000000000105e-04 0.000000000000000000e+00
1.015500000000000114e+01 1.531880000000000112e-04 0.000000000000000000e+00
1.016499999999999915e+01 1.529040000000000119e-04 0.000000000000000000e+00
1.017500000000000071e+01 1.526210000000000012e-04 0.000000000000000000e+00
1.018499999999999872e+01 1.523390000000000063e-04 0.000000000000000000e+00
1.019500000000000028e+01 1.520580000000000000e-04 0.000000000000000000e+00
1.020500000000000007e+01 1.517769999999999937e-04 0.000000000000000000e+00
1.021499999999999986e+01 1.514979999999999918e-04 0.000000000000000000e+00
1.022500000000000142e+01 1.512189999999999899e-04 0.000000000000000000e+00
1.023499999999999943e+01 1.509410000000000038e-04 0.000000000000000000e+00
1.024500000000000099e+01 1.506629999999999905e-04 0.000000000000000000e+00
1.025499999999999901e+01 1.503870000000000087e-04 0.000000000000000000e+00
1.026500000000000057e+01 1.501109999999999999e-04 0.000000000000000000e+00
1.027499999999999858e+01 1.498360000000000067e-04 0.000000000000000000e+00
1.028500000000000014e+01 1.495620000000000022e-04 0.000000000000000000e+00
1.029499999999999993e+01 1.492879999999999977e-04 0.000000000000000000e+00
1.030499999999999972e+01 1.490150000000000090e-04 0.000000000000000000e+00
1.031500000000000128e+01 1.487430000000000089e-04 0.000000000000000000e+00
1.032499999999999929e+01 1.484719999999999974e-04 0.000000000000000000e+00
1.033500000000000085e+01 1.482020000000000017e-04 0.000000000000000000e+00
1.034499999999999886e+01 1.479320000000000060e-04 0.000000000000000000e+00
1.035500000000000043e+01 1.476629999999999989e-04 0.000000000000000000e+00
1.036499999999999844e+01 1.473950000000000076e-04 0.000000000000000000e+00
1.037500000000000000e+01 1.471269999999999891e-04 0.000000000000000000e+00
1.038500000000000156e+01 1.468610000000000022e-04 0.000000000000000000e+00
1.039499999999999957e+01 1.465949999999999881e-04 0.000000000000000000e+00
1.040500000000000114e+01 1.463290000000000012e-04 0.000000000000000000e+00
1.041499999999999915e+01 1.460649999999999915e-04 0.000000000000000000e+00
1.042500000000000071e+01 1.458010000000000089e-04 0.000000000000000000e+00
1.043499999999999872e+01 1.455379999999999879e-04 0.000000000000000000e+00
1.044500000000000028e+01 1.452760000000000097e-04 0.000000000000000000e+00
1.045500000000000007e+01 1.450140000000000044e-04 0.000000000000000000e+00
1.046499999999999986e+01 1.447529999999999878e-04 0.000000000000000000e+00
1.047500000000000142e+01 1.444929999999999869e-04 0.000000000000000000e+00
1.048499999999999943e+01 1.442330000000000131e-04 0.000000000000000000e+00
1.049500000000000099e+01 1.439749999999999895e-04 0.000000000000000000e+00
1.050499999999999901e+01 1.437169999999999930e-04 0.000000000000000000e+00
1.051500000000000057e+01 1.434589999999999965e-04 0.000000000000000000e+00
1.052499999999999858e+01 1.432030000000000043e-04 0.000000000000000000e+00
1.053500000000000014e+01 1.429470000000000122e-04 0.000000000000000000e+00
1.054499999999999993e+01 1.426909999999999930e-04 0.000000000000000000e+00
1.055499999999999972e+01 1.424370000000000052e-04 0.000000000000000000e+00
1.056500000000000128e+01 1.421829999999999904e-04 0.000000000000000000e+00
1.057499999999999929e+01 1.419299999999999913e-04 0.000000000000000000e+00
1.058500000000000085e+01 1.416769999999999922e-04 0.000000000000000000e+00
1.059499999999999886e+01 1.414259999999999975e-04 0.000000000000000000e+00
1.060500000000000043e+01 1.411750000000000027e-04 0.000000000000000000e+00
1.061499999999999844e+01 1.409240000000000080e-04 0.000000000000000000e+00
1.062500000000000000e+01 1.406740000000000019e-04 0.000000000000000000e+00
1.063500000000000156e+01 1.404250000000000116e-04 0.000000000000000000e+00
1.064499999999999957e+01 1.401770000000000099e-04 0.000000000000000000e+00
1.065500000000000114e+01 1.399290000000000082e-04 0.000000000000000000e+00
1.066499999999999915e+01 1.396819999999999952e-04 0.000000000000000000e+00
1.067500000000000071e+01 1.394359999999999979e-04 0.000000000000000000e+00
1.068499999999999872e+01 1.391900000000000006e-04 0.000000000000000000e+00
1.069500000000000028e+01 1.389449999999999919e-04 0.000000000000000000e+00
1.070500000000000007e+01 1.387000000000000103e-04 0.000000000000000000e+00
1.071499999999999986e+01 1.384570000000000061e-04 0.000000000000000000e+00
1.072500000000000142e+01 1.382140000000000018e-04 0.000000000000000000e+00
1.073499999999999943e+01 1.379709999999999975e-04 0.000000000000000000e+00
1.074500000000000099e+01 1.377290000000000090e-04 0.000000000000000000e+00
1.075499999999999901e+01 1.374880000000000091e-04 0.000000000000000000e+00
1.076500000000000057e+01 1.372479999999999978e-04 0.000000000000000000e+00
1.077499999999999858e+01 1.370079999999999866e-04 0.000000000000000000e+00
1.078500000000000014e+01 1.367689999999999911e-04 0.000000000000000000e+00
1.079499999999999993e+01 1.365299999999999955e-04 0.000000000000000000e+00
1.080499999999999972e+01 1.362919999999999887e-04 0.000000000000000000e+00
1.081500000000000128e+01 1.360549999999999976e-04 0.000000000000000000e+00
1.082499999999999929e+01 1.358180000000000064e-04 0.000000000000000000e+00
1.083500000000000085e+01 1.355820000000000039e-04 0.000000000000000000e+00
1.084499999999999886e+01 1.353469999999999901e-04 0.000000000000000000e+00
1.085500000000000043e+01 1.351120000000000034e-04 0.000000000000000000e+00
1.086499999999999844e+01 1.348780000000000053e-04 0.000000000000000000e+00
1.087500000000000000e+01 1.346440000000000072e-04 0.000000000000000000e+00
1.088500000000000156e+01 1.344109999999999977e-04 0.000000000000000000e+00
1.089499999999999957e+01 1.341790000000000040e-04 0.000000000000000000e+00
1.090500000000000114e+01 1.339470000000000103e-04 0.000000000000000000e+00
1.091499999999999915e+01 1.337160000000000052e-04 0.000000000000000000e+00
1.092500000000000071e+01 1.334850000000000001e-04 0.000000000000000000e+00
1.093499999999999872e+01 1.332559999999999995e-04 0.000000000000000000e+00
1.094500000000000028e+01 1.330260000000000101e-04 0.000000000000000000e+00
1.095500000000000007e+01 1.327979999999999981e-04 0.000000000000000000e+00
1.096499999999999986e+01 1.325689999999999974e-04 0.000000000000000000e+00
1.097500000000000142e+01 1.323420000000000011e-04 0.000000000000000000e+00
1.098499999999999943e+01 1.321150000000000048e-04 0.000000000000000000e+00
1.099500000000000099e+01 1.318889999999999971e-04 0.000000000000000000e+00
