0.80426 0.0024605 0.012141 6.6277E-04 0.013021
0.80918 0.0024600 0.013110 5.9241E-04 0.013071
0.81410 0.0024585 0.012613 6.7674E-04 0.013123
0.81901 0.0024570 0.013508 5.6049E-04 0.013185
0.82393 0.0024565 0.012864 6.5302E-04 0.013285
0.82884 0.0024550 0.012292 6.9954E-04 0.013376
0.83375 0.0024540 0.012515 7.8149E-04 0.013424
0.83866 0.0024535 0.013756 4.1294E-04 0.013484
0.84356 0.0024520 0.013017 6.3449E-04 0.013533
0.84846 0.0024510 0.012778 7.6596E-04 0.013594
0.85336 0.0024500 0.013028 6.9213E-04 0.013675
0.85826 0.0024495 0.013344 6.5201E-04 0.013702
0.86316 0.0024480 0.012049 9.3149E-04 0.013783
0.86806 0.0024475 0.013495 7.5696E-04 0.013886
0.87295 0.0024465 0.012899 7.5788E-04 0.013873
0.87784 0.0024455 0.014204 6.2638E-04 0.013938
0.88273 0.0024445 0.014330 6.3104E-04 0.013980
0.88762 0.0024440 0.013819 6.8415E-04 0.014010
0.89251 0.0024430 0.014129 6.3747E-04 0.014045
0.89739 0.0024420 0.014715 5.8678E-04 0.014084
0.90228 0.0024415 0.015616 3.7624E-04 0.014145
0.90716 0.0024405 0.014255 7.0087E-04 0.014160
0.91204 0.0024400 0.013953 7.5210E-04 0.014193
0.91692 0.0024390 0.013536 8.4824E-04 0.014294
0.92180 0.0024385 0.013761 8.5034E-04 0.014298
0.92667 0.0024380 0.014517 7.1440E-04 0.014334
0.93155 0.0024370 0.013888 8.1024E-04 0.014333
0.93642 0.0024360 0.014956 5.4258E-04 0.014395
0.94129 0.0024360 0.014510 6.6839E-04 0.014474
0.94616 0.0024350 0.014624 6.6843E-04 0.014452
0.95103 0.0024345 0.014444 7.2227E-04 0.014444
0.95590 0.0024340 0.014038 8.2269E-04 0.014497
0.96077 0.0024330 0.015069 8.2245E-04 0.015358
0.96564 0.0024330 0.028773 0.0012872 0.027677
0.97050 0.0024320 0.014583 7.8555E-04 0.014623
0.97536 0.0024315 0.015653 5.5474E-04 0.014556
0.98023 0.0024315 0.016102 3.9321E-04 0.014627
0.98509 0.0024305 0.013841 8.9189E-04 0.014824
0.98995 0.0024300 0.012701 0.0010052 0.014647
0.99481 0.0024300 0.015601 0.0011444 0.017340
0.99967 0.0024305 0.015477 6.3051E-04 0.014777
1.0045 0.0024300 0.014295 7.9477E-04 0.014756
1.0094 0.0024250 0.015421 5.6413E-04 0.014796
1.0142 0.0024300 0.016802 4.0233E-04 0.014854
1.0191 0.0024250 0.017920 5.4210E-04 0.016361
1.0240 0.0024300 0.023715 7.1814E-04 0.021746
1.0288 0.0024250 0.015808 5.7224E-04 0.015046
1.0337 0.0024300 0.014316 8.6339E-04 0.015194
1.0385 0.0024250 0.018779 9.4835E-04 0.018878
1.0434 0.0024251 0.020705 7.4559E-04 0.019613
1.0482 0.0024250 0.027559 0.0014990 0.027877
1.0531 0.0024250 0.013453 0.0010010 0.015203
1.0579 0.0024250 0.016145 6.9446E-04 0.016361
1.0628 0.0024250 0.025307 0.0010804 0.025362
1.0676 0.0024250 0.015538 6.7554E-04 0.015829
1.0725 0.0024250 0.015391 6.6126E-04 0.015405
1.0773 0.0024250 0.015878 5.1321E-04 0.015417
1.0822 0.0024250 0.015763 5.1690E-04 0.015469
1.0870 0.0024250 0.015374 6.7635E-04 0.015493
1.0919 0.0024200 0.016123 6.8789E-04 0.015549
1.0967 0.0024250 0.026530 0.0010517 0.026604
1.1016 0.0024250 0.031562 0.0020187 0.035634
1.1064 0.0024250 0.013053 0.0012452 0.016369
1.1112 0.0024200 0.015740 7.3758E-04 0.016135
1.1161 0.0024250 0.014439 8.8062E-04 0.016108
1.1209 0.0024250 0.015384 7.5155E-04 0.016127
1.1258 0.0024199 0.015785 6.6522E-04 0.015761
1.1306 0.0024251 0.016554 9.5617E-04 0.016763
1.1355 0.0024199 0.015404 7.7193E-04 0.015917
1.1403 0.0024250 0.017767 7.6896E-04 0.017592
1.1452 0.0024250 0.016645 9.4933E-04 0.017403
1.1500 0.0024200 0.015385 9.6256E-04 0.016052
1.1549 0.0024250 0.017547 6.2347E-04 0.015909
1.1597 0.0024250 0.015416 9.0032E-04 0.015938
1.1646 0.0024200 0.015987 9.5361E-04 0.016686
1.1694 0.0024250 0.017502 0.0010189 0.017653
1.1743 0.0024251 0.015800 7.5947E-04 0.016212
1.1791 0.0024199 0.017080 6.5357E-04 0.015994
1.1839 0.0024250 0.015111 0.0011002 0.016014
1.1888 0.0024250 0.015377 0.0011100 0.016022
1.1936 0.0024201 0.015301 0.0011208 0.016036
1.1985 0.0024250 0.017298 5.5235E-04 0.016675
1.2033 0.0024250 0.016430 0.0011154 0.016911
1.2082 0.0024250 0.017580 9.3237E-04 0.016707
1.2130 0.0024250 0.015890 7.9816E-04 0.016126
1.2179 0.0024251 0.016733 8.1611E-04 0.016343
1.2227 0.0024250 0.016407 0.0010285 0.016512
1.2276 0.0024200 0.016206 0.0012847 0.017651
1.2324 0.0024250 0.016529 9.3579E-04 0.016370
1.2373 0.0024300 0.016729 7.1927E-04 0.016619
1.2421 0.0024250 0.013641 0.0013476 0.016291
1.2470 0.0024250 0.016539 9.9175E-04 0.017145
1.2518 0.0024250 0.016435 9.6109E-04 0.016500
1.2567 0.0024250 0.016131 8.5431E-04 0.016515
1.2615 0.0024250 0.016247 9.6564E-04 0.016432
1.2664 0.0024300 0.014673 0.0012403 0.016456
1.2712 0.0024251 0.014936 0.0011668 0.016500
1.2761 0.0024300 0.014524 0.0013541 0.016744
1.2810 0.0024250 0.017554 8.8393E-04 0.016606
1.2858 0.0024300 0.013679 0.0016499 0.017436
1.2907 0.0024250 0.017285 0.0010656 0.017687
1.2955 0.0024300 0.016035 0.0011420 0.017187
1.3004 0.0024301 0.017000 9.0310E-04 0.016805
1.3052 0.0024300 0.017536 9.1046E-04 0.016843
1.3101 0.0024250 0.016964 7.7734E-04 0.016885
1.3149 0.0024300 0.017001 9.2175E-04 0.017009
1.3198 0.0024300 0.016423 0.0011538 0.017060
1.3247 0.0024350 0.016707 9.1946E-04 0.016936
1.3295 0.0024300 0.017737 9.5057E-04 0.017395
1.3344 0.0024300 0.017511 7.9120E-04 0.016981
1.3393 0.0024300 0.017601 7.9658E-04 0.017077
1.3441 0.0024350 0.016156 9.3149E-04 0.017121
1.3490 0.0024300 0.017123 0.0010590 0.017089
1.3539 0.0024350 0.016982 9.3545E-04 0.017102
1.3587 0.0024300 0.017768 6.2998E-04 0.017242
1.3636 0.0024350 0.018128 6.3478E-04 0.017235
1.3685 0.0024350 0.015196 0.0013659 0.017221
1.3733 0.0024300 0.016746 9.4497E-04 0.017233
1.3782 0.0024350 0.017447 8.0469E-04 0.017222
1.3831 0.0024350 0.017354 8.0671E-04 0.017253
1.3879 0.0024400 0.027152 0.0027553 0.032560
1.3928 0.0024350 0.017587 8.1325E-04 0.017290
1.3977 0.0024350 0.019045 8.9392E-04 0.018972
1.4025 0.0024350 0.014927 0.0013001 0.017332
1.4074 0.0024400 0.022978 0.0014795 0.023459
1.4123 0.0024350 0.018763 8.8187E-04 0.018441
1.4172 0.0024400 0.016209 0.0011049 0.017376
1.4220 0.0024400 0.018322 0.0012821 0.020059
1.4269 0.0024350 0.016510 0.0011249 0.017410
1.4318 0.0024400 0.016826 0.0011323 0.017417
1.4367 0.0024400 0.014804 0.0015592 0.017426
1.4416 0.0024400 0.015164 0.0014780 0.017443
1.4464 0.0024400 0.016691 0.0011600 0.017463
1.4513 0.0024450 0.016209 0.0013984 0.017452
1.4562 0.0024400 0.015410 0.0014098 0.017461
1.4611 0.0024450 0.019009 9.6101E-04 0.018895
1.4660 0.0024400 0.024975 9.7895E-04 0.024454
1.4709 0.0024450 0.015962 0.0013266 0.017484
1.4757 0.0024399 0.019324 7.1820E-04 0.017581
1.4806 0.0024450 0.015897 0.0013608 0.017691
1.4855 0.0024450 0.016633 0.0012337 0.017570
1.4904 0.0024450 0.017155 0.0011023 0.017652
1.4953 0.0024450 0.017199 0.0012544 0.017588
1.5002 0.0024450 0.017426 0.0014516 0.018306
1.5051 0.0024500 0.017323 0.0011412 0.017956
1.5100 0.0024450 0.014711 0.0016561 0.017706
1.5149 0.0024499 0.017415 0.0013187 0.018048
1.5198 0.0024450 0.014826 0.0019592 0.018349
1.5247 0.0024500 0.017024 0.0013151 0.017775
1.5296 0.0024500 0.018128 0.0011693 0.017745
1.5345 0.0024500 0.016180 0.0014691 0.017757
1.5394 0.0024499 0.016841 0.0013869 0.018437
1.5443 0.0024500 0.017172 0.0012174 0.018243
1.5492 0.0024500 0.017549 0.0010136 0.017851
1.5541 0.0024500 0.017937 0.0010215 0.017855
1.5590 0.0024551 0.015897 0.0015236 0.017928
1.5639 0.0024499 0.018785 0.0010662 0.018415
1.5688 0.0024550 0.019816 8.3730E-04 0.018537
1.5737 0.0024500 0.021131 9.1047E-04 0.020090
1.5786 0.0024550 0.018501 0.0010565 0.018018
1.5835 0.0024549 0.015644 0.0015949 0.018334
1.5884 0.0024551 0.020084 8.7331E-04 0.019079
1.5933 0.0024550 0.018129 0.0010723 0.018117
1.5982 0.0024549 0.017100 0.0014479 0.018148
1.6031 0.0024551 0.016753 0.0014520 0.018156
1.6081 0.0024600 0.018337 8.3587E-04 0.018194
1.6130 0.0024550 0.018383 0.0010963 0.018285
1.6179 0.0024600 0.017273 0.0010858 0.018185
1.6228 0.0024550 0.016476 0.0013002 0.018296
1.6277 0.0024600 0.016596 0.0014939 0.018463
1.6326 0.0024600 0.018521 0.0016305 0.020069
1.6376 0.0024600 0.016291 0.0019758 0.020191
1.6425 0.0024599 0.019189 0.0014620 0.020312
1.6474 0.0024601 0.017136 0.0017952 0.019808
1.6523 0.0024600 0.020113 0.0012206 0.019919
1.6572 0.0024599 0.021146 9.5302E-04 0.020038
1.6622 0.0024651 0.017253 0.0013653 0.018775
1.6671 0.0024600 0.016143 0.0017286 0.018796
1.6720 0.0024650 0.017407 0.0015768 0.018907
1.6769 0.0024600 0.021263 9.0778E-04 0.018706
1.6819 0.0024650 0.014360 0.0020394 0.018779
1.6868 0.0024650 0.020888 9.1777E-04 0.018889
1.6917 0.0024650 0.017581 0.0015870 0.018693
1.6967 0.0024651 0.019482 9.1421E-04 0.018747
1.7016 0.0024650 0.017825 0.0014194 0.018856
1.7065 0.0024650 0.019163 9.0956E-04 0.018656
1.7114 0.0024650 0.018650 9.1610E-04 0.018690
1.7164 0.0024700 0.019074 0.0012448 0.019427
1.7213 0.0024650 0.015937 0.0021316 0.020401
1.7262 0.0024700 0.017280 0.0016496 0.018935
1.7312 0.0024650 0.017636 0.0014564 0.018898
1.7361 0.0024700 0.020282 0.0013360 0.020519
1.7411 0.0024700 0.015291 0.0019819 0.018674
1.7460 0.0024700 0.020169 9.4204E-04 0.018659
1.7509 0.0024700 0.017659 0.0014808 0.018943
1.7559 0.0024700 0.016965 0.0014661 0.018701
1.7608 0.0024700 0.022199 0.0010629 0.020712
1.7658 0.0024700 0.015890 0.0018647 0.018699
1.7707 0.0024700 0.017012 0.0016925 0.018681
1.7756 0.0024700 0.017113 0.0015100 0.018891
1.7806 0.0024750 0.020562 0.0010264 0.019891
1.7855 0.0024700 0.017696 0.0015154 0.018694
1.7905 0.0024750 0.018050 0.0012792 0.018711
1.7954 0.0024751 0.017290 0.0015341 0.018740
1.8004 0.0024700 0.016978 0.0017624 0.018737
1.8053 0.0024750 0.018825 9.9923E-04 0.018743
1.8103 0.0024750 0.017044 0.0017884 0.018757
1.8152 0.0024750 0.020892 0.0010239 0.018773
1.8202 0.0024751 0.015605 0.0020155 0.018796
1.8251 0.0024750 0.015870 0.0020478 0.018930
1.8301 0.0024800 0.019429 0.0010446 0.018850
1.8350 0.0024750 0.019237 0.0010530 0.018850
1.8400 0.0024750 0.018235 0.0013976 0.018945
1.8449 0.0024801 0.020553 0.0010829 0.019123
1.8499 0.0024750 0.019572 0.0010810 0.018900
1.8548 0.0024800 0.019365 0.0010865 0.018929
1.8598 0.0024750 0.019420 0.0010974 0.018957
1.8647 0.0024800 0.014631 0.0023852 0.019046
1.8697 0.0024800 0.017436 0.0017493 0.019072
1.8747 0.0024750 0.018131 0.0017635 0.019021
1.8796 0.0024800 0.015151 0.0020125 0.019052
1.8846 0.0024800 0.018354 0.0014964 0.019071
1.8895 0.0024800 0.036087 0.0020268 0.033785
1.8945 0.0024800 0.047836 0.0038738 0.048591
1.8995 0.0024800 0.018620 0.0011557 0.019095
1.9044 0.0024850 0.015485 0.0020926 0.019097
1.9094 0.0024800 0.020866 0.0011865 0.019166
1.9144 0.0024800 0.017739 0.0018926 0.019262
1.9193 0.0024850 0.020132 0.0012054 0.019295
1.9243 0.0024800 0.021318 0.0012258 0.019276
1.9292 0.0024850 0.016805 0.0022274 0.019375
1.9342 0.0024800 0.018131 0.0016486 0.019364
1.9392 0.0024850 0.017302 0.0016467 0.019247
1.9441 0.0024800 0.019462 0.0012672 0.019346
1.9491 0.0024850 0.020508 0.0012763 0.019364
1.9541 0.0024850 0.016785 0.0020331 0.019290
1.9590 0.0024850 0.019499 0.0012906 0.019388
1.9640 0.0024850 0.019639 0.0013118 0.019416
1.9690 0.0024850 0.016276 0.0017359 0.019352
1.9740 0.0024850 0.019340 0.0013300 0.019450
1.9789 0.0024850 0.020580 0.0013407 0.019478
1.9839 0.0024850 0.017470 0.0021422 0.019400
1.9889 0.0024850 0.019233 0.0018121 0.019497
1.9938 0.0024850 0.016914 0.0021792 0.019528
1.9988 0.0024851 0.017892 0.0021865 0.019441
2.0038 0.0024899 0.020175 0.0013849 0.019538
2.0088 0.0024850 0.022017 0.0014014 0.019582
2.0137 0.0024850 0.016854 0.0022241 0.019520
2.0187 0.0024899 0.019777 0.0013966 0.019617
2.0237 0.0024850 0.020290 0.0014218 0.019665
2.0287 0.0024900 0.018535 0.0014078 0.019601
2.0336 0.0024849 0.016583 0.0026155 0.019697
2.0386 0.0024900 0.020032 0.0014392 0.019719
2.0436 0.0024899 0.017671 0.0022904 0.019550
2.0486 0.0024850 0.016624 0.0026458 0.019645
2.0535 0.0024900 0.019063 0.0019456 0.019721
2.0585 0.0024900 0.017547 0.0023440 0.019741
2.0635 0.0024899 0.019906 0.0019795 0.019837
2.0685 0.0024900 0.017887 0.0019788 0.019853
2.0735 0.0024899 0.015942 0.0026981 0.019612
2.0784 0.0024900 0.018395 0.0019872 0.019707
2.0834 0.0024899 0.019910 0.0014998 0.019755
2.0884 0.0024900 0.019146 0.0020049 0.019638
2.0934 0.0024900 0.020149 0.0015146 0.019731
2.0984 0.0024900 0.018935 0.0020383 0.019777
2.1033 0.0024900 0.018459 0.0020323 0.019632
2.1083 0.0024899 0.016773 0.0024623 0.019725
2.1133 0.0024900 0.021301 0.0015477 0.019775
2.1183 0.0024949 0.016963 0.0024766 0.019639
2.1233 0.0024900 0.016943 0.0025078 0.019731
2.1282 0.0024899 0.020049 0.0021163 0.019784
2.1332 0.0024900 0.020056 0.0015746 0.019640
2.1382 0.0024949 0.018707 0.0015778 0.019732
2.1432 0.0024900 0.017529 0.0025838 0.019786
2.1482 0.0024949 0.020710 0.0015961 0.019635
2.1532 0.0024900 0.017839 0.0021704 0.019726
2.1581 0.0024951 0.016297 0.0026329 0.019796
2.1631 0.0024900 0.020988 0.0016441 0.019735
2.1681 0.0024951 0.018202 0.0022325 0.019826
2.1731 0.0024899 0.017419 0.0022587 0.019884
2.1781 0.0024951 0.018673 0.0027300 0.019720
2.1831 0.0024949 0.020963 0.0017173 0.019810
2.1881 0.0024900 0.016581 0.0023130 0.019794
2.1930 0.0024949 0.018106 0.0023444 0.019801
2.2005 0.0049900 0.016445 0.0020337 0.019825
2.2105 0.0049851 0.015569 0.0020955 0.019898
2.2180 0.0024949 0.019707 0.0018607 0.019853
2.2230 0.0024951 0.017727 0.0025482 0.019863
2.2280 0.0024949 0.016168 0.0031222 0.019873
2.2330 0.0024951 0.020705 0.0019576 0.019883
2.2379 0.0024949 0.021106 0.0019791 0.019892
2.2429 0.0024951 0.033132 0.0030251 0.029789
2.2479 0.0024949 0.022550 0.0020589 0.019908
2.2529 0.0024951 0.017649 0.0034205 0.019915
2.2579 0.0024949 0.018476 0.0021142 0.019922
2.2654 0.0049900 0.017741 0.0020879 0.019932
2.2729 0.0024952 0.017859 0.0022214 0.019941
2.2779 0.0024951 0.015652 0.0030786 0.019945
2.2829 0.0024949 0.019305 0.0023070 0.019950
2.2878 0.0024951 0.021759 0.0023457 0.019958
2.2953 0.0049900 0.019221 0.0023996 0.020707
2.3028 0.0024999 0.017997 0.0033380 0.020005
2.3078 0.0024951 0.018758 0.0025481 0.020630
2.3128 0.0024949 0.019494 0.0025437 0.020286
2.3178 0.0024951 0.020769 0.0025415 0.020103
2.3228 0.0024999 0.026726 0.0033059 0.025731
2.3278 0.0024951 0.020308 0.0026039 0.020070
2.3328 0.0024949 0.017688 0.0026077 0.020086
2.3378 0.0025001 0.019094 0.0026373 0.020101
2.3428 0.0024949 0.022554 0.0026716 0.020116
2.3478 0.0024951 0.018930 0.0026822 0.020132
2.3527 0.0024999 0.022887 0.0027062 0.020145
2.3627 0.0074900 0.017020 0.0026180 0.021377
2.3752 0.0049950 0.019999 0.0023365 0.020201
2.3827 0.0024951 0.022241 0.0027676 0.020219
2.3877 0.0024999 0.020532 0.0027720 0.020229
2.3927 0.0024951 0.019191 0.0027669 0.020240
2.4027 0.0074899 0.014814 0.0024938 0.020243
2.4127 0.0025001 0.020736 0.0027657 0.020342
2.4177 0.0024949 0.023506 0.0028194 0.020782
2.4227 0.0025001 0.018857 0.0027989 0.020868
2.4302 0.0049950 0.019996 0.0023363 0.020580
2.4377 0.0024999 0.019584 0.0027049 0.020315
2.4452 0.0049951 0.016706 0.0026148 0.020415
2.4526 0.0024949 0.019329 0.0027094 0.020516
2.4601 0.0050000 0.021004 0.0026196 0.023505
2.4676 0.0024951 0.024878 0.0034726 0.026373
2.4726 0.0024999 0.023998 0.0034907 0.026611
2.4826 0.0074952 0.023480 0.0037850 0.031689
2.4951 0.0049950 0.016440 0.0026232 0.020316
2.5051 0.0050000 0.019225 0.0023282 0.020355
2.5151 0.0049950 0.016618 0.0027044 0.020396
2.5226 0.0024999 0.024583 0.0028364 0.020330
2.5301 0.0049950 0.018923 0.0024351 0.020449
2.5376 0.0025001 0.020486 0.0028902 0.020325
2.5451 0.0050000 0.018362 0.0024866 0.020444
2.5526 0.0024951 0.021045 0.0029626 0.020317
2.5601 0.0050000 0.020009 0.0025388 0.020434
2.5701 0.0049950 0.019260 0.0025572 0.020344
2.5776 0.0024999 0.020081 0.0030571 0.020459
2.5826 0.0025001 0.019393 0.0030450 0.020312
2.5926 0.0074999 0.016684 0.0024428 0.020395
2.6026 0.0024951 0.022439 0.0031388 0.020408
2.6076 0.0024999 0.020421 0.0031383 0.020484
2.6126 0.0025001 0.021012 0.0031330 0.020344
2.6176 0.0024999 0.018199 0.0031314 0.020422
2.6226 0.0025001 0.020178 0.0031682 0.020497
2.6276 0.0024949 0.021782 0.0031526 0.020361
2.6350 0.0050000 0.016772 0.0030853 0.020476
2.6451 0.0050001 0.018783 0.0027168 0.020422
2.6526 0.0024999 0.019658 0.0032274 0.020536
2.6576 0.0025001 0.019125 0.0032134 0.020403
2.6650 0.0049950 0.019378 0.0027628 0.020517
2.6750 0.0050000 0.019496 0.0027724 0.020457
2.6825 0.0024999 0.021349 0.0032883 0.020570
2.6875 0.0025001 0.022149 0.0032864 0.020432
2.6975 0.0074999 0.014541 0.0028391 0.020511
2.7075 0.0024951 0.020002 0.0033696 0.020517
2.7150 0.0050000 0.019104 0.0029115 0.020743
2.7275 0.0074999 0.016545 0.0029663 0.020821
2.7375 0.0025001 0.024171 0.0034676 0.020524
2.7425 0.0024999 0.024721 0.0035003 0.020598
2.7475 0.0025001 0.021094 0.0034898 0.020447
2.7550 0.0049950 0.017248 0.0034325 0.020559
2.7625 0.0025001 0.021985 0.0035210 0.020467
2.7675 0.0024999 0.020197 0.0035611 0.020542
2.7725 0.0025001 0.023806 0.0035897 0.020615
2.7775 0.0024999 0.019907 0.0035788 0.020490
2.7825 0.0025001 0.024291 0.0036124 0.020564
2.7925 0.0074999 0.017976 0.0026457 0.020576
2.8025 0.0025001 0.020895 0.0036739 0.020656
2.8125 0.0074999 0.019453 0.0026847 0.020608
2.8275 0.0075001 0.015907 0.0031651 0.020633
2.8375 0.0024949 0.019892 0.0037116 0.020583
2.8450 0.0050000 0.018808 0.0036354 0.020692
2.8525 0.0025001 0.023369 0.0037518 0.020793
2.8575 0.0024999 0.022295 0.0037583 0.020866
2.8625 0.0025001 0.023875 0.0037859 0.020938
2.8700 0.0050000 0.018111 0.0031803 0.020660
2.8775 0.0025001 0.020701 0.0037637 0.020768
2.8850 0.0050000 0.018220 0.0036436 0.020668
2.8950 0.0050000 0.020433 0.0031924 0.020709
2.9050 0.0050000 0.019091 0.0031925 0.020750
2.9150 0.0050000 0.018620 0.0031911 0.020685
2.9225 0.0024999 0.020897 0.0037778 0.020800
2.9275 0.0025001 0.027001 0.0045276 0.025017
2.9325 0.0024999 0.028918 0.0045632 0.025102
2.9400 0.0050000 0.020814 0.0029681 0.023122
2.9475 0.0025001 0.023840 0.0038564 0.021129
2.9525 0.0024999 0.024110 0.0038806 0.021204
2.9625 0.0075001 0.020353 0.0033396 0.022816
2.9750 0.0050000 0.019908 0.0032677 0.020682
2.9825 0.0024999 0.022594 0.0038699 0.020786
2.9875 0.0025001 0.019808 0.0038657 0.020639
2.9925 0.0024999 0.019763 0.0038928 0.020708
2.9975 0.0025001 0.024404 0.0039279 0.020777
3.0025 0.0025001 0.023619 0.0039093 0.020627
3.0075 0.0024999 0.024177 0.0039408 0.020696
3.0125 0.0024951 0.022571 0.0039616 0.020764
3.0225 0.0074999 0.017942 0.0031681 0.020695
3.0350 0.0050000 0.017759 0.0033986 0.020627
3.0450 0.0050000 0.020261 0.0034203 0.020652
3.0525 0.0025001 0.021946 0.0040067 0.020641
3.0625 0.0074999 0.016190 0.0032103 0.020635
3.0725 0.0025001 0.026102 0.0040689 0.020698
3.0850 0.0100000 0.016295 0.0026619 0.020994
3.1025 0.0074999 0.021077 0.0031189 0.021661
3.1125 0.0025001 0.023415 0.0040762 0.020688
3.1175 0.0024999 0.024144 0.0041024 0.020754
3.1225 0.0025001 0.023322 0.0046516 0.023462
3.1275 0.0025001 0.026445 0.0046674 0.023537
3.1375 0.0074999 0.021823 0.0033147 0.025205
3.1500 0.0050000 0.025177 0.0033392 0.023366
3.1575 0.0025001 0.025678 0.0042175 0.020660
3.1625 0.0024999 0.025273 0.0042491 0.020725
3.1700 0.0050000 0.018321 0.0030926 0.021293
3.1800 0.0050000 0.023630 0.0031065 0.021000
3.1925 0.0075001 0.019013 0.0032058 0.020669
3.2075 0.0074999 0.018039 0.0029355 0.020668
3.2200 0.0050000 0.019550 0.0031966 0.020698
3.2300 0.0050000 0.020213 0.0032219 0.020629
3.2400 0.0050000 0.019519 0.0032515 0.020658
3.2500 0.0050001 0.021209 0.0032923 0.020685
3.2625 0.0074999 0.017250 0.0034278 0.020643
3.2750 0.0050000 0.022272 0.0033289 0.020598
3.2850 0.0050000 0.021016 0.0040563 0.020647
3.2950 0.0050000 0.021937 0.0040925 0.020696
3.3025 0.0025001 0.024447 0.0047807 0.020606
3.3100 0.0050000 0.021949 0.0034068 0.020700
3.3225 0.0074999 0.019878 0.0031952 0.020674
3.3325 0.0025001 0.024515 0.0048541 0.020615
3.3400 0.0050000 0.022459 0.0034616 0.020708
3.3525 0.0074999 0.017508 0.0032409 0.020678
3.3650 0.0050000 0.022290 0.0034964 0.020655
3.3750 0.0050001 0.024217 0.0035179 0.020690
3.3925 0.012500 0.016906 0.0029631 0.020710
3.4075 0.0025001 0.025737 0.0050643 0.020641
3.4125 0.0024999 0.027066 0.0051033 0.020702
3.4275 0.012500 0.016335 0.0031745 0.020702
3.4500 0.0100000 0.016856 0.0033707 0.020698
3.4650 0.0050000 0.025183 0.0037378 0.020918
3.4775 0.0074999 0.017784 0.0035219 0.020989
3.4900 0.0050000 0.019607 0.0037338 0.020709
3.5125 0.017500 0.016195 0.0028054 0.020649
3.5450 0.015000 0.016937 0.0029435 0.020620
3.5700 0.0100000 0.017924 0.0032983 0.020586
3.5900 0.0100000 0.018349 0.0033071 0.020567
3.6050 0.0050000 0.021157 0.0038612 0.020493
3.6175 0.0075001 0.020322 0.0036235 0.020520
3.6300 0.0050000 0.023901 0.0039600 0.020987
3.6400 0.0050000 0.023117 0.0040667 0.021488
3.6550 0.0100000 0.018086 0.0034175 0.021077
3.6700 0.0050000 0.022860 0.0041290 0.021696
3.6950 0.020000 0.015856 0.0030164 0.022566
3.7225 0.0075001 0.022036 0.0033790 0.021069
3.7400 0.0100000 0.017987 0.0032121 0.020567
3.7550 0.0050000 0.024389 0.0041106 0.020445
3.7750 0.015000 0.017644 0.0030617 0.020460
3.7950 0.0050000 0.021411 0.0041961 0.020444
3.8050 0.0050000 0.021698 0.0042146 0.020464
3.8150 0.0050000 0.021444 0.0042121 0.020409
3.8250 0.0050000 0.025445 0.0042478 0.020511
3.8350 0.0050000 0.025373 0.0042764 0.020614
3.8475 0.0075001 0.022136 0.0034909 0.020583
3.8600 0.0050000 0.026276 0.0047879 0.022976
3.8700 0.0050000 0.026482 0.0051553 0.024579
3.8800 0.0050000 0.031633 0.0055225 0.026198
3.8900 0.0050000 0.022542 0.0043114 0.020293
3.9000 0.0050000 0.022835 0.0043484 0.020305
3.9125 0.0075001 0.023292 0.0041519 0.020501
3.9275 0.0074999 0.021821 0.0037071 0.020708
3.9400 0.0050000 0.022992 0.0045061 0.020303
3.9500 0.0050000 0.025106 0.0045276 0.020242
3.9625 0.0075001 0.019623 0.0037329 0.020260
3.9825 0.012500 0.018606 0.0036719 0.020244
4.0000 0.0050001 0.023913 0.0047182 0.020261
4.0125 0.0074999 0.023450 0.0039244 0.020528
4.0275 0.0074999 0.020826 0.0038989 0.020219
4.0500 0.015000 0.017764 0.0031932 0.020201
4.0800 0.015000 0.019798 0.0034348 0.020172
4.1025 0.0075002 0.023271 0.0040471 0.020146
4.1175 0.0074999 0.022056 0.0040693 0.020126
4.1350 0.0100000 0.021444 0.0039540 0.020086
4.1525 0.0074999 0.022215 0.0041346 0.020079
4.1675 0.0075002 0.020846 0.0041677 0.020066
4.1800 0.0049999 0.027734 0.0051502 0.020071
4.1950 0.0100000 0.020630 0.0036400 0.019998
4.2150 0.0100000 0.023276 0.0040910 0.019978
4.2325 0.0074999 0.022608 0.0042855 0.019968
4.2500 0.010000 0.019352 0.0037289 0.019967
4.2700 0.0100000 0.020958 0.0041719 0.019921
4.2875 0.0074999 0.022004 0.0043642 0.019917
4.3100 0.015000 0.019546 0.0038140 0.020044
4.3475 0.022500 0.015811 0.0031139 0.020071
4.3875 0.017500 0.019233 0.0035496 0.019839
4.4150 0.0100000 0.020560 0.0040054 0.019823
4.4375 0.012500 0.020983 0.0039457 0.019771
4.4650 0.015000 0.021346 0.0038348 0.019744
4.4875 0.0074999 0.024979 0.0047636 0.019727
4.5100 0.015000 0.021380 0.0036614 0.019711
4.5375 0.012500 0.020847 0.0041134 0.019712
4.5625 0.012500 0.020085 0.0038071 0.019723
4.5850 0.0100000 0.022218 0.0043985 0.020180
4.6050 0.0100000 0.023531 0.0044201 0.020024
4.6225 0.0075002 0.025579 0.0050141 0.019453
4.6425 0.012500 0.020086 0.0039395 0.019462
4.6700 0.015000 0.020235 0.0039302 0.019446
4.6925 0.0074999 0.026482 0.0052104 0.019354
4.7125 0.012500 0.023012 0.0040707 0.019338
4.7375 0.012500 0.022547 0.0041180 0.019285
4.7850 0.035000 0.016397 0.0030466 0.019220
4.8500 0.030000 0.015729 0.0031106 0.019249
4.9075 0.027500 0.017589 0.0033307 0.019019
4.9500 0.015000 0.021686 0.0041253 0.019106
4.9850 0.020000 0.020324 0.0038100 0.018917
5.0325 0.027500 0.018400 0.0034024 0.018873
5.0900 0.030000 0.017944 0.0035431 0.018801
5.1500 0.030000 0.017452 0.0032981 0.018721
5.2225 0.042500 0.016998 0.0031181 0.018589
5.2900 0.025000 0.020372 0.0040279 0.018429
5.3350 0.020000 0.022528 0.0041981 0.018324
5.3850 0.030000 0.019153 0.0037578 0.018199
5.4400 0.025000 0.021951 0.0040848 0.018088
5.5025 0.037500 0.017359 0.0034671 0.017970
5.5675 0.027500 0.020984 0.0039123 0.017842
5.6200 0.025000 0.022280 0.0043917 0.017741
5.6925 0.047500 0.016631 0.0032984 0.017645
5.7725 0.032500 0.020008 0.0037820 0.017537
5.8425 0.037500 0.018587 0.0033810 0.017421
5.9500 0.070000 0.015921 0.0030283 0.017202
6.0650 0.045000 0.018272 0.0035981 0.016921
6.1425 0.032500 0.019490 0.0036318 0.016797
6.2000 0.025000 0.014485 0.0028532 0.016858
6.2375 0.012500 0.017936 0.0034285 0.020232
6.2625 0.012500 0.061012 0.010160 0.070783
6.2875 0.012500 0.056508 0.010637 0.075118
6.3100 0.0100000 0.11781 0.022238 0.15739
6.3300 0.0100000 0.15246 0.027288 0.18588
6.3500 0.0100000 0.013274 0.0025939 0.016131
6.3775 0.017500 0.012965 0.0025417 0.016063
6.4150 0.020000 0.016322 0.0031005 0.016020
6.4675 0.032500 0.016719 0.0031289 0.016073
6.5300 0.030000 0.025884 0.0049489 0.021815
6.5725 0.012500 0.094214 0.018098 0.062683
6.6025 0.017500 0.025018 0.0047828 0.017023
6.6550 0.035000 0.018291 0.0033524 0.015670
6.7150 0.025000 0.022633 0.0044920 0.015566
6.8050 0.065000 0.017606 0.0034703 0.015406
6.9450 0.075000 0.017968 0.0035774 0.015104
7.0850 0.065000 0.020112 0.0039308 0.014745
7.2300 0.080000 0.018266 0.0036060 0.014557
7.4350 0.12500 0.015946 0.0042636 0.019928
7.7075 0.14750 0.014078 0.0040045 0.015932
7.8750 0.020000 0.014341 0.010504 0.014225
15.000 1.0000 0.0030887 0.0013397 0.0045434
17.000 1.0000 0.0035561 0.0013383 0.0032085
20.000 2.0000 0.0025699 0.0010591 0.0019424
25.000 3.0000 0.0011977 9.9956E-04 8.2078E-04
39.550 11.550 3.2882E-04 7.8622E-04 1.3513E-04
76.150 25.050  0  0  0
148.05 46.850 -2.3669E-30 -2.3669E-30  0
