2.993000000715255737e-01 4.272400319034000020e-05 2.871951056732114826e-06
3.139000087976455688e-01 9.896026686648161873e-05 9.489337976988980892e-06
3.285000026226043701e-01 1.634068497283047011e-04 1.689629125681783991e-05
3.430999964475631714e-01 2.877591204939573214e-04 3.785005521732575956e-05
3.577000051736831665e-01 4.235455267102713702e-04 5.908606144040443693e-05
3.722999989986419678e-01 5.884877119449375251e-04 8.485385936660627335e-05
3.868999928236007690e-01 8.165874965175348981e-04 9.967913640105385538e-05
4.015000015497207642e-01 8.776764876360959762e-04 1.068477320916255913e-04
4.161000102758407593e-01 1.183917371814502406e-03 1.109037405204591940e-04
4.307000041007995605e-01 1.463797934174970424e-03 1.374069725061904783e-04
4.452999979257583618e-01 1.881605582704418307e-03 1.451288666220199790e-04
4.599000066518783569e-01 2.290251371144242168e-03 1.733873128477903967e-04
4.745000004768371582e-01 2.926965131970919124e-03 2.071600662416789329e-04
4.890999943017959595e-01 3.132136062393207996e-03 2.224084095855422428e-04
5.036999881267547607e-01 4.252211402329746440e-03 2.407476048414502578e-04
5.182999968528747559e-01 5.454212085912911283e-03 2.966001879519170503e-04
5.329000055789947510e-01 1.216587256199573152e-03 6.536534656755271355e-05
5.474999845027923584e-01 1.701383911826870625e-03 8.848969988893107090e-05
5.620999932289123535e-01 2.332095412698155772e-03 1.080096025984193130e-04
5.767000019550323486e-01 2.945737694856697276e-03 1.351560887787813013e-04
5.912999808788299561e-01 3.735754978832871945e-03 1.654743958114103487e-04
6.058999896049499512e-01 3.779160294338146462e-03 1.620144657723002158e-04
6.204999983310699463e-01 4.237317489496942105e-03 1.631851886092155297e-04
6.351000070571899414e-01 4.827677164763554199e-03 1.750668859260034636e-04
6.497000157833099365e-01 5.133386821324365488e-03 1.847104381569130262e-04
6.642999947071075439e-01 5.479425868448167987e-03 1.882604142455950914e-04
6.789000034332275391e-01 5.856335581300621193e-03 1.939377645997994730e-04
6.935000121593475342e-01 6.274057010605760612e-03 2.033557114777260523e-04
7.080999910831451416e-01 5.342935853746359244e-03 1.584584103496530945e-04
7.226999998092651367e-01 5.556987542739440407e-03 1.710918135492093693e-04
7.373000085353851318e-01 5.986371783800365637e-03 1.713238091779646503e-04
7.518999874591827393e-01 6.424959684073213925e-03 1.758931909867500064e-04
7.664999961853027344e-01 6.456563134157893361e-03 1.783950969499227014e-04
7.811000049114227295e-01 6.683368014051388820e-03 1.750356724990505947e-04
7.956999838352203369e-01 7.025934460493643390e-03 1.777243223698583548e-04
8.102999925613403320e-01 7.098205144300678837e-03 1.715099314221976440e-04
8.249000012874603271e-01 7.311472206936404060e-03 1.789259066690784914e-04
8.395000100135803223e-01 7.226941598877921827e-03 1.797200440567657434e-04
8.541000187397003174e-01 7.675785683346363943e-03 1.833294821614625905e-04
8.686999976634979248e-01 6.353081456755947307e-03 1.569648272100015573e-04
8.833000063896179199e-01 6.815267571591919482e-03 1.639446329524422909e-04
8.979000151157379150e-01 7.120361573017318021e-03 1.633830562615758196e-04
9.124999940395355225e-01 6.941580136106132587e-03 1.690433254437873306e-04
9.271000027656555176e-01 7.674394772748494714e-03 1.715438883585766630e-04
9.417000114917755127e-01 7.489636915680539242e-03 1.704385894406555972e-04
9.562999904155731201e-01 8.074970901810200191e-03 1.757155135846702422e-04
9.708999991416931152e-01 8.093634222227337818e-03 1.716341382104523503e-04
9.855000078678131104e-01 8.238234386192012926e-03 1.754699570757244282e-04
1.000100016593933105e+00 8.551912242403932052e-03 1.750526007970765348e-04
1.014699995517730713e+00 8.769471511657567914e-03 1.723986038593335610e-04
1.029299974441528320e+00 8.364980350397557482e-03 1.731604767444866911e-04
1.043900012969970703e+00 8.810540364086461018e-03 1.805721624644220612e-04
1.058499991893768311e+00 8.830360405482184927e-03 1.739273946686422127e-04
1.073099970817565918e+00 8.676835788195726498e-03 1.772885356670818996e-04
1.087700009346008301e+00 8.790387365557863694e-03 1.711080185149041033e-04
1.102299988269805908e+00 8.563341918753384491e-03 1.694204331064278791e-04
1.116899967193603516e+00 8.164055677251220305e-03 1.684941428108955317e-04
1.131500005722045898e+00 7.896009585927097479e-03 1.622075723781897809e-04
1.146099984645843506e+00 8.012177110037731198e-03 1.628842421321129651e-04
1.160699963569641113e+00 7.836214089046833475e-03 1.630255511257795535e-04
1.175300002098083496e+00 7.655947438391499937e-03 1.568185167517820459e-04
1.189899981021881104e+00 7.965666005433507529e-03 1.624651592376963631e-04
1.204499959945678711e+00 7.706122647527657507e-03 1.598521471475498011e-04
1.219099998474121094e+00 7.674052295338052408e-03 1.595871590644164120e-04
1.233700037002563477e+00 7.763461902380431809e-03 1.577353371606134136e-04
1.248300015926361084e+00 7.584585338314841010e-03 1.572500349180916662e-04
1.262899994850158691e+00 7.904866222644049006e-03 1.565284013595141083e-04
1.277500033378601074e+00 7.735802495347620517e-03 1.597257477399330067e-04
1.292100012302398682e+00 7.486972141516380803e-03 1.548024542628435136e-04
1.306699991226196289e+00 7.466216107456572632e-03 1.532718830939051478e-04
1.321300029754638672e+00 7.419278654935966208e-03 1.530073396544653951e-04
1.335900008678436279e+00 7.466187721323854810e-03 1.518142312597032888e-04
1.350499987602233887e+00 7.215483424018884206e-03 1.556525188874139049e-04
1.365100026130676270e+00 7.505820269667049828e-03 1.546931046256126620e-04
1.379700005054473877e+00 7.276294728470937209e-03 1.539835475574461137e-04
1.394299983978271484e+00 7.488977388566794152e-03 1.555611983630888909e-04
1.408900022506713867e+00 7.140919354939952342e-03 1.478743961160957764e-04
1.423500001430511475e+00 6.937851213274700071e-03 1.493811148829859623e-04
1.438099980354309082e+00 6.872878549171345351e-03 1.502796547451980974e-04
1.452700018882751465e+00 6.976774202949305621e-03 1.505518416892548492e-04
1.467299997806549072e+00 6.792244194635354941e-03 1.424759068661730378e-04
1.481899976730346680e+00 6.807032526454310020e-03 1.471031526838584129e-04
1.496500015258789062e+00 6.750832491816472110e-03 1.469175347537201085e-04
1.511099994182586670e+00 6.526346636731713072e-03 1.476905095371092191e-04
1.525699973106384277e+00 6.573567604565443492e-03 1.453708856995281767e-04
1.540300011634826660e+00 6.380767366569298216e-03 1.460894957705147462e-04
1.554899990558624268e+00 6.639419370818205705e-03 1.457540096656190546e-04
1.569499969482421875e+00 6.582803640921387062e-03 1.443582369820306001e-04
1.584100008010864258e+00 6.407199420215548696e-03 1.492634243463543712e-04
1.598699986934661865e+00 6.217578339522791472e-03 1.458705523129810331e-04
1.613299965858459473e+00 6.478608534713570580e-03 1.439980441214812887e-04
1.627900004386901855e+00 6.363847691883289109e-03 1.497378615099020384e-04
1.642499983310699463e+00 6.309944723103981697e-03 1.475586697553749114e-04
1.657099962234497070e+00 6.044971126657158397e-03 1.452590187184718540e-04
1.671700000762939453e+00 6.116780536093335136e-03 1.428778251051550385e-04
1.686300039291381836e+00 5.886409168629611575e-03 1.401799432178523072e-04
1.700900018215179443e+00 6.025177262506624561e-03 1.419242959474104906e-04
1.715499997138977051e+00 6.208790241429899999e-03 1.444666438280772726e-04
1.730100035667419434e+00 5.974906124663395372e-03 1.397029932962231440e-04
1.744700014591217041e+00 5.964225856837075332e-03 1.379003636930255564e-04
1.759299993515014648e+00 5.956999834860187207e-03 1.404231510257116108e-04
1.773900032043457031e+00 5.833946155057361492e-03 1.369758324281686952e-04
1.788500010967254639e+00 5.955588143478336358e-03 1.363411922170766209e-04
1.803099989891052246e+00 5.819517646281716257e-03 1.365143503199148017e-04
1.817700028419494629e+00 5.631951994335334180e-03 1.320945231959559868e-04
1.832300007343292236e+00 5.484123107491565598e-03 1.313745790730396477e-04
1.846899986267089844e+00 5.637914371709195488e-03 1.314710752774410482e-04
1.861500024795532227e+00 5.594030450855721516e-03 1.392476889483439887e-04
1.876100003719329834e+00 5.493391289602194034e-03 1.352941641952173143e-04
1.890699982643127441e+00 5.237717781767906727e-03 1.358891154490307466e-04
1.905300021171569824e+00 5.271422497598432511e-03 1.383848920815716125e-04
1.919900000095367432e+00 5.243820508312664261e-03 1.390562675257750295e-04
1.934499979019165039e+00 5.153367590719047306e-03 1.321545077652205987e-04
1.949100017547607422e+00 5.051340087284057236e-03 1.405580785079486958e-04
1.963699996471405029e+00 4.911589415683304677e-03 1.373736514998981253e-04
1.978299975395202637e+00 4.880568670091421646e-03 1.428107799932681584e-04
1.992900013923645020e+00 4.839395413189610806e-03 1.392638147504362373e-04
2.007500052452087402e+00 4.916482306437978955e-03 1.368662128804706032e-04
2.022100090980529785e+00 4.803027688307806228e-03 1.467131485776089863e-04
2.036700010299682617e+00 4.812422894136630415e-03 1.513378418713698490e-04
2.051299929618835449e+00 4.901159641658619018e-03 1.558750808073575849e-04
2.065899968147277832e+00 4.734686949455758041e-03 1.598063413051856326e-04
2.080500006675720215e+00 4.425499105580077072e-03 1.645366279029263610e-04
2.095100045204162598e+00 4.619162894055532306e-03 1.749024168403987597e-04
2.109700083732604980e+00 4.789496226616581261e-03 1.734730993222956383e-04
2.124300003051757812e+00 4.844672876065097590e-03 1.739708093183959809e-04
2.138899922370910645e+00 4.709142089824147615e-03 1.785857948874743225e-04
2.153499960899353027e+00 4.553416075969008228e-03 1.783975655361340969e-04
2.168099999427795410e+00 4.292539024265868558e-03 1.840057374827549022e-04
2.182700037956237793e+00 4.451883536500284531e-03 1.742140391132324920e-04
2.197300076484680176e+00 4.841356720554889845e-03 1.861742155440755046e-04
2.211899995803833008e+00 4.678229724761716682e-03 1.774947346412095379e-04
2.226499915122985840e+00 3.925951261395286933e-03 1.780796843266043762e-04
2.241099953651428223e+00 4.474174346705217520e-03 1.856061274916585315e-04
2.255699992179870605e+00 4.343917706668590922e-03 1.730255642291468751e-04
2.270300030708312988e+00 4.169095262237362300e-03 1.641465177892817982e-04
2.284900069236755371e+00 4.245865770758667536e-03 1.624043898282152528e-04
2.299499988555908203e+00 4.380221042889552267e-03 1.599355252664952224e-04
2.314099907875061035e+00 4.244296890702565356e-03 1.602942682207950012e-04
2.328699946403503418e+00 4.154999788322055569e-03 1.596651341556025851e-04
2.343299984931945801e+00 3.937358269659678445e-03 1.555755692297896610e-04
2.357900023460388184e+00 4.067360213093658937e-03 1.670532940147295426e-04
2.372500061988830566e+00 4.233809076664791539e-03 1.586454908777383153e-04
2.387099981307983398e+00 4.099494480717208629e-03 1.576596674913889194e-04
2.401699900627136230e+00 3.931281447613181775e-03 1.577159306468563216e-04
2.416299939155578613e+00 4.092113281198809550e-03 1.521704334721782380e-04
2.430899977684020996e+00 4.122185305349381629e-03 1.555748456842496368e-04
2.445500016212463379e+00 3.652754956040616709e-03 1.500658128135824796e-04
2.460100054740905762e+00 3.691786238118880802e-03 1.581277214158720941e-04
2.474700093269348145e+00 3.707915158244843006e-03 1.523443355990138873e-04
2.489300012588500977e+00 3.628271932204835647e-03 1.516170702582479723e-04
2.503899931907653809e+00 3.390436839149487888e-03 1.515867446539540268e-04
2.518499970436096191e+00 3.591852724134595148e-03 1.505739284764991452e-04
2.533100008964538574e+00 3.598624935008515845e-03 1.478582870078900895e-04
2.547700047492980957e+00 3.172112249476361813e-03 1.446938911235380707e-04
2.562300086021423340e+00 3.152341286957411736e-03 1.410348170960128720e-04
2.576900005340576172e+00 3.276404421181450515e-03 1.512791598659966473e-04
2.591499924659729004e+00 3.373672580943948198e-03 1.477306880728980259e-04
2.606099963188171387e+00 3.158228106677864362e-03 1.386438069872186741e-04
2.620700001716613770e+00 3.307841502402435793e-03 1.406948494252097679e-04
2.635300040245056152e+00 3.171757151455923199e-03 1.447068775597372056e-04
2.649900078773498535e+00 3.382474238437035638e-03 1.426555601099239860e-04
2.664499998092651367e+00 3.379458456304901964e-03 1.453892959735735848e-04
2.679099917411804199e+00 3.254724178380356131e-03 1.362328486398777373e-04
2.693699955940246582e+00 3.143816614753474920e-03 1.340002271867634384e-04
2.708299994468688965e+00 2.991636151133149606e-03 1.328567927825449236e-04
2.722900032997131348e+00 3.198001824549608508e-03 1.393091231944445043e-04
2.737500071525573730e+00 2.923109911231631074e-03 1.438311672033366516e-04
2.752099990844726562e+00 2.958409387557094442e-03 1.364606859348733319e-04
2.766699910163879395e+00 2.996953632481470526e-03 1.319123851466330989e-04
2.781299948692321777e+00 2.733063468404564253e-03 1.340069897927407335e-04
2.795899987220764160e+00 2.733824115677011522e-03 1.429867521065926385e-04
2.810500025749206543e+00 2.794572723819995635e-03 1.332132348460898677e-04
2.825100064277648926e+00 2.707047988535363128e-03 1.316849183885920036e-04
2.839699983596801758e+00 2.853716946136563258e-03 1.272971134645590758e-04
2.854299902915954590e+00 2.820626777041588314e-03 1.267497094095221765e-04
2.868899941444396973e+00 2.907830664464111908e-03 1.367111676539512410e-04
2.883499979972839355e+00 2.930467073809064297e-03 1.339535467596983040e-04
2.898100018501281738e+00 2.991115539161269803e-03 1.316554186035976662e-04
2.912700057029724121e+00 2.732347492716331698e-03 1.339718842242626929e-04
2.927300095558166504e+00 2.709708402561106320e-03 1.351247112735535669e-04
2.941900014877319336e+00 2.497936023665755633e-03 1.361531576239436510e-04
2.956499934196472168e+00 2.926500400186832739e-03 1.284475436819291605e-04
2.971099972724914551e+00 2.605639724325852641e-03 1.359721800333369985e-04
2.985700011253356934e+00 2.532402799507741699e-03 1.446901986972510613e-04
3.000300049781799316e+00 2.721700420959256243e-03 1.278966932007387369e-04
3.014900088310241699e+00 2.926385093104548474e-03 1.259585246167221504e-04
3.029500007629394531e+00 2.534466513789302312e-03 1.243451078230239904e-04
3.044099926948547363e+00 2.396608955384104452e-03 1.332046497079399485e-04
3.058699965476989746e+00 2.631751093799585602e-03 1.204062547641200094e-04
3.073300004005432129e+00 2.774526499579107498e-03 1.265485656123410164e-04
3.087900042533874512e+00 2.509883983054281287e-03 1.270191486206246213e-04
3.102500081062316895e+00 2.455216941035600654e-03 1.260766835991711699e-04
3.117100000381469727e+00 2.646213816045692949e-03 1.277723120571821330e-04
3.131699919700622559e+00 2.417179691513182856e-03 1.238786487010000708e-04
3.146299958229064941e+00 2.439443071036447030e-03 1.277605765828292075e-04
3.160899996757507324e+00 2.370728626850628594e-03 1.137400819398325422e-04
3.175500035285949707e+00 2.439763352136656380e-03 1.210903015182242823e-04
3.190100073814392090e+00 2.315359070026702226e-03 1.224841813593260638e-04
3.204699993133544922e+00 2.231918810541488364e-03 1.208686891251708226e-04
3.219299912452697754e+00 2.367434787192882785e-03 1.177469153236790415e-04
3.233899950981140137e+00 2.190168179516453068e-03 1.250493275017499641e-04
3.248499989509582520e+00 2.147369285289748957e-03 1.241030639548836262e-04
3.263100028038024902e+00 2.453693838268897719e-03 1.291986474388447429e-04
3.277700066566467285e+00 2.448808441577937211e-03 1.222444557900021530e-04
3.292299985885620117e+00 2.202455986121281718e-03 1.137953272599941866e-04
3.306899905204772949e+00 2.281494471251867620e-03 1.170177762109391058e-04
3.321499943733215332e+00 2.252729134777424654e-03 1.198968484334316295e-04
3.336099982261657715e+00 2.230637405566359734e-03 1.175658590720231436e-04
3.350700020790100098e+00 2.384052807457884195e-03 1.202076519379564152e-04
3.365300059318542480e+00 2.125823640294478671e-03 1.134735560679709960e-04
3.379900097846984863e+00 2.097747460381486906e-03 1.146498318758276555e-04
3.394500017166137695e+00 2.116383065142989853e-03 1.183826892589902075e-04
3.409099936485290527e+00 2.124632077933469136e-03 1.149350092667744645e-04
3.423699975013732910e+00 2.018103464199122107e-03 1.090481132548368139e-04
3.438300013542175293e+00 2.161218736451850798e-03 1.136627750341444982e-04
3.452900052070617676e+00 1.840561151949844307e-03 1.010498318628968994e-04
3.467500090599060059e+00 2.082906372468856793e-03 1.101436807747560045e-04
3.482100009918212891e+00 1.964791980257870121e-03 1.151442038754648171e-04
3.496699929237365723e+00 1.879299300516002998e-03 1.185558164075520689e-04
3.511299967765808105e+00 1.939818197469379227e-03 1.091296769194111680e-04
3.525900006294250488e+00 2.110656489538634707e-03 1.105133164247046795e-04
3.540500044822692871e+00 2.034933366771865537e-03 1.162959226137508570e-04
3.555100083351135254e+00 1.936001738247397803e-03 1.144391431075801005e-04
3.569700002670288086e+00 1.820698403338663401e-03 1.122372598823252033e-04
3.584299921989440918e+00 1.975415666060813605e-03 1.035912914377074679e-04
3.598899960517883301e+00 1.856907244675812035e-03 1.053491721964860441e-04
3.613499999046325684e+00 1.885836451560649876e-03 1.097489584652332130e-04
3.628100037574768066e+00 1.919112665512529145e-03 1.023218713705385211e-04
3.642700076103210449e+00 1.856207988943266163e-03 1.091311259621127115e-04
3.657299995422363281e+00 1.791033521666436428e-03 1.078561203037902371e-04
3.671899914741516113e+00 1.853593377161200442e-03 1.109458269652282452e-04
3.686499953269958496e+00 1.942284418291660491e-03 1.070491014335586395e-04
3.701099991798400879e+00 1.858903942017128873e-03 1.110975674732319355e-04
3.715700030326843262e+00 1.578221684948589261e-03 1.092528417356266246e-04
3.730300068855285645e+00 1.639352456762400859e-03 1.086671115492544339e-04
3.744899988174438477e+00 1.862460607716006451e-03 1.055150503082549258e-04
3.759499907493591309e+00 1.868807575229993953e-03 1.095504372105890554e-04
3.774099946022033691e+00 1.808233932619144691e-03 1.083949153272795402e-04
3.788699984550476074e+00 1.873228832657022761e-03 1.058267773880330420e-04
3.803300023078918457e+00 1.707646802044841079e-03 1.083289051690770996e-04
3.817900061607360840e+00 1.850142171741438928e-03 1.073748332774656158e-04
3.832499980926513672e+00 1.865570255454128542e-03 1.036386366381420924e-04
3.847099900245666504e+00 1.579529892092964693e-03 9.975203535705441844e-05
3.861699938774108887e+00 1.698018398655605195e-03 9.786764561419909519e-05
3.876299977302551270e+00 1.900096115073563732e-03 1.139744936943356602e-04
3.890900015830993652e+00 1.646205501147903318e-03 9.907067072878318159e-05
3.905500054359436035e+00 1.664812176815453878e-03 1.056962563384899572e-04
3.920100092887878418e+00 1.724675550188870974e-03 1.007771030449489173e-04
3.934700012207031250e+00 1.656158907418809169e-03 1.015024342648692410e-04
3.949299931526184082e+00 1.496735301516655082e-03 9.809477144259067514e-05
3.963899970054626465e+00 1.707842689598118623e-03 1.026855614456130338e-04
3.978500008583068848e+00 1.540087127464242166e-03 1.108247343031232925e-04
3.993100047111511230e+00 1.609860503262382789e-03 9.614196378731059301e-05
4.007699966430664062e+00 1.482594767705083154e-03 1.041983080491463119e-04
4.022300004959106445e+00 1.566669798094280468e-03 9.267971813474235791e-05
4.036900043487548828e+00 1.547627186333484870e-03 1.075668562260341721e-04
4.051500082015991211e+00 1.504000664965307772e-03 9.633216054945431778e-05
4.066100120544433594e+00 1.540421819173957985e-03 1.036488773183609111e-04
4.080699920654296875e+00 1.442837533508849711e-03 1.036543102237885190e-04
4.095299959182739258e+00 1.442658207329289679e-03 9.958810220349091906e-05
4.109899997711181641e+00 1.624039418647739604e-03 9.428586525459062848e-05
4.124500036239624023e+00 1.473651155947581538e-03 9.593567897458298705e-05
4.139100074768066406e+00 1.473747811051717184e-03 1.026196639119280799e-04
4.153699874877929688e+00 1.352250306047279686e-03 1.041795468209866639e-04
4.168299913406372070e+00 1.313934121535826434e-03 9.489603506857943629e-05
4.182899951934814453e+00 1.389339070320695299e-03 1.032014676505471694e-04
4.197499990463256836e+00 1.514712151273317963e-03 9.736554068679140086e-05
4.212100028991699219e+00 1.316806104690149571e-03 9.530915865200316115e-05
4.226700067520141602e+00 1.315201714156073905e-03 9.539969101025544407e-05
4.241300106048583984e+00 1.306631689186231026e-03 9.985663015731376850e-05
4.255899906158447266e+00 1.208041979167221456e-03 9.778439936266870554e-05
4.270499944686889648e+00 1.358716900133963941e-03 1.013096219942514347e-04
4.285099983215332031e+00 1.273351551023716929e-03 1.133881969279353091e-04
4.299700021743774414e+00 1.304507785194626655e-03 9.818509610389464075e-05
4.314300060272216797e+00 1.445434100730102860e-03 1.057866861824341355e-04
4.328900098800659180e+00 1.310912976686842962e-03 9.866718931128262888e-05
4.343500137329101562e+00 1.337170446350108505e-03 1.038448631144813660e-04
4.358099937438964844e+00 1.203171880117685603e-03 1.010744485059475385e-04
4.372699975967407227e+00 1.294954440345402573e-03 9.881793204394209284e-05
4.387300014495849609e+00 1.353661483350887887e-03 1.002995069320999720e-04
4.401900053024291992e+00 1.302183265849479092e-03 9.163645821753051667e-05
4.416500091552734375e+00 1.211683232538997030e-03 9.728684538866623282e-05
4.431099891662597656e+00 1.226743642009725521e-03 1.086926941673945954e-04
4.445699930191040039e+00 1.303140948340738995e-03 9.479042147174557124e-05
4.460299968719482422e+00 1.266258715465627639e-03 8.828473728009799998e-05
4.474900007247924805e+00 1.360768892450853716e-03 1.015009111619355210e-04
4.489500045776367188e+00 1.279888523833045376e-03 9.479810675336575968e-05
4.504100084304809570e+00 1.253870961981845989e-03 9.942355319921424744e-05
4.518700122833251953e+00 1.312837190769122146e-03 9.592341953034223855e-05
4.533299922943115234e+00 1.174142316683652373e-03 1.049128702825616338e-04
4.547899961471557617e+00 1.198042954592280730e-03 1.120401705557093987e-04
4.562500000000000000e+00 1.148405094190005100e-03 9.519423420686386065e-05
4.577100038528442383e+00 1.229973652595142729e-03 1.000237688118682137e-04
4.591700077056884766e+00 1.139856253189560969e-03 9.552816097223349216e-05
4.606299877166748047e+00 1.105697950546137348e-03 1.025342607809387859e-04
4.620899915695190430e+00 1.230054280538402361e-03 1.008123189918342727e-04
4.635499954223632812e+00 1.146353479236906581e-03 9.357730715281815579e-05
4.650099992752075195e+00 1.270231599084624061e-03 1.022461978789500250e-04
4.664700031280517578e+00 1.171726173227057369e-03 9.165088080141520752e-05
4.679300069808959961e+00 1.300374752867944394e-03 9.813035976136789680e-05
4.693900108337402344e+00 1.219015523522317670e-03 1.017796971595838625e-04
4.708499908447265625e+00 1.115747438243755137e-03 9.390889078344307091e-05
4.723099946975708008e+00 1.044236396594797620e-03 1.032472081233424356e-04
4.737699985504150391e+00 1.128165520582494414e-03 1.079534084518478664e-04
4.752300024032592773e+00 1.083451761337489829e-03 9.956822545179305067e-05
4.766900062561035156e+00 1.165196507009700136e-03 9.307683157199006117e-05
4.781499862670898438e+00 1.221201515039302540e-03 9.142128747075201414e-05
4.796099901199340820e+00 1.143907644120799013e-03 9.919963325023477111e-05
4.810699939727783203e+00 1.078780568582078225e-03 1.007290281932406064e-04
4.825299978256225586e+00 1.065711864040058904e-03 1.035109394501531986e-04
4.839900016784667969e+00 1.140374683483431949e-03 9.709467883812194762e-05
4.854500055313110352e+00 1.288891130159982310e-03 9.464893101333358527e-05
4.869100093841552734e+00 1.071967458052969094e-03 8.884388379421804258e-05
4.883699893951416016e+00 1.121537478432795042e-03 9.421166066342993839e-05
4.898299932479858398e+00 9.326963791772555686e-04 9.596520738031702740e-05
4.912899971008300781e+00 1.091958148005487501e-03 9.023621378239836757e-05
4.927500009536743164e+00 9.798456539929594183e-04 9.112575545044717242e-05
4.942100048065185547e+00 9.123196356668519238e-04 9.649310154700828238e-05
4.956700086593627930e+00 1.171151789952547652e-03 1.005960355255206733e-04
4.971300125122070312e+00 9.072074716540014889e-04 9.712950853421789381e-05
4.985899925231933594e+00 9.710044637070287506e-04 1.111291428538537050e-04
5.000499963760375977e+00 1.001507896978295680e-03 9.346506554452893838e-05
5.015100002288818359e+00 9.627132136193376289e-04 9.982502913957260490e-05
5.029700040817260742e+00 9.688315921168367574e-04 1.036427129783612679e-04
5.044300079345703125e+00 9.991807373918885557e-04 1.016342521031077814e-04
5.058899879455566406e+00 8.984810449076740613e-04 1.088568542033613404e-04
5.073499917984008789e+00 1.006243156654890647e-03 1.059628230343157213e-04
5.088099956512451172e+00 9.702410761986774096e-04 1.054823194500749715e-04
5.102699995040893555e+00 9.567490139788041277e-04 9.042796476046459819e-05
5.117300033569335938e+00 9.343563944497066320e-04 1.054984864596012373e-04
5.131900072097778320e+00 9.883135329281555938e-04 1.074471142838036151e-04
5.146500110626220703e+00 1.181098041152819867e-03 1.062285954669339808e-04
5.161099910736083984e+00 8.828627180541159412e-04 1.090077433295892281e-04
5.175699949264526367e+00 8.276081443513094108e-04 1.046181160620850798e-04
5.190299987792968750e+00 9.003801911985337804e-04 9.093837838557122355e-05
5.204900026321411133e+00 9.354823742816351572e-04 1.012050815891147817e-04
5.219500064849853516e+00 9.452211733711057698e-04 9.317662689315568973e-05
5.234099864959716797e+00 1.018746476016660612e-03 9.593424633701428382e-05
5.248699903488159180e+00 9.179827671789015904e-04 8.751118966241201963e-05
5.263299942016601562e+00 9.539232611349604107e-04 9.478827655140302196e-05
5.277899980545043945e+00 8.514447171878861478e-04 1.128498758598542242e-04
5.292500019073486328e+00 9.629605893846146904e-04 1.008270623549171032e-04
5.307100057601928711e+00 8.442748070071544623e-04 1.063247466686251431e-04
5.321700096130371094e+00 8.561942841004107404e-04 1.072621515274024460e-04
5.336299896240234375e+00 8.536121674537749254e-04 9.379226110290032697e-05
5.350899934768676758e+00 8.175626663311330415e-04 1.152047508867230292e-04
5.365499973297119141e+00 8.723507769744119275e-04 9.539757199370428153e-05
5.380100011825561523e+00 9.240726489456836060e-04 1.117199708900018908e-04
5.394700050354003906e+00 7.705210901990622264e-04 9.286492916910280807e-05
5.409300088882446289e+00 9.005430202018197775e-04 1.079412508282099161e-04
5.423900127410888672e+00 7.987861079076474498e-04 1.142162290818163475e-04
5.438499927520751953e+00 7.284354592592424396e-04 1.037499372855983225e-04
5.453099966049194336e+00 8.194490458108398025e-04 1.241675161218864999e-04
5.467700004577636719e+00 8.519017199509919041e-04 1.039006969964039704e-04
5.482300043106079102e+00 8.669494749872226191e-04 1.146774956391322212e-04
5.496900081634521484e+00 8.087523742846634139e-04 1.088457595710893135e-04
5.511499881744384766e+00 8.666770558216707956e-04 1.113324994996571553e-04
5.526099920272827148e+00 9.048682194427161386e-04 1.080411937577130849e-04
5.540699958801269531e+00 9.130882306392331315e-04 1.141104468650948713e-04
5.555299997329711914e+00 7.421311223607762828e-04 1.093201742611206602e-04
5.569900035858154297e+00 8.653623843168537855e-04 1.025962778560548334e-04
5.584500074386596680e+00 7.125060125279777988e-04 1.039968691648989331e-04
5.599100112915039062e+00 7.406992625956269286e-04 1.164984419643839086e-04
5.613699913024902344e+00 7.250711349043666328e-04 1.114719521892209480e-04
5.628299951553344727e+00 9.947899089337622867e-04 1.022222780639860465e-04
5.642899990081787109e+00 7.362386417973505693e-04 1.131888372430049611e-04
5.657500028610229492e+00 8.601784920461447853e-04 1.179110876370192403e-04
5.672100067138671875e+00 8.035460958052625209e-04 1.167598040367982798e-04
5.686699867248535156e+00 8.709720377942769534e-04 1.073720753507735685e-04
5.701299905776977539e+00 7.672773412295625295e-04 1.224693124384807364e-04
5.715899944305419922e+00 7.528591957847540058e-04 1.279629324495669060e-04
5.730499982833862305e+00 7.816208806543899212e-04 9.755966056572975230e-05
5.745100021362304688e+00 6.077890147700040855e-04 1.070951153958045151e-04
5.759700059890747070e+00 8.157259622655620461e-04 9.995636775930720897e-05
5.774300098419189453e+00 6.614447244414292269e-04 1.103773156510835221e-04
5.788899898529052734e+00 6.750427689274830388e-04 1.180693572659483493e-04
5.803499937057495117e+00 6.950835619402338057e-04 1.194662827426810724e-04
5.818099975585937500e+00 7.685282772601794267e-04 1.227033160626150930e-04
5.832700014114379883e+00 8.038149604323722216e-04 1.181689230276675341e-04
5.847300052642822266e+00 7.486962101392789998e-04 1.169152892773677268e-04
5.861900091171264648e+00 6.136613364409679045e-04 1.046435408461874505e-04
5.876500129699707031e+00 7.914777622729333171e-04 1.198387835998348405e-04
5.891099929809570312e+00 8.053492104948545283e-04 1.210280813827668253e-04
5.905699968338012695e+00 8.419000299507288813e-04 1.154594181469518311e-04
5.920300006866455078e+00 6.114078970916689715e-04 1.225510475541806855e-04
5.934900045394897461e+00 6.940779150274863736e-04 1.110294692254725336e-04
5.949500083923339844e+00 8.107775914517008136e-04 1.434607816145764322e-04
5.964099884033203125e+00 5.854805887982770466e-04 1.240726363477422686e-04
5.978699922561645508e+00 6.344048109857863176e-04 1.398358686495610457e-04
5.993299961090087891e+00 5.716246691458898082e-04 1.322754356248898695e-04
6.007899999618530273e+00 7.357385575256260302e-04 1.387803143290819918e-04
6.022500038146972656e+00 7.571731275673092374e-04 1.336201593995486121e-04
6.037100076675415039e+00 8.797705763470175166e-04 1.231951362144524393e-04
6.051700115203857422e+00 1.011625741319862638e-03 1.504461716552760555e-04
6.066299915313720703e+00 1.272893928715539136e-03 1.651653546808586255e-04
6.080899953842163086e+00 1.426009960793015677e-03 1.446255258390013619e-04
6.095499992370605469e+00 1.247978661966360047e-03 1.605633984148130368e-04
6.110100030899047852e+00 1.538485352514809903e-03 1.571364647443361897e-04
6.124700069427490234e+00 1.381465461287053383e-03 1.599809429529624810e-04
6.139299869537353516e+00 1.842095112254515336e-03 1.741424803329105048e-04
6.153899908065795898e+00 1.635426177819203309e-03 1.551468771071685742e-04
6.168499946594238281e+00 1.807307596641882352e-03 1.751302286161161219e-04
6.183099985122680664e+00 1.511885389397876929e-03 1.801943297282581008e-04
6.197700023651123047e+00 1.623478031363376553e-03 1.719598201049223518e-04
6.212300062179565430e+00 1.505354872813350654e-03 1.694960620631525414e-04
6.226900100708007812e+00 1.319127003587490781e-03 1.648539175078426935e-04
6.241499900817871094e+00 1.166535384945205063e-03 1.532632659226688943e-04
6.256099939346313477e+00 1.030766231030207352e-03 1.404029001162645661e-04
6.270699977874755859e+00 7.683360230275971875e-04 1.785477595326337105e-04
6.285300016403198242e+00 8.682456649983814672e-04 1.622525467517969312e-04
6.299900054931640625e+00 1.001448986593621087e-03 1.516308279414194809e-04
6.314500093460083008e+00 8.095495139185538824e-04 1.354621118514512358e-04
6.329100131988525391e+00 9.613935296044614706e-04 1.610859270532655001e-04
6.343699932098388672e+00 6.960092551245678849e-04 1.528337990891857770e-04
6.358299970626831055e+00 7.862079380930879404e-04 1.657789708854754199e-04
6.372900009155273438e+00 9.347978895466714728e-04 1.546474215139966382e-04
6.387500047683715820e+00 8.806676663004264164e-04 1.537296540098832148e-04
6.402100086212158203e+00 9.959907197618143686e-04 1.682872120200138604e-04
6.416699886322021484e+00 1.042683824185571982e-03 1.390233954232534131e-04
6.431299924850463867e+00 7.968712609600927220e-04 1.428181545829029699e-04
6.445899963378906250e+00 1.139503437960356609e-03 1.449629809318866882e-04
6.460500001907348633e+00 8.478564384510874161e-04 1.584896274220615642e-04
6.475100040435791016e+00 8.878838594738010584e-04 1.499704745914661721e-04
6.489700078964233398e+00 6.770433837229033894e-04 1.649774226277004848e-04
6.504300117492675781e+00 7.520231527740443844e-04 1.692616947520292402e-04
6.518899917602539062e+00 6.915891837552957510e-04 1.685218463043730791e-04
6.533499956130981445e+00 6.277809450304872247e-04 1.564268896942844547e-04
6.548099994659423828e+00 7.278301248201535104e-04 1.619078865355034894e-04
6.562700033187866211e+00 5.250860474938204205e-04 1.665930650484623667e-04
6.577300071716308594e+00 5.882232453169263008e-04 1.589194235457333851e-04
6.591899871826171875e+00 4.299213858722611111e-04 1.769155252626312242e-04
6.606499910354614258e+00 7.209516212186635898e-04 1.540861013850284124e-04
6.621099948883056641e+00 4.519197379026293070e-04 1.813744186190400284e-04
6.635699987411499023e+00 6.377798038421111405e-04 1.531039683613893130e-04
6.650300025939941406e+00 3.027152938070975250e-04 2.003586710278351126e-04
6.664900064468383789e+00 6.673624571429709502e-04 1.715791839711088191e-04
6.679500102996826172e+00 6.621800913397974395e-04 1.730211391905811622e-04
6.694099903106689453e+00 7.698293406052324726e-04 1.472281524473535491e-04
6.708699941635131836e+00 6.534476455004342797e-04 1.890016938597212273e-04
6.723299980163574219e+00 8.480458193863841176e-04 1.983947784658770044e-04
6.737900018692016602e+00 5.090816077080515109e-04 1.994140073849906211e-04
6.752500057220458984e+00 5.243452670328000147e-04 1.757651979819158366e-04
6.767100095748901367e+00 4.915051997340187575e-04 1.903770851790142972e-04
6.781700134277343750e+00 6.376903689380909084e-04 1.984338671911736903e-04
6.796299934387207031e+00 6.408960502206708949e-04 1.703006723323206417e-04
6.810899972915649414e+00 4.095792100007779194e-04 1.933484699926282639e-04
6.825500011444091797e+00 6.571131258804033997e-04 1.746099185621353392e-04
6.840100049972534180e+00 5.401623728183569794e-04 2.167899034118302354e-04
6.854700088500976562e+00 6.586363109077831212e-04 1.782659361023178552e-04
6.869299888610839844e+00 4.732096488478557497e-04 1.892588290646801989e-04
6.883899927139282227e+00 2.728386844473372594e-04 2.270551330037568123e-04
6.898499965667724609e+00 7.303187612293371433e-04 1.872992156128437517e-04
6.913100004196166992e+00 4.339319667603904677e-04 2.252395860534446136e-04
6.927700042724609375e+00 4.500196963762196170e-04 1.968180088810818492e-04
6.942300081253051758e+00 8.553122796534346319e-04 1.990787788983468015e-04
6.956900119781494141e+00 6.573774088812261909e-04 2.108796849162145623e-04
6.971499919891357422e+00 6.000180473675181250e-04 2.107215172290359182e-04
6.986099958419799805e+00 6.859413220378978923e-04 1.728839755342223637e-04
#BEGIN SOURCE MODEL
7.004999999999999893e+00 5.879330000000000103e-04 0.000000000000000000e+00
7.014999999999999680e+00 5.864260000000000262e-04 0.000000000000000000e+00
7.025000000000000355e+00 5.849240000000000125e-04 0.000000000000000000e+00
7.035000000000000142e+00 5.834279999999999848e-04 0.000000000000000000e+00
7.044999999999999929e+00 5.819389999999999589e-04 0.000000000000000000e+00
7.054999999999999716e+00 5.804550000000000117e-04 0.000000000000000000e+00
7.064999999999999503e+00 5.789760000000000349e-04 0.000000000000000000e+00
7.075000000000000178e+00 5.775039999999999514e-04 0.000000000000000000e+00
7.084999999999999964e+00 5.760379999999999624e-04 0.000000000000000000e+00
7.094999999999999751e+00 5.745770000000000521e-04 0.000000000000000000e+00
7.105000000000000426e+00 5.731220000000000194e-04 0.000000000000000000e+00
7.115000000000000213e+00 5.692339999999999510e-04 0.000000000000000000e+00
7.125000000000000000e+00 5.669860000000000091e-04 0.000000000000000000e+00
7.134999999999999787e+00 5.655670000000000011e-04 0.000000000000000000e+00
7.144999999999999574e+00 5.641529999999999635e-04 0.000000000000000000e+00
7.155000000000000249e+00 5.627450000000000204e-04 0.000000000000000000e+00
7.165000000000000036e+00 5.613420000000000475e-04 0.000000000000000000e+00
7.174999999999999822e+00 5.599440000000000450e-04 0.000000000000000000e+00
7.185000000000000497e+00 5.585520000000000285e-04 0.000000000000000000e+00
7.195000000000000284e+00 5.571649999999999823e-04 0.000000000000000000e+00
7.205000000000000071e+00 5.557830000000000149e-04 0.000000000000000000e+00
7.214999999999999858e+00 5.544070000000000335e-04 0.000000000000000000e+00
7.224999999999999645e+00 5.530360000000000224e-04 0.000000000000000000e+00
7.235000000000000320e+00 5.516699999999999816e-04 0.000000000000000000e+00
7.245000000000000107e+00 5.503090000000000195e-04 0.000000000000000000e+00
7.254999999999999893e+00 5.489530000000000277e-04 0.000000000000000000e+00
7.264999999999999680e+00 5.476030000000000220e-04 0.000000000000000000e+00
7.275000000000000355e+00 5.462579999999999866e-04 0.000000000000000000e+00
7.285000000000000142e+00 5.449170000000000142e-04 0.000000000000000000e+00
7.294999999999999929e+00 5.435820000000000278e-04 0.000000000000000000e+00
7.304999999999999716e+00 5.422520000000000118e-04 0.000000000000000000e+00
7.314999999999999503e+00 5.409259999999999503e-04 0.000000000000000000e+00
7.325000000000000178e+00 5.396059999999999832e-04 0.000000000000000000e+00
7.334999999999999964e+00 5.382909999999999865e-04 0.000000000000000000e+00
7.344999999999999751e+00 5.369809999999999601e-04 0.000000000000000000e+00
7.355000000000000426e+00 5.356749999999999966e-04 0.000000000000000000e+00
7.365000000000000213e+00 5.343750000000000193e-04 0.000000000000000000e+00
7.375000000000000000e+00 5.330789999999999964e-04 0.000000000000000000e+00
7.384999999999999787e+00 5.317880000000000523e-04 0.000000000000000000e+00
7.394999999999999574e+00 5.305019999999999701e-04 0.000000000000000000e+00
7.405000000000000249e+00 5.292199999999999509e-04 0.000000000000000000e+00
7.415000000000000036e+00 5.279440000000000261e-04 0.000000000000000000e+00
7.424999999999999822e+00 5.266719999999999475e-04 0.000000000000000000e+00
7.435000000000000497e+00 5.254049999999999476e-04 0.000000000000000000e+00
7.445000000000000284e+00 5.241420000000000107e-04 0.000000000000000000e+00
7.455000000000000071e+00 5.228849999999999514e-04 0.000000000000000000e+00
7.464999999999999858e+00 5.216310000000000478e-04 0.000000000000000000e+00
7.474999999999999645e+00 5.203830000000000218e-04 0.000000000000000000e+00
7.485000000000000320e+00 5.191389999999999503e-04 0.000000000000000000e+00
7.495000000000000107e+00 5.178999999999999576e-04 0.000000000000000000e+00
7.504999999999999893e+00 5.166650000000000279e-04 0.000000000000000000e+00
7.514999999999999680e+00 5.154349999999999600e-04 0.000000000000000000e+00
7.525000000000000355e+00 5.142089999999999552e-04 0.000000000000000000e+00
7.535000000000000142e+00 5.129870000000000133e-04 0.000000000000000000e+00
7.544999999999999929e+00 5.117709999999999490e-04 0.000000000000000000e+00
7.554999999999999716e+00 5.105580000000000404e-04 0.000000000000000000e+00
7.564999999999999503e+00 5.093499999999999937e-04 0.000000000000000000e+00
7.575000000000000178e+00 5.081470000000000257e-04 0.000000000000000000e+00
7.584999999999999964e+00 5.069469999999999966e-04 0.000000000000000000e+00
7.594999999999999751e+00 5.057520000000000461e-04 0.000000000000000000e+00
7.605000000000000426e+00 5.045619999999999576e-04 0.000000000000000000e+00
7.615000000000000213e+00 5.033760000000000404e-04 0.000000000000000000e+00
7.625000000000000000e+00 5.021939999999999694e-04 0.000000000000000000e+00
7.634999999999999787e+00 5.010159999999999614e-04 0.000000000000000000e+00
7.644999999999999574e+00 4.998430000000000321e-04 0.000000000000000000e+00
7.655000000000000249e+00 4.986730000000000416e-04 0.000000000000000000e+00
7.665000000000000036e+00 4.975080000000000214e-04 0.000000000000000000e+00
7.674999999999999822e+00 4.963479999999999715e-04 0.000000000000000000e+00
7.685000000000000497e+00 4.951909999999999689e-04 0.000000000000000000e+00
7.695000000000000284e+00 4.940390000000000450e-04 0.000000000000000000e+00
7.705000000000000071e+00 4.928899999999999514e-04 0.000000000000000000e+00
7.714999999999999858e+00 4.917409999999999663e-04 0.000000000000000000e+00
7.724999999999999645e+00 4.906010000000000145e-04 0.000000000000000000e+00
7.735000000000000320e+00 4.894650000000000173e-04 0.000000000000000000e+00
7.745000000000000107e+00 4.883329999999999746e-04 0.000000000000000000e+00
7.754999999999999893e+00 4.872049999999999948e-04 0.000000000000000000e+00
7.764999999999999680e+00 4.860810000000000239e-04 0.000000000000000000e+00
7.775000000000000355e+00 4.849610000000000075e-04 0.000000000000000000e+00
7.785000000000000142e+00 4.838449999999999999e-04 0.000000000000000000e+00
7.794999999999999929e+00 4.827330000000000011e-04 0.000000000000000000e+00
7.804999999999999716e+00 4.816250000000000110e-04 0.000000000000000000e+00
7.814999999999999503e+00 4.805200000000000140e-04 0.000000000000000000e+00
7.825000000000000178e+00 4.794199999999999872e-04 0.000000000000000000e+00
7.834999999999999964e+00 4.783240000000000235e-04 0.000000000000000000e+00
7.844999999999999751e+00 4.772309999999999985e-04 0.000000000000000000e+00
7.855000000000000426e+00 4.761419999999999824e-04 0.000000000000000000e+00
7.865000000000000213e+00 4.750569999999999750e-04 0.000000000000000000e+00
7.875000000000000000e+00 4.739759999999999763e-04 0.000000000000000000e+00
7.884999999999999787e+00 4.728989999999999865e-04 0.000000000000000000e+00
7.894999999999999574e+00 4.718249999999999896e-04 0.000000000000000000e+00
7.905000000000000249e+00 4.707550000000000016e-04 0.000000000000000000e+00
7.915000000000000036e+00 4.696890000000000223e-04 0.000000000000000000e+00
7.924999999999999822e+00 4.686269999999999976e-04 0.000000000000000000e+00
7.935000000000000497e+00 4.675680000000000201e-04 0.000000000000000000e+00
7.945000000000000284e+00 4.665129999999999971e-04 0.000000000000000000e+00
7.955000000000000071e+00 4.654610000000000214e-04 0.000000000000000000e+00
7.964999999999999858e+00 4.644140000000000160e-04 0.000000000000000000e+00
7.974999999999999645e+00 4.633700000000000037e-04 0.000000000000000000e+00
7.985000000000000320e+00 4.623289999999999843e-04 0.000000000000000000e+00
7.995000000000000107e+00 4.612919999999999738e-04 0.000000000000000000e+00
8.004999999999999005e+00 4.602590000000000262e-04 0.000000000000000000e+00
8.015000000000000568e+00 4.592290000000000174e-04 0.000000000000000000e+00
8.024999999999998579e+00 4.582030000000000174e-04 0.000000000000000000e+00
8.035000000000000142e+00 4.571800000000000104e-04 0.000000000000000000e+00
8.044999999999999929e+00 4.561610000000000122e-04 0.000000000000000000e+00
8.054999999999999716e+00 4.551460000000000228e-04 0.000000000000000000e+00
8.065000000000001279e+00 4.541330000000000106e-04 0.000000000000000000e+00
8.074999999999999289e+00 4.531250000000000230e-04 0.000000000000000000e+00
8.085000000000000853e+00 4.521190000000000126e-04 0.000000000000000000e+00
8.094999999999998863e+00 4.511180000000000268e-04 0.000000000000000000e+00
8.105000000000000426e+00 4.501190000000000182e-04 0.000000000000000000e+00
8.114999999999998437e+00 4.491240000000000184e-04 0.000000000000000000e+00
8.125000000000000000e+00 4.481329999999999732e-04 0.000000000000000000e+00
8.135000000000001563e+00 4.471440000000000137e-04 0.000000000000000000e+00
8.144999999999999574e+00 4.461590000000000087e-04 0.000000000000000000e+00
8.155000000000001137e+00 4.451780000000000125e-04 0.000000000000000000e+00
8.164999999999999147e+00 4.442000000000000093e-04 0.000000000000000000e+00
8.175000000000000711e+00 4.432249999999999992e-04 0.000000000000000000e+00
8.184999999999998721e+00 4.422529999999999821e-04 0.000000000000000000e+00
8.195000000000000284e+00 4.412849999999999737e-04 0.000000000000000000e+00
8.205000000000000071e+00 4.403200000000000126e-04 0.000000000000000000e+00
8.214999999999999858e+00 4.393579999999999903e-04 0.000000000000000000e+00
8.225000000000001421e+00 4.383990000000000152e-04 0.000000000000000000e+00
8.234999999999999432e+00 4.374439999999999947e-04 0.000000000000000000e+00
8.245000000000000995e+00 4.364920000000000215e-04 0.000000000000000000e+00
8.254999999999999005e+00 4.355429999999999870e-04 0.000000000000000000e+00
8.265000000000000568e+00 4.345969999999999998e-04 0.000000000000000000e+00
8.274999999999998579e+00 4.336540000000000056e-04 0.000000000000000000e+00
8.285000000000000142e+00 4.327150000000000202e-04 0.000000000000000000e+00
8.294999999999999929e+00 4.317780000000000121e-04 0.000000000000000000e+00
8.304999999999999716e+00 4.308450000000000127e-04 0.000000000000000000e+00
8.315000000000001279e+00 4.299150000000000063e-04 0.000000000000000000e+00
8.324999999999999289e+00 4.289879999999999930e-04 0.000000000000000000e+00
8.335000000000000853e+00 4.280099999999999899e-04 0.000000000000000000e+00
8.344999999999998863e+00 4.270640000000000026e-04 0.000000000000000000e+00
8.355000000000000426e+00 4.261469999999999841e-04 0.000000000000000000e+00
8.364999999999998437e+00 4.252330000000000129e-04 0.000000000000000000e+00
8.375000000000000000e+00 4.243210000000000189e-04 0.000000000000000000e+00
8.385000000000001563e+00 4.234129999999999795e-04 0.000000000000000000e+00
8.394999999999999574e+00 4.225070000000000258e-04 0.000000000000000000e+00
8.405000000000001137e+00 4.216050000000000266e-04 0.000000000000000000e+00
8.414999999999999147e+00 4.207050000000000047e-04 0.000000000000000000e+00
8.425000000000000711e+00 4.198089999999999916e-04 0.000000000000000000e+00
8.434999999999998721e+00 4.189150000000000100e-04 0.000000000000000000e+00
8.445000000000000284e+00 4.180249999999999830e-04 0.000000000000000000e+00
8.455000000000000071e+00 4.171369999999999874e-04 0.000000000000000000e+00
8.464999999999999858e+00 4.162519999999999849e-04 0.000000000000000000e+00
8.475000000000001421e+00 4.153699999999999753e-04 0.000000000000000000e+00
8.484999999999999432e+00 4.144910000000000131e-04 0.000000000000000000e+00
8.495000000000000995e+00 4.136149999999999896e-04 0.000000000000000000e+00
8.504999999999999005e+00 4.127420000000000134e-04 0.000000000000000000e+00
8.515000000000000568e+00 4.118710000000000144e-04 0.000000000000000000e+00
8.524999999999998579e+00 4.110040000000000243e-04 0.000000000000000000e+00
8.535000000000000142e+00 4.101390000000000114e-04 0.000000000000000000e+00
8.544999999999999929e+00 4.092769999999999915e-04 0.000000000000000000e+00
8.554999999999999716e+00 4.084180000000000189e-04 0.000000000000000000e+00
8.565000000000001279e+00 4.075610000000000235e-04 0.000000000000000000e+00
8.574999999999999289e+00 4.067079999999999827e-04 0.000000000000000000e+00
8.585000000000000853e+00 4.058569999999999734e-04 0.000000000000000000e+00
8.594999999999998863e+00 4.050079999999999956e-04 0.000000000000000000e+00
8.605000000000000426e+00 4.041630000000000266e-04 0.000000000000000000e+00
8.614999999999998437e+00 4.033199999999999806e-04 0.000000000000000000e+00
8.625000000000000000e+00 4.024799999999999819e-04 0.000000000000000000e+00
8.635000000000001563e+00 4.016429999999999762e-04 0.000000000000000000e+00
8.644999999999999574e+00 4.008080000000000019e-04 0.000000000000000000e+00
8.655000000000001137e+00 3.999760000000000208e-04 0.000000000000000000e+00
8.664999999999999147e+00 3.991469999999999784e-04 0.000000000000000000e+00
8.675000000000000711e+00 3.983200000000000217e-04 0.000000000000000000e+00
8.684999999999998721e+00 3.974960000000000038e-04 0.000000000000000000e+00
8.695000000000000284e+00 3.966749999999999790e-04 0.000000000000000000e+00
8.705000000000000071e+00 3.958559999999999857e-04 0.000000000000000000e+00
8.714999999999999858e+00 3.950399999999999853e-04 0.000000000000000000e+00
8.725000000000001421e+00 3.942260000000000165e-04 0.000000000000000000e+00
8.734999999999999432e+00 3.934149999999999865e-04 0.000000000000000000e+00
8.745000000000000995e+00 3.926070000000000037e-04 0.000000000000000000e+00
8.754999999999999005e+00 3.918009999999999982e-04 0.000000000000000000e+00
8.765000000000000568e+00 3.909970000000000242e-04 0.000000000000000000e+00
8.774999999999998579e+00 3.901970000000000048e-04 0.000000000000000000e+00
8.785000000000000142e+00 3.893980000000000011e-04 0.000000000000000000e+00
8.794999999999999929e+00 3.886030000000000061e-04 0.000000000000000000e+00
8.804999999999999716e+00 3.878090000000000270e-04 0.000000000000000000e+00
8.815000000000001279e+00 3.870190000000000023e-04 0.000000000000000000e+00
8.824999999999999289e+00 3.862299999999999935e-04 0.000000000000000000e+00
8.835000000000000853e+00 3.854449999999999934e-04 0.000000000000000000e+00
8.844999999999998863e+00 3.846610000000000090e-04 0.000000000000000000e+00
8.855000000000000426e+00 3.838800000000000177e-04 0.000000000000000000e+00
8.864999999999998437e+00 3.831020000000000193e-04 0.000000000000000000e+00
8.875000000000000000e+00 3.823259999999999983e-04 0.000000000000000000e+00
8.885000000000001563e+00 3.815520000000000088e-04 0.000000000000000000e+00
8.894999999999999574e+00 3.807810000000000123e-04 0.000000000000000000e+00
8.905000000000001137e+00 3.800119999999999930e-04 0.000000000000000000e+00
8.914999999999999147e+00 3.792460000000000210e-04 0.000000000000000000e+00
8.925000000000000711e+00 3.784820000000000263e-04 0.000000000000000000e+00
8.934999999999998721e+00 3.777200000000000089e-04 0.000000000000000000e+00
8.945000000000000284e+00 3.769609999999999845e-04 0.000000000000000000e+00
8.955000000000000071e+00 3.762039999999999915e-04 0.000000000000000000e+00
8.964999999999999858e+00 3.754499999999999916e-04 0.000000000000000000e+00
8.975000000000001421e+00 3.746970000000000075e-04 0.000000000000000000e+00
8.984999999999999432e+00 3.739479999999999779e-04 0.000000000000000000e+00
8.995000000000000995e+00 3.732000000000000183e-04 0.000000000000000000e+00
9.004999999999999005e+00 3.724549999999999974e-04 0.000000000000000000e+00
9.015000000000000568e+00 3.717120000000000081e-04 0.000000000000000000e+00
9.024999999999998579e+00 3.709709999999999961e-04 0.000000000000000000e+00
9.035000000000000142e+00 3.702329999999999770e-04 0.000000000000000000e+00
9.044999999999999929e+00 3.694959999999999738e-04 0.000000000000000000e+00
9.054999999999999716e+00 3.687620000000000177e-04 0.000000000000000000e+00
9.065000000000001279e+00 3.680310000000000005e-04 0.000000000000000000e+00
9.074999999999999289e+00 3.673009999999999990e-04 0.000000000000000000e+00
9.085000000000000853e+00 3.665739999999999906e-04 0.000000000000000000e+00
9.094999999999998863e+00 3.658490000000000136e-04 0.000000000000000000e+00
9.105000000000000426e+00 3.651260000000000139e-04 0.000000000000000000e+00
9.114999999999998437e+00 3.644060000000000073e-04 0.000000000000000000e+00
9.125000000000000000e+00 3.636870000000000163e-04 0.000000000000000000e+00
9.135000000000001563e+00 3.629710000000000185e-04 0.000000000000000000e+00
9.144999999999999574e+00 3.622569999999999978e-04 0.000000000000000000e+00
9.155000000000001137e+00 3.615450000000000087e-04 0.000000000000000000e+00
9.164999999999999147e+00 3.608360000000000126e-04 0.000000000000000000e+00
9.175000000000000711e+00 3.601279999999999781e-04 0.000000000000000000e+00
9.184999999999998721e+00 3.594229999999999908e-04 0.000000000000000000e+00
9.195000000000000284e+00 3.587199999999999807e-04 0.000000000000000000e+00
9.205000000000000071e+00 3.580179999999999864e-04 0.000000000000000000e+00
9.214999999999999858e+00 3.573189999999999852e-04 0.000000000000000000e+00
9.225000000000001421e+00 3.566220000000000154e-04 0.000000000000000000e+00
9.234999999999999432e+00 3.559279999999999844e-04 0.000000000000000000e+00
9.245000000000000995e+00 3.552350000000000234e-04 0.000000000000000000e+00
9.254999999999999005e+00 3.545439999999999855e-04 0.000000000000000000e+00
9.265000000000000568e+00 3.538559999999999948e-04 0.000000000000000000e+00
9.274999999999998579e+00 3.531690000000000198e-04 0.000000000000000000e+00
9.285000000000000142e+00 3.524849999999999837e-04 0.000000000000000000e+00
9.294999999999999929e+00 3.518020000000000175e-04 0.000000000000000000e+00
9.304999999999999716e+00 3.511219999999999901e-04 0.000000000000000000e+00
9.315000000000001279e+00 3.504429999999999785e-04 0.000000000000000000e+00
9.324999999999999289e+00 3.497670000000000141e-04 0.000000000000000000e+00
9.335000000000000853e+00 3.490930000000000270e-04 0.000000000000000000e+00
9.344999999999998863e+00 3.484200000000000014e-04 0.000000000000000000e+00
9.355000000000000426e+00 3.477500000000000231e-04 0.000000000000000000e+00
9.364999999999998437e+00 3.470820000000000220e-04 0.000000000000000000e+00
9.375000000000000000e+00 3.464149999999999825e-04 0.000000000000000000e+00
9.385000000000001563e+00 3.457509999999999902e-04 0.000000000000000000e+00
9.394999999999999574e+00 3.450880000000000137e-04 0.000000000000000000e+00
9.405000000000001137e+00 3.444279999999999759e-04 0.000000000000000000e+00
9.414999999999999147e+00 3.437690000000000082e-04 0.000000000000000000e+00
9.425000000000000711e+00 3.431129999999999792e-04 0.000000000000000000e+00
9.434999999999998721e+00 3.424580000000000202e-04 0.000000000000000000e+00
9.445000000000000284e+00 3.418049999999999843e-04 0.000000000000000000e+00
9.455000000000000071e+00 3.411549999999999956e-04 0.000000000000000000e+00
9.464999999999999858e+00 3.405060000000000226e-04 0.000000000000000000e+00
9.475000000000001421e+00 3.398590000000000270e-04 0.000000000000000000e+00
9.484999999999999432e+00 3.392140000000000086e-04 0.000000000000000000e+00
9.495000000000000995e+00 3.385700000000000059e-04 0.000000000000000000e+00
9.504999999999999005e+00 3.379289999999999963e-04 0.000000000000000000e+00
9.515000000000000568e+00 3.372900000000000182e-04 0.000000000000000000e+00
9.524999999999998579e+00 3.366520000000000016e-04 0.000000000000000000e+00
9.535000000000000142e+00 3.360160000000000165e-04 0.000000000000000000e+00
9.544999999999999929e+00 3.353830000000000244e-04 0.000000000000000000e+00
9.554999999999999716e+00 3.347509999999999939e-04 0.000000000000000000e+00
9.565000000000001279e+00 3.341199999999999791e-04 0.000000000000000000e+00
9.574999999999999289e+00 3.334920000000000115e-04 0.000000000000000000e+00
9.585000000000000853e+00 3.328650000000000055e-04 0.000000000000000000e+00
9.594999999999998863e+00 3.322409999999999925e-04 0.000000000000000000e+00
9.605000000000000426e+00 3.316179999999999952e-04 0.000000000000000000e+00
9.614999999999998437e+00 3.309969999999999753e-04 0.000000000000000000e+00
9.625000000000000000e+00 3.303770000000000252e-04 0.000000000000000000e+00
9.635000000000001563e+00 3.297600000000000140e-04 0.000000000000000000e+00
9.644999999999999574e+00 3.291440000000000186e-04 0.000000000000000000e+00
9.655000000000001137e+00 3.285300000000000004e-04 0.000000000000000000e+00
9.664999999999999147e+00 3.279180000000000137e-04 0.000000000000000000e+00
9.675000000000000711e+00 3.273080000000000043e-04 0.000000000000000000e+00
9.684999999999998721e+00 3.266990000000000107e-04 0.000000000000000000e+00
9.695000000000000284e+00 3.260919999999999943e-04 0.000000000000000000e+00
9.705000000000000071e+00 3.254870000000000094e-04 0.000000000000000000e+00
9.714999999999999858e+00 3.248829999999999860e-04 0.000000000000000000e+00
9.725000000000001421e+00 3.242809999999999942e-04 0.000000000000000000e+00
9.734999999999999432e+00 3.236809999999999796e-04 0.000000000000000000e+00
9.745000000000000995e+00 3.230829999999999965e-04 0.000000000000000000e+00
9.754999999999999005e+00 3.224869999999999907e-04 0.000000000000000000e+00
9.765000000000000568e+00 3.218920000000000006e-04 0.000000000000000000e+00
9.774999999999998579e+00 3.212980000000000263e-04 0.000000000000000000e+00
9.785000000000000142e+00 3.207069999999999908e-04 0.000000000000000000e+00
9.794999999999999929e+00 3.201170000000000252e-04 0.000000000000000000e+00
9.804999999999999716e+00 3.195289999999999827e-04 0.000000000000000000e+00
9.815000000000001279e+00 3.189420000000000102e-04 0.000000000000000000e+00
9.824999999999999289e+00 3.183579999999999765e-04 0.000000000000000000e+00
9.835000000000000853e+00 3.177739999999999970e-04 0.000000000000000000e+00
9.844999999999998863e+00 3.171930000000000105e-04 0.000000000000000000e+00
9.855000000000000426e+00 3.166129999999999856e-04 0.000000000000000000e+00
9.864999999999998437e+00 3.160349999999999921e-04 0.000000000000000000e+00
9.875000000000000000e+00 3.154580000000000144e-04 0.000000000000000000e+00
9.885000000000001563e+00 3.148830000000000140e-04 0.000000000000000000e+00
9.894999999999999574e+00 3.143099999999999909e-04 0.000000000000000000e+00
9.905000000000001137e+00 3.137379999999999835e-04 0.000000000000000000e+00
9.914999999999999147e+00 3.131680000000000076e-04 0.000000000000000000e+00
9.925000000000000711e+00 3.125989999999999932e-04 0.000000000000000000e+00
9.934999999999998721e+00 3.120320000000000103e-04 0.000000000000000000e+00
9.945000000000000284e+00 3.114670000000000047e-04 0.000000000000000000e+00
9.955000000000000071e+00 3.109030000000000148e-04 0.000000000000000000e+00
9.964999999999999858e+00 3.103410000000000023e-04 0.000000000000000000e+00
9.975000000000001421e+00 3.097800000000000054e-04 0.000000000000000000e+00
9.984999999999999432e+00 3.092209999999999859e-04 0.000000000000000000e+00
9.995000000000000995e+00 3.086629999999999821e-04 0.000000000000000000e+00
1.000499999999999901e+01 3.081070000000000098e-04 0.000000000000000000e+00
1.001500000000000057e+01 3.075530000000000147e-04 0.000000000000000000e+00
1.002499999999999858e+01 3.069999999999999812e-04 0.000000000000000000e+00
1.003500000000000014e+01 3.064489999999999792e-04 0.000000000000000000e+00
1.004499999999999993e+01 3.058989999999999930e-04 0.000000000000000000e+00
1.005499999999999972e+01 3.053500000000000224e-04 0.000000000000000000e+00
1.006500000000000128e+01 3.048039999999999907e-04 0.000000000000000000e+00
1.007499999999999929e+01 3.042580000000000132e-04 0.000000000000000000e+00
1.008500000000000085e+01 3.037149999999999746e-04 0.000000000000000000e+00
1.009499999999999886e+01 3.031719999999999901e-04 0.000000000000000000e+00
1.010500000000000043e+01 3.026309999999999829e-04 0.000000000000000000e+00
1.011499999999999844e+01 3.020920000000000072e-04 0.000000000000000000e+00
1.012500000000000000e+01 3.015539999999999931e-04 0.000000000000000000e+00
1.013500000000000156e+01 3.010180000000000104e-04 0.000000000000000000e+00
1.014499999999999957e+01 3.004829999999999893e-04 0.000000000000000000e+00
1.015500000000000114e+01 2.999499999999999996e-04 0.000000000000000000e+00
1.016499999999999915e+01 2.994180000000000257e-04 0.000000000000000000e+00
1.017500000000000071e+01 2.988870000000000133e-04 0.000000000000000000e+00
1.018499999999999872e+01 2.983579999999999783e-04 0.000000000000000000e+00
1.019500000000000028e+01 2.978309999999999747e-04 0.000000000000000000e+00
1.020500000000000007e+01 2.973049999999999868e-04 0.000000000000000000e+00
1.021499999999999986e+01 2.967800000000000147e-04 0.000000000000000000e+00
1.022500000000000142e+01 2.962570000000000199e-04 0.000000000000000000e+00
1.023499999999999943e+01 2.957349999999999866e-04 0.000000000000000000e+00
1.024500000000000099e+01 2.952140000000000233e-04 0.000000000000000000e+00
1.025499999999999901e+01 2.946949999999999830e-04 0.000000000000000000e+00
1.026500000000000057e+01 2.941779999999999742e-04 0.000000000000000000e+00
1.027499999999999858e+01 2.936610000000000197e-04 0.000000000000000000e+00
1.028500000000000014e+01 2.931470000000000039e-04 0.000000000000000000e+00
1.029499999999999993e+01 2.926329999999999882e-04 0.000000000000000000e+00
1.030499999999999972e+01 2.921210000000000039e-04 0.000000000000000000e+00
1.031500000000000128e+01 2.916099999999999812e-04 0.000000000000000000e+00
1.032499999999999929e+01 2.911009999999999900e-04 0.000000000000000000e+00
1.033500000000000085e+01 2.905930000000000145e-04 0.000000000000000000e+00
1.034499999999999886e+01 2.900870000000000163e-04 0.000000000000000000e+00
1.035500000000000043e+01 2.895819999999999796e-04 0.000000000000000000e+00
1.036499999999999844e+01 2.890780000000000129e-04 0.000000000000000000e+00
1.037500000000000000e+01 2.885750000000000077e-04 0.000000000000000000e+00
1.038500000000000156e+01 2.880739999999999798e-04 0.000000000000000000e+00
1.039499999999999957e+01 2.875740000000000219e-04 0.000000000000000000e+00
1.040500000000000114e+01 2.870759999999999870e-04 0.000000000000000000e+00
1.041499999999999915e+01 2.865790000000000221e-04 0.000000000000000000e+00
1.042500000000000071e+01 2.860830000000000187e-04 0.000000000000000000e+00
1.043499999999999872e+01 2.855889999999999926e-04 0.000000000000000000e+00
1.044500000000000028e+01 2.850959999999999822e-04 0.000000000000000000e+00
1.045500000000000007e+01 2.846039999999999876e-04 0.000000000000000000e+00
1.046499999999999986e+01 2.841130000000000088e-04 0.000000000000000000e+00
1.047500000000000142e+01 2.836240000000000072e-04 0.000000000000000000e+00
1.048499999999999943e+01 2.831360000000000213e-04 0.000000000000000000e+00
1.049500000000000099e+01 2.826500000000000128e-04 0.000000000000000000e+00
1.050499999999999901e+01 2.821640000000000042e-04 0.000000000000000000e+00
1.051500000000000057e+01 2.816799999999999729e-04 0.000000000000000000e+00
1.052499999999999858e+01 2.811970000000000116e-04 0.000000000000000000e+00
1.053500000000000014e+01 2.807159999999999734e-04 0.000000000000000000e+00
1.054499999999999993e+01 2.802360000000000051e-04 0.000000000000000000e+00
1.055499999999999972e+01 2.797569999999999983e-04 0.000000000000000000e+00
1.056500000000000128e+01 2.792790000000000073e-04 0.000000000000000000e+00
1.057499999999999929e+01 2.788029999999999935e-04 0.000000000000000000e+00
1.058500000000000085e+01 2.783279999999999955e-04 0.000000000000000000e+00
1.059499999999999886e+01 2.778540000000000133e-04 0.000000000000000000e+00
1.060500000000000043e+01 2.773809999999999926e-04 0.000000000000000000e+00
1.061499999999999844e+01 2.769100000000000034e-04 0.000000000000000000e+00
1.062500000000000000e+01 2.764399999999999757e-04 0.000000000000000000e+00
1.063500000000000156e+01 2.759710000000000179e-04 0.000000000000000000e+00
1.064499999999999957e+01 2.755030000000000217e-04 0.000000000000000000e+00
1.065500000000000114e+01 2.750370000000000028e-04 0.000000000000000000e+00
1.066499999999999915e+01 2.745709999999999839e-04 0.000000000000000000e+00
1.067500000000000071e+01 2.741069999999999965e-04 0.000000000000000000e+00
1.068499999999999872e+01 2.736440000000000248e-04 0.000000000000000000e+00
1.069500000000000028e+01 2.731829999999999762e-04 0.000000000000000000e+00
1.070500000000000007e+01 2.727219999999999818e-04 0.000000000000000000e+00
1.071499999999999986e+01 2.722630000000000189e-04 0.000000000000000000e+00
1.072500000000000142e+01 2.718050000000000175e-04 0.000000000000000000e+00
1.073499999999999943e+01 2.713479999999999777e-04 0.000000000000000000e+00
1.074500000000000099e+01 2.708930000000000235e-04 0.000000000000000000e+00
1.075499999999999901e+01 2.704380000000000152e-04 0.000000000000000000e+00
1.076500000000000057e+01 2.699849999999999841e-04 0.000000000000000000e+00
1.077499999999999858e+01 2.695330000000000230e-04 0.000000000000000000e+00
1.078500000000000014e+01 2.690820000000000234e-04 0.000000000000000000e+00
1.079499999999999993e+01 2.686319999999999854e-04 0.000000000000000000e+00
1.080499999999999972e+01 2.681830000000000173e-04 0.000000000000000000e+00
1.081500000000000128e+01 2.677360000000000265e-04 0.000000000000000000e+00
1.082499999999999929e+01 2.672899999999999972e-04 0.000000000000000000e+00
1.083500000000000085e+01 2.668440000000000221e-04 0.000000000000000000e+00
1.084499999999999886e+01 2.664000000000000244e-04 0.000000000000000000e+00
1.085500000000000043e+01 2.659569999999999881e-04 0.000000000000000000e+00
1.086499999999999844e+01 2.655159999999999834e-04 0.000000000000000000e+00
1.087500000000000000e+01 2.650749999999999786e-04 0.000000000000000000e+00
1.088500000000000156e+01 2.646360000000000053e-04 0.000000000000000000e+00
1.089499999999999957e+01 2.641969999999999779e-04 0.000000000000000000e+00
1.090500000000000114e+01 2.637599999999999819e-04 0.000000000000000000e+00
1.091499999999999915e+01 2.633240000000000016e-04 0.000000000000000000e+00
1.092500000000000071e+01 2.628889999999999829e-04 0.000000000000000000e+00
1.093499999999999872e+01 2.624549999999999800e-04 0.000000000000000000e+00
1.094500000000000028e+01 2.620219999999999928e-04 0.000000000000000000e+00
1.095500000000000007e+01 2.615909999999999828e-04 0.000000000000000000e+00
1.096499999999999986e+01 2.611600000000000271e-04 0.000000000000000000e+00
1.097500000000000142e+01 2.607309999999999944e-04 0.000000000000000000e+00
1.098499999999999943e+01 2.603020000000000160e-04 0.000000000000000000e+00
1.099500000000000099e+01 2.598750000000000148e-04 0.000000000000000000e+00
