2.993000000715255737e-01 8.098426549592827040e-02 2.983718231896985776e-03
3.139000087976455688e-01 6.212512725570465411e-02 3.082424318228854133e-03
3.285000026226043701e-01 5.116438909179722022e-02 2.523026672053910614e-03
3.430999964475631714e-01 4.217674116620188929e-02 2.042825932468481185e-03
3.577000051736831665e-01 2.650494974889214261e-02 2.187243590584113471e-03
3.722999989986419678e-01 2.213476367118027976e-02 1.846340466527355510e-03
3.868999928236007690e-01 2.258020550746496838e-02 1.565654254485646622e-03
4.015000015497207642e-01 1.903102524273763210e-02 1.103477013113646731e-03
4.161000102758407593e-01 1.884282092547840542e-02 1.099622937032259263e-03
4.307000041007995605e-01 1.893259522641138962e-02 9.591914172038725492e-04
4.452999979257583618e-01 1.794998066115272017e-02 8.369396335413454473e-04
4.599000066518783569e-01 1.910003403448329307e-02 7.422930854885259697e-04
4.745000004768371582e-01 1.765517652547697602e-02 7.429268408835286962e-04
4.890999943017959595e-01 1.802884316377052071e-02 7.245762812203960330e-04
5.036999881267547607e-01 1.906359233273231812e-02 6.758369808732096664e-04
5.182999968528747559e-01 1.873982122295773586e-02 6.410617334969445592e-04
5.329000055789947510e-01 1.441792342761450893e-02 4.714153644180818503e-04
5.474999845027923584e-01 1.398971429847424910e-02 5.013638314854020192e-04
5.620999932289123535e-01 1.508039399025690175e-02 4.986282482158845702e-04
5.767000019550323486e-01 1.531280535003511946e-02 4.919082692186419479e-04
5.912999808788299561e-01 1.491669056680868140e-02 4.790535026593714923e-04
6.058999896049499512e-01 1.478551604617747012e-02 4.723491759604822419e-04
6.204999983310699463e-01 1.422729468263650432e-02 4.318882297862484693e-04
6.351000070571899414e-01 1.396174805997747563e-02 4.005334475118941411e-04
6.497000157833099365e-01 1.429308652512754733e-02 3.746492611649992512e-04
6.642999947071075439e-01 1.372381634662186989e-02 3.687835399786875464e-04
6.789000034332275391e-01 1.296999051641136227e-02 3.500216828074219876e-04
6.935000121593475342e-01 1.352478273056821612e-02 3.297365936162774598e-04
7.080999910831451416e-01 1.321933818093858244e-02 3.250013820281252267e-04
7.226999998092651367e-01 1.234348024938541899e-02 3.137418567553373330e-04
7.373000085353851318e-01 1.169636250410544670e-02 3.101736042703555547e-04
7.518999874591827393e-01 1.217664703745008868e-02 2.909121176625315149e-04
7.664999961853027344e-01 1.158957233443144372e-02 2.802046925112905429e-04
7.811000049114227295e-01 1.119064197421013214e-02 2.548641612823086800e-04
7.956999838352203369e-01 1.082345728537083794e-02 2.550171007174934965e-04
8.102999925613403320e-01 1.101669782137453327e-02 2.342957620945631614e-04
8.249000012874603271e-01 1.032512229151353114e-02 2.359600755748360323e-04
8.395000100135803223e-01 1.001160846380591551e-02 2.231657922807546695e-04
8.541000187397003174e-01 1.007445942520125530e-02 2.079640890223504346e-04
8.686999976634979248e-01 9.835916600390817027e-03 1.965774812770730161e-04
8.833000063896179199e-01 9.793512824774846387e-03 2.065994548465142856e-04
8.979000151157379150e-01 9.708042669259514187e-03 1.970320653713872924e-04
9.124999940395355225e-01 9.560179428943540655e-03 1.845123962737866912e-04
9.271000027656555176e-01 9.663459984004160383e-03 1.883733161638618896e-04
9.417000114917755127e-01 9.136747881282509393e-03 1.890688432990865941e-04
9.562999904155731201e-01 9.556761020811155305e-03 1.806038005450388611e-04
9.708999991416931152e-01 9.451310529720161058e-03 1.815853696769327054e-04
9.855000078678131104e-01 9.337095470535758043e-03 1.688300819999997212e-04
1.000100016593933105e+00 9.126585143493683508e-03 1.691981923636444517e-04
1.014699995517730713e+00 9.265539017769278823e-03 1.687319844575177919e-04
1.029299974441528320e+00 8.972406411276650368e-03 1.735131130444328136e-04
1.043900012969970703e+00 8.691489337596504730e-03 1.720515400007738564e-04
1.058499991893768311e+00 8.905586471396899004e-03 1.702163442063335725e-04
1.073099970817565918e+00 8.239128138372018781e-03 1.620107459601480380e-04
1.087700009346008301e+00 8.490821098923710328e-03 1.581822135076950690e-04
1.102299988269805908e+00 8.535134882549134244e-03 1.514097780222847540e-04
1.116899967193603516e+00 8.057181352623772261e-03 1.472783161368585348e-04
1.131500005722045898e+00 8.144065701341417912e-03 1.465007404522992572e-04
1.146099984645843506e+00 7.477550835161577390e-03 1.480093068762621390e-04
1.160699963569641113e+00 7.627918296379059340e-03 1.489363593029758388e-04
1.175300002098083496e+00 7.479396355805374881e-03 1.402726502407896400e-04
1.189899981021881104e+00 7.096567445430738107e-03 1.425323134141220850e-04
1.204499959945678711e+00 7.157525889560693855e-03 1.376549111317063175e-04
1.219099998474121094e+00 6.936455357787527261e-03 1.407971997347693468e-04
1.233700037002563477e+00 6.799526617706030604e-03 1.372051676177993317e-04
1.248300015926361084e+00 7.050755546613897938e-03 1.303153837650112938e-04
1.262899994850158691e+00 6.911197554580987036e-03 1.336628098267813940e-04
1.277500033378601074e+00 6.827404470417284578e-03 1.284370080460579778e-04
1.292100012302398682e+00 6.551530955492991005e-03 1.280260832113940168e-04
1.306699991226196289e+00 6.531343556862943996e-03 1.313309425697523969e-04
1.321300029754638672e+00 6.634571669982037428e-03 1.256420509303340341e-04
1.335900008678436279e+00 6.502621380787162314e-03 1.282596197719032929e-04
1.350499987602233887e+00 6.353293247645710670e-03 1.287316329514234087e-04
1.365100026130676270e+00 6.405775123431738625e-03 1.229085069921408656e-04
1.379700005054473877e+00 6.423453249641834090e-03 1.198992372282997197e-04
1.394299983978271484e+00 6.034267208625717673e-03 1.176941335145879506e-04
1.408900022506713867e+00 5.942863587932960615e-03 1.176551801258657722e-04
1.423500001430511475e+00 6.027117274998571028e-03 1.167400047322505991e-04
1.438099980354309082e+00 5.748747672028025474e-03 1.169168539254476763e-04
1.452700018882751465e+00 5.584574566601742222e-03 1.200517205301894610e-04
1.467299997806549072e+00 5.721043494393093613e-03 1.155996706037086335e-04
1.481899976730346680e+00 5.521169080275152227e-03 1.149834947023918238e-04
1.496500015258789062e+00 5.566655728342809022e-03 1.132849233376353082e-04
1.511099994182586670e+00 5.461069740531018270e-03 1.143561516506346506e-04
1.525699973106384277e+00 5.121550749409498754e-03 1.126876390333330589e-04
1.540300011634826660e+00 5.180474936879161073e-03 1.124459503605628271e-04
1.554899990558624268e+00 5.046257216154643836e-03 1.184385858440435040e-04
1.569499969482421875e+00 5.066484193270214507e-03 1.134631684398316299e-04
1.584100008010864258e+00 5.066821783638928052e-03 1.151087614606516226e-04
1.598699986934661865e+00 4.973999286098906500e-03 1.098568072991560593e-04
1.613299965858459473e+00 4.750924407014444836e-03 1.121443780366304579e-04
1.627900004386901855e+00 4.891021615040286666e-03 1.106697493680975161e-04
1.642499983310699463e+00 4.825380313225833065e-03 1.103305109250039470e-04
1.657099962234497070e+00 4.740415945800676052e-03 1.088503562502098499e-04
1.671700000762939453e+00 4.767169135029918590e-03 1.105619055455981292e-04
1.686300039291381836e+00 4.589072600166699788e-03 1.043232236553896157e-04
1.700900018215179443e+00 4.368039530406270764e-03 1.090133527533676484e-04
1.715499997138977051e+00 4.614046213376599495e-03 1.034200697466319276e-04
1.730100035667419434e+00 4.539991893854841871e-03 1.029796695709626306e-04
1.744700014591217041e+00 4.636291027945605749e-03 1.039293304385711594e-04
1.759299993515014648e+00 4.470255584061924060e-03 9.721557540411444843e-05
1.773900032043457031e+00 4.342041359169609462e-03 1.007107468518475269e-04
1.788500010967254639e+00 4.350323539781731155e-03 9.738376347599073362e-05
1.803099989891052246e+00 4.521426002718939921e-03 9.544470895043377569e-05
1.817700028419494629e+00 4.362745320402801850e-03 9.515511368170903150e-05
1.832300007343292236e+00 4.193058988351486965e-03 9.708587044718211632e-05
1.846899986267089844e+00 4.198757244936451340e-03 9.283974264810744906e-05
1.861500024795532227e+00 4.270144710919105725e-03 9.399530833618164368e-05
1.876100003719329834e+00 4.182752113351065164e-03 9.858623845455687562e-05
1.890699982643127441e+00 4.342293442362050310e-03 9.637766240459329670e-05
1.905300021171569824e+00 4.145916548086596431e-03 1.040574207708374943e-04
1.919900000095367432e+00 4.018963088804943830e-03 9.857207287710013791e-05
1.934499979019165039e+00 3.936349040480042506e-03 9.757162978731290833e-05
1.949100017547607422e+00 3.960741767925400614e-03 1.024139577381076897e-04
1.963699996471405029e+00 3.787414543840127677e-03 1.013113960801884696e-04
1.978299975395202637e+00 3.861127663119034298e-03 9.744813157648001001e-05
1.992900013923645020e+00 3.601650576805708309e-03 1.061456765029783727e-04
2.007500052452087402e+00 3.745870920718463379e-03 1.032149711582711836e-04
2.022100090980529785e+00 3.589666853557381496e-03 1.033941793923926844e-04
2.036700010299682617e+00 3.727574028823609290e-03 1.065282197593312233e-04
2.051299929618835449e+00 3.776727909640570455e-03 1.151441704403269664e-04
2.065899968147277832e+00 3.750289839654783602e-03 1.185682011571389811e-04
2.080500006675720215e+00 3.779692197190466507e-03 1.157277253145835253e-04
2.095100045204162598e+00 3.685609487324784973e-03 1.251575574731629906e-04
2.109700083732604980e+00 3.368915535730715102e-03 1.326445002228544433e-04
2.124300003051757812e+00 3.543200446083477270e-03 1.364516409973931023e-04
2.138899922370910645e+00 3.534625043201526998e-03 1.346953536789798447e-04
2.153499960899353027e+00 3.243813161551770564e-03 1.376774583563481868e-04
2.168099999427795410e+00 3.449577812459077557e-03 1.284653402151575842e-04
2.182700037956237793e+00 3.328434978883406097e-03 1.405058929252700711e-04
2.197300076484680176e+00 3.390860014865361861e-03 1.338081916333675576e-04
2.211899995803833008e+00 3.191965359085110771e-03 1.292656489664141799e-04
2.226499915122985840e+00 3.327180952700174287e-03 1.210690990862321146e-04
2.241099953651428223e+00 3.186888704164696738e-03 1.277281294876352622e-04
2.255699992179870605e+00 3.158025689916076160e-03 1.285584222960837607e-04
2.270300030708312988e+00 3.177197606705958570e-03 1.199062242162454240e-04
2.284900069236755371e+00 3.106471845790127143e-03 1.217685969013672316e-04
2.299499988555908203e+00 2.993847581873826467e-03 1.265345615438186926e-04
2.314099907875061035e+00 2.977979105320823199e-03 1.133168303934687737e-04
2.328699946403503418e+00 2.999841793961758804e-03 1.126979985432173726e-04
2.343299984931945801e+00 2.948608701049412230e-03 1.138843855161859463e-04
2.357900023460388184e+00 3.084983603815335748e-03 1.169168999387258792e-04
2.372500061988830566e+00 2.995685227916731596e-03 1.165637569003046686e-04
2.387099981307983398e+00 2.971577554206068610e-03 1.191217994183706933e-04
2.401699900627136230e+00 2.873097817065957665e-03 1.143540245003279781e-04
2.416299939155578613e+00 2.979952917251211739e-03 1.104116779926196445e-04
2.430899977684020996e+00 2.901120062550516937e-03 1.081577225186046122e-04
2.445500016212463379e+00 2.682596892152917713e-03 1.045471507456873362e-04
2.460100054740905762e+00 2.788408571212738166e-03 1.105571491059972894e-04
2.474700093269348145e+00 2.552858603687686943e-03 1.117633063990677595e-04
2.489300012588500977e+00 2.670709117836859471e-03 1.144291888347828104e-04
2.503899931907653809e+00 2.709547214307076509e-03 1.031114155583141417e-04
2.518499970436096191e+00 2.764838048047420574e-03 1.103729505241754077e-04
2.533100008964538574e+00 2.673010519261931166e-03 1.034067652892282750e-04
2.547700047492980957e+00 2.424155971890206221e-03 1.086883806843937442e-04
2.562300086021423340e+00 2.538476240322839767e-03 1.062273831084223439e-04
2.576900005340576172e+00 2.654028925398213036e-03 9.632044240370285016e-05
2.591499924659729004e+00 2.477996417113572953e-03 1.077840983053504831e-04
2.606099963188171387e+00 2.332368145895534831e-03 1.058130800164477437e-04
2.620700001716613770e+00 2.440374959809451898e-03 1.065099905390399848e-04
2.635300040245056152e+00 2.372321446658845479e-03 9.462398919409044135e-05
2.649900078773498535e+00 2.422630475445619776e-03 1.065288482352180207e-04
2.664499998092651367e+00 2.372592959793958043e-03 1.005480105807515258e-04
2.679099917411804199e+00 2.369978331626965487e-03 1.013761903549540078e-04
2.693699955940246582e+00 2.327675155956420057e-03 1.030039410794762175e-04
2.708299994468688965e+00 2.213992499148332606e-03 1.083749639321328605e-04
2.722900032997131348e+00 2.171605752008427814e-03 1.041709522184083175e-04
2.737500071525573730e+00 2.202130879471113616e-03 1.064234731023350254e-04
2.752099990844726562e+00 2.137624234637085230e-03 1.054723517807389744e-04
2.766699910163879395e+00 2.293201904358113923e-03 9.624036482227206935e-05
2.781299948692321777e+00 2.249224555881191093e-03 1.005169804798747784e-04
2.795899987220764160e+00 2.328680460543800217e-03 9.515346668292136737e-05
2.810500025749206543e+00 2.266151999460990635e-03 9.438881206847895406e-05
2.825100064277648926e+00 2.051915998331617103e-03 9.444748880802659259e-05
2.839699983596801758e+00 2.073238724617991295e-03 9.463275930612560912e-05
2.854299902915954590e+00 2.210476744246878383e-03 9.741009980783479840e-05
2.868899941444396973e+00 2.173402141947699748e-03 9.190234483876965601e-05
2.883499979972839355e+00 1.955278500337493622e-03 9.588509531502980242e-05
2.898100018501281738e+00 2.002085931206399987e-03 9.768038223739998905e-05
2.912700057029724121e+00 2.094073676651957670e-03 9.238915839288599173e-05
2.927300095558166504e+00 2.035991434527159930e-03 9.675655330344451791e-05
2.941900014877319336e+00 2.011542744315290669e-03 9.758996086969986368e-05
2.956499934196472168e+00 1.944904764972223490e-03 9.792035404450562437e-05
2.971099972724914551e+00 1.988360966091483502e-03 9.332005425172979819e-05
2.985700011253356934e+00 1.814053021474423735e-03 9.114937755280956360e-05
3.000300049781799316e+00 1.994617935327605042e-03 9.309967030567986937e-05
3.014900088310241699e+00 1.955365684393133453e-03 9.738871342879743985e-05
3.029500007629394531e+00 1.919366871025932411e-03 9.190669407694718586e-05
3.044099926948547363e+00 1.939282408561108844e-03 8.668818345686738088e-05
3.058699965476989746e+00 1.943704328012608703e-03 8.799694650991883875e-05
3.073300004005432129e+00 1.888891997571357081e-03 9.606874520893514413e-05
3.087900042533874512e+00 1.772297611984420757e-03 9.470179167389009944e-05
3.102500081062316895e+00 1.814088284498784499e-03 9.511631579063196799e-05
3.117100000381469727e+00 1.767296486424607639e-03 9.806966526234338138e-05
3.131699919700622559e+00 1.806447987160783543e-03 9.260035978332403815e-05
3.146299958229064941e+00 1.808099748452362231e-03 8.479919693260008198e-05
3.160899996757507324e+00 1.702109035285724256e-03 9.398114341966533813e-05
3.175500035285949707e+00 1.776177441455490313e-03 8.009808265242905428e-05
3.190100073814392090e+00 1.792729962643903026e-03 8.185304229639397088e-05
3.204699993133544922e+00 1.773323913993630390e-03 8.722575780366403702e-05
3.219299912452697754e+00 1.648440371165400429e-03 9.085046616053054540e-05
3.233899950981140137e+00 1.665777633707226464e-03 9.573327269404006447e-05
3.248499989509582520e+00 1.594358281512484043e-03 8.326386175633614984e-05
3.263100028038024902e+00 1.534843459474223354e-03 9.152567083253595277e-05
3.277700066566467285e+00 1.653093593187143729e-03 8.773960285734663876e-05
3.292299985885620117e+00 1.702506827364534854e-03 8.139842737927083043e-05
3.306899905204772949e+00 1.623210862088947902e-03 7.724044333568250880e-05
3.321499943733215332e+00 1.594488291014661612e-03 9.514965299790613406e-05
3.336099982261657715e+00 1.652140809262362927e-03 7.898211337443481015e-05
3.350700020790100098e+00 1.583954454958169276e-03 8.887070354300878464e-05
3.365300059318542480e+00 1.520516256199252753e-03 8.415220407530160987e-05
3.379900097846984863e+00 1.442094932510889571e-03 8.822343282273591614e-05
3.394500017166137695e+00 1.596531337953834397e-03 8.868623734753811895e-05
3.409099936485290527e+00 1.515484933619056082e-03 9.008222748003350368e-05
3.423699975013732910e+00 1.438274756496515623e-03 8.277561053734516035e-05
3.438300013542175293e+00 1.645118870554107418e-03 7.836974057686980216e-05
3.452900052070617676e+00 1.648724308737365384e-03 8.261973941051791055e-05
3.467500090599060059e+00 1.530943952567527348e-03 8.378536397629479432e-05
3.482100009918212891e+00 1.435964767299108226e-03 7.543012802808532686e-05
3.496699929237365723e+00 1.263060023529425247e-03 9.151696954272580352e-05
3.511299967765808105e+00 1.513249703565433708e-03 7.926400027671822899e-05
3.525900006294250488e+00 1.390624959251212560e-03 7.308759598413956259e-05
3.540500044822692871e+00 1.544301181415410782e-03 8.104282710429648465e-05
3.555100083351135254e+00 1.491022796038586878e-03 8.691943315680225493e-05
3.569700002670288086e+00 1.580517909191996679e-03 7.575032490329098277e-05
3.584299921989440918e+00 1.329730959544493446e-03 7.827741314513420230e-05
3.598899960517883301e+00 1.466928955856524729e-03 8.136675526929637028e-05
3.613499999046325684e+00 1.384037707302563812e-03 7.884145314554917333e-05
3.628100037574768066e+00 1.324078865455767398e-03 8.209741623294867163e-05
3.642700076103210449e+00 1.348286340137045238e-03 7.969423495633838823e-05
3.657299995422363281e+00 1.283013484910750825e-03 7.885398905823915719e-05
3.671899914741516113e+00 1.379322486077486955e-03 8.408582767923303129e-05
3.686499953269958496e+00 1.315931707505540050e-03 7.933914404523646649e-05
3.701099991798400879e+00 1.335769331932108207e-03 7.531814337637586195e-05
3.715700030326843262e+00 1.335736944230462393e-03 7.826792866302031797e-05
3.730300068855285645e+00 1.350852514344170379e-03 7.706796478583741508e-05
3.744899988174438477e+00 1.240107284895654869e-03 7.559709614903541727e-05
3.759499907493591309e+00 1.285459853089999547e-03 7.910063391449996496e-05
3.774099946022033691e+00 1.343150356640065990e-03 8.123557721241819306e-05
3.788699984550476074e+00 1.283841267021671459e-03 7.320405093649268017e-05
3.803300023078918457e+00 1.281911036647621514e-03 8.567759883271618864e-05
3.817900061607360840e+00 1.279196252582562743e-03 8.177338960012809678e-05
3.832499980926513672e+00 1.205006394874798010e-03 8.348364599540174333e-05
3.847099900245666504e+00 1.228070508213625206e-03 7.399001542824067698e-05
3.861699938774108887e+00 1.247641802389740442e-03 7.577387254363834239e-05
3.876299977302551270e+00 1.144529140721892721e-03 8.655622163007235662e-05
3.890900015830993652e+00 1.140095401106332434e-03 8.272176075208462838e-05
3.905500054359436035e+00 1.271778801124615098e-03 8.304981131412196083e-05
3.920100092887878418e+00 1.205914826841767351e-03 6.881936150202780887e-05
3.934700012207031250e+00 1.202669807677273547e-03 7.669489564970062632e-05
3.949299931526184082e+00 1.159408591944216960e-03 7.156272139754588362e-05
3.963899970054626465e+00 1.169702596277842318e-03 8.059781334017456238e-05
3.978500008583068848e+00 1.160824000560339939e-03 7.914170786539154005e-05
3.993100047111511230e+00 1.135268061882439318e-03 7.448574247230790814e-05
4.007699966430664062e+00 1.105581363670128962e-03 8.395133699168146383e-05
4.022300004959106445e+00 1.182463779726375180e-03 7.962376753266752914e-05
4.036900043487548828e+00 1.112224162143460099e-03 7.431889917550117599e-05
4.051500082015991211e+00 1.048815288024116960e-03 7.933014494896526651e-05
4.066100120544433594e+00 1.262716649399365761e-03 7.173592982831441839e-05
4.080699920654296875e+00 1.131308829855494358e-03 7.617249653490885356e-05
4.095299959182739258e+00 1.120226139518512186e-03 8.308898597687791674e-05
4.109899997711181641e+00 1.049048312088877435e-03 7.515391313775409419e-05
4.124500036239624023e+00 1.120976709996745948e-03 7.469118740893733422e-05
4.139100074768066406e+00 1.079526179189882473e-03 7.570800436596616695e-05
4.153699874877929688e+00 1.021764182079251074e-03 7.796946741208136879e-05
4.168299913406372070e+00 1.051708838715481771e-03 7.847525363692108707e-05
4.182899951934814453e+00 1.042968697193135926e-03 7.395925690283772225e-05
4.197499990463256836e+00 1.016797845036210117e-03 7.530217711846822609e-05
4.212100028991699219e+00 1.082930577220214945e-03 7.483054750482947810e-05
4.226700067520141602e+00 9.271119290791767593e-04 7.585871678634799992e-05
4.241300106048583984e+00 1.086336132404746701e-03 7.664547338595679939e-05
4.255899906158447266e+00 1.008157342701742395e-03 6.900489691503373111e-05
4.270499944686889648e+00 8.983763903875662329e-04 7.880775258537934353e-05
4.285099983215332031e+00 1.065239475496950567e-03 7.183963031206519760e-05
4.299700021743774414e+00 9.570324493824178009e-04 7.531746693187106806e-05
4.314300060272216797e+00 1.005384022059278891e-03 7.288798797033918769e-05
4.328900098800659180e+00 1.025218717945054802e-03 6.984380926198064472e-05
4.343500137329101562e+00 1.006610034218102540e-03 6.384740245833381723e-05
4.358099937438964844e+00 1.089670090947654404e-03 7.115844904903051600e-05
4.372699975967407227e+00 9.898303538454409321e-04 7.156383287451648469e-05
4.387300014495849609e+00 8.025080676524629043e-04 8.029494129939097273e-05
4.401900053024291992e+00 1.078757468311141452e-03 6.549553772285689180e-05
4.416500091552734375e+00 9.530798207071319340e-04 7.956841643743579905e-05
4.431099891662597656e+00 9.068214118420450968e-04 7.907585828027470282e-05
4.445699930191040039e+00 9.258469691278572002e-04 7.949822206371937223e-05
4.460299968719482422e+00 1.080394951599557328e-03 6.596713420553180639e-05
4.474900007247924805e+00 1.005503710762844019e-03 7.269700230164320904e-05
4.489500045776367188e+00 9.365964794842650525e-04 7.865167304488791876e-05
4.504100084304809570e+00 8.809896729326958855e-04 8.123248639744014450e-05
4.518700122833251953e+00 9.545725581639533108e-04 7.425686417597489493e-05
4.533299922943115234e+00 8.922000046401534984e-04 7.697583321517295130e-05
4.547899961471557617e+00 8.566270535731781164e-04 7.492010290251328679e-05
4.562500000000000000e+00 9.125835852938458470e-04 7.043008357940208142e-05
4.577100038528442383e+00 8.661305676922082409e-04 7.721093421522555195e-05
4.591700077056884766e+00 9.227305053889691419e-04 7.289872864097980644e-05
4.606299877166748047e+00 9.471534281796253852e-04 6.746319301987894405e-05
4.620899915695190430e+00 9.750018956970744237e-04 6.813655431860838870e-05
4.635499954223632812e+00 9.125520142124447657e-04 7.710101165955781960e-05
4.650099992752075195e+00 9.178600252256953907e-04 6.970570398311640061e-05
4.664700031280517578e+00 7.863724506938742824e-04 8.423078538674062625e-05
4.679300069808959961e+00 8.234922606634325661e-04 8.173239117840577143e-05
4.693900108337402344e+00 8.973171689722974319e-04 7.594748388640697330e-05
4.708499908447265625e+00 8.857223451968724171e-04 7.204617991607305510e-05
4.723099946975708008e+00 7.637512681852627475e-04 7.810184174452057852e-05
4.737699985504150391e+00 8.749006483615754358e-04 7.234033222122766209e-05
4.752300024032592773e+00 8.719016260875551852e-04 7.037539519527933631e-05
4.766900062561035156e+00 8.643402681799832203e-04 7.661704708269469200e-05
4.781499862670898438e+00 8.748274669443220804e-04 6.359094930399815490e-05
4.796099901199340820e+00 8.162910424612012435e-04 7.432293961841483765e-05
4.810699939727783203e+00 8.422623123107001765e-04 6.843467152370720800e-05
4.825299978256225586e+00 7.773448023529599136e-04 7.834441410081443723e-05
4.839900016784667969e+00 8.027698270549667734e-04 6.832771650819488270e-05
4.854500055313110352e+00 7.732469128498538694e-04 7.274376218063608715e-05
4.869100093841552734e+00 7.580828617770139907e-04 8.293768857031748602e-05
4.883699893951416016e+00 7.310946785905959909e-04 7.260037034436123279e-05
4.898299932479858398e+00 8.829056148276643841e-04 6.829227770357547010e-05
4.912899971008300781e+00 6.416218250794369438e-04 8.406038926225626315e-05
4.927500009536743164e+00 8.528817838937982837e-04 6.823079024526244548e-05
4.942100048065185547e+00 8.117407218069580934e-04 6.774946465905033635e-05
4.956700086593627930e+00 8.120770148245566459e-04 7.774237450920851850e-05
4.971300125122070312e+00 7.951156382171870995e-04 7.785813951329456552e-05
4.985899925231933594e+00 6.706942181326447589e-04 8.264121910976060569e-05
5.000499963760375977e+00 7.834676131098259689e-04 6.841356866996059190e-05
5.015100002288818359e+00 8.960283120641902377e-04 7.076818297618874985e-05
5.029700040817260742e+00 7.950819014788832947e-04 7.443673985159198186e-05
5.044300079345703125e+00 7.643196806860507765e-04 7.421505084533652004e-05
5.058899879455566406e+00 7.167592334370914611e-04 8.089617152679776275e-05
5.073499917984008789e+00 6.977954069429675738e-04 8.323010200232165636e-05
5.088099956512451172e+00 6.518338969320741768e-04 8.067970658013319334e-05
5.102699995040893555e+00 7.970305170988520229e-04 6.776389213194645056e-05
5.117300033569335938e+00 7.200399603570575586e-04 7.521528937748161656e-05
5.131900072097778320e+00 7.486365099369910771e-04 8.349435938166368046e-05
5.146500110626220703e+00 7.344384525683605178e-04 7.626888003007277603e-05
5.161099910736083984e+00 6.485020662782553643e-04 8.279612752928320653e-05
5.175699949264526367e+00 6.823579668515990801e-04 8.138951891217522207e-05
5.190299987792968750e+00 7.917897941526218014e-04 7.856951504017968026e-05
5.204900026321411133e+00 6.986542783601501928e-04 7.445913783645237535e-05
5.219500064849853516e+00 6.413174094758285421e-04 8.705350555398046880e-05
5.234099864959716797e+00 5.881246075508313490e-04 8.907429601086483504e-05
5.248699903488159180e+00 6.753548622592549623e-04 7.212889278568908444e-05
5.263299942016601562e+00 7.067096315955182081e-04 7.628046351079615934e-05
5.277899980545043945e+00 7.492017576502751040e-04 8.325041971897290604e-05
5.292500019073486328e+00 6.716864163728733603e-04 7.953704596410386869e-05
5.307100057601928711e+00 6.417499761957975351e-04 8.514342218196506809e-05
5.321700096130371094e+00 5.819891299358607778e-04 8.181457970591383304e-05
5.336299896240234375e+00 6.114214507779936131e-04 9.829018869380306428e-05
5.350899934768676758e+00 6.182180990056809549e-04 9.180869473212553266e-05
5.365499973297119141e+00 5.876003894222583002e-04 9.448454507640488196e-05
5.380100011825561523e+00 7.136823558952247373e-04 7.329930028652964133e-05
5.394700050354003906e+00 6.853313018617926845e-04 8.023344600841408219e-05
5.409300088882446289e+00 5.486882200745212988e-04 9.037488276343609280e-05
5.423900127410888672e+00 5.649063055873982699e-04 9.128626006254768875e-05
5.438499927520751953e+00 6.795451653965471931e-04 8.497044119515581606e-05
5.453099966049194336e+00 6.130830034328104035e-04 9.338202693431797046e-05
5.467700004577636719e+00 7.596391138218956977e-04 7.281451489482585685e-05
5.482300043106079102e+00 6.536542594604579336e-04 9.239179430504382068e-05
5.496900081634521484e+00 7.302836057340103418e-04 7.727925092487189420e-05
5.511499881744384766e+00 5.992715896883851062e-04 7.043377056436578201e-05
5.526099920272827148e+00 5.231764397530489505e-04 9.803656200560156972e-05
5.540699958801269531e+00 4.388439457588154597e-04 1.083099325480551167e-04
5.555299997329711914e+00 6.920813579503316913e-04 8.633436550769463052e-05
5.569900035858154297e+00 6.750506683423065837e-04 8.658326181097571173e-05
5.584500074386596680e+00 7.797597462534509470e-04 8.141340643859846301e-05
5.599100112915039062e+00 6.995806078223748906e-04 8.830453716935139934e-05
5.613699913024902344e+00 5.928219132498277521e-04 8.678371030270849566e-05
5.628299951553344727e+00 5.554020027066728640e-04 7.805631296741448899e-05
5.642899990081787109e+00 5.726070197110175826e-04 9.835949251631298236e-05
5.657500028610229492e+00 5.645558364005455075e-04 9.172388363012934235e-05
5.672100067138671875e+00 7.242647718462641654e-04 8.325042006171168285e-05
5.686699867248535156e+00 6.279217669561648445e-04 9.416440408755363529e-05
5.701299905776977539e+00 6.320277626132874728e-04 9.856641112514249298e-05
5.715899944305419922e+00 6.034089727324410844e-04 9.096984558984326562e-05
5.730499982833862305e+00 7.428799491118491180e-04 8.571736845258951692e-05
5.745100021362304688e+00 4.819609360820324446e-04 1.048818969074447044e-04
5.759700059890747070e+00 4.950113479265537322e-04 1.125370746606114438e-04
5.774300098419189453e+00 6.227196658272633181e-04 1.089224796840154209e-04
5.788899898529052734e+00 6.392226089054418555e-04 8.556989022330345994e-05
5.803499937057495117e+00 5.854913197176310003e-04 8.485911972712369101e-05
5.818099975585937500e+00 5.642828766152735778e-04 8.492024351209639910e-05
5.832700014114379883e+00 6.072434609228900652e-04 1.002470628552425808e-04
5.847300052642822266e+00 5.996694102200864638e-04 8.691404392314783537e-05
5.861900091171264648e+00 6.452234156540888376e-04 9.354921006353516492e-05
5.876500129699707031e+00 6.196588417114185909e-04 9.358933929561649278e-05
5.891099929809570312e+00 6.040969387611807000e-04 9.853725741254257058e-05
5.905699968338012695e+00 5.768707620099024951e-04 1.030624669545473186e-04
5.920300006866455078e+00 4.774441505642472590e-04 9.716829220422066086e-05
5.934900045394897461e+00 5.139130524886943371e-04 1.116685850497310076e-04
5.949500083923339844e+00 4.530620697923765290e-04 1.190726252459822006e-04
5.964099884033203125e+00 5.608761777470820014e-04 9.598822896503939571e-05
5.978699922561645508e+00 5.780504691594311227e-04 9.157065322247587215e-05
5.993299961090087891e+00 7.310100154400826257e-04 1.010031034274820415e-04
6.007899999618530273e+00 5.854449777666009347e-04 1.035890463441452373e-04
6.022500038146972656e+00 6.844622594948851545e-04 1.063919198254796914e-04
6.037100076675415039e+00 5.201102358273863250e-04 1.255553630579758675e-04
6.051700115203857422e+00 8.167325815124816405e-04 1.055423225999583707e-04
6.066299915313720703e+00 9.685495296854597456e-04 1.188771114367239643e-04
6.080899953842163086e+00 9.658671672559813364e-04 1.101171550951398861e-04
6.095499992370605469e+00 7.833260591141825036e-04 1.215760514121875662e-04
6.110100030899047852e+00 9.554309028555236930e-04 1.338967407963237454e-04
6.124700069427490234e+00 1.014064870572087143e-03 1.182959592364362994e-04
6.139299869537353516e+00 1.021544364379210496e-03 1.191684812221525345e-04
6.153899908065795898e+00 1.133518535924554109e-03 1.057343418463905241e-04
6.168499946594238281e+00 9.547800037836691412e-04 1.376297425493021905e-04
6.183099985122680664e+00 8.642683994376873123e-04 1.186118492868657755e-04
6.197700023651123047e+00 9.655352193472330896e-04 1.264848736927753035e-04
6.212300062179565430e+00 8.750674791145289641e-04 1.150504079806698686e-04
6.226900100708007812e+00 9.760794944007532238e-04 1.056503078460260212e-04
6.241499900817871094e+00 7.201283778560788919e-04 1.294355240808288204e-04
6.256099939346313477e+00 8.461907024452475050e-04 1.169175322269663618e-04
6.270699977874755859e+00 4.907426871655126005e-04 1.368552050633588073e-04
6.285300016403198242e+00 4.401231796366386270e-04 1.505684207528786771e-04
6.299900054931640625e+00 7.282692488384609345e-04 1.034995582320903879e-04
6.314500093460083008e+00 6.339640207001897079e-04 1.278590660881182375e-04
6.329100131988525391e+00 6.869064996142051904e-04 1.114531640624142261e-04
6.343699932098388672e+00 6.702483320137768473e-04 9.568780816538252306e-05
6.358299970626831055e+00 6.964966075343963876e-04 1.263399492463261533e-04
6.372900009155273438e+00 6.220664890006585455e-04 1.256883384342999464e-04
6.387500047683715820e+00 7.665520514259290420e-04 1.166480571260580871e-04
6.402100086212158203e+00 8.358690510922688055e-04 1.115985176390935470e-04
6.416699886322021484e+00 7.103660138690527518e-04 1.367214625662188025e-04
6.431299924850463867e+00 6.883158315296962265e-04 1.247697168482264467e-04
6.445899963378906250e+00 7.135176304932322683e-04 1.112394174631808690e-04
6.460500001907348633e+00 7.968012861515264954e-04 1.051802826426501895e-04
6.475100040435791016e+00 7.505060570231191506e-04 1.142017598650209482e-04
6.489700078964233398e+00 4.931674865104248044e-04 1.387782970162284440e-04
6.504300117492675781e+00 5.081286610336987510e-04 1.467005885130769364e-04
6.518899917602539062e+00 4.590351972503648576e-04 1.407138373865414211e-04
6.533499956130981445e+00 6.074620692281922085e-04 1.233272737377381586e-04
6.548099994659423828e+00 5.389789014241191207e-04 1.308573292716847989e-04
6.562700033187866211e+00 4.827814804132641809e-04 1.224378471751803562e-04
6.577300071716308594e+00 4.101761775905822657e-04 1.379703563111218923e-04
6.591899871826171875e+00 3.078380407219340740e-04 1.754347304400943430e-04
6.606499910354614258e+00 4.900480377510132339e-04 1.426074965793327467e-04
6.621099948883056641e+00 4.119894153670488907e-04 1.423248587848434377e-04
6.635699987411499023e+00 2.812653251115403890e-04 1.556961915958612278e-04
6.650300025939941406e+00 2.576141358070311790e-04 1.703842787674810367e-04
6.664900064468383789e+00 3.624366515281970589e-04 1.610712941855712383e-04
6.679500102996826172e+00 5.712971059910913535e-04 1.441967096231892842e-04
6.694099903106689453e+00 4.003615736066404415e-04 1.415516869938698733e-04
6.708699941635131836e+00 4.367595876314133070e-04 1.438823531127812999e-04
6.723299980163574219e+00 6.724994768423784219e-04 1.196451682515933189e-04
6.737900018692016602e+00 6.172068756349353546e-04 1.512867372323031335e-04
6.752500057220458984e+00 4.029267005408915291e-04 1.650737272946241666e-04
6.767100095748901367e+00 5.149722589677652434e-04 1.693353799255663803e-04
6.781700134277343750e+00 3.634810592205750296e-04 1.759067023809419614e-04
6.796299934387207031e+00 4.673694396621165862e-04 1.636737204875724112e-04
6.810899972915649414e+00 5.322759136245649135e-04 1.476909202395543621e-04
6.825500011444091797e+00 5.078633837851395183e-04 1.686171627910666802e-04
6.840100049972534180e+00 3.625482813212337497e-04 1.762169547019943347e-04
6.854700088500976562e+00 5.468946718846615400e-04 1.412855814865218837e-04
6.869299888610839844e+00 6.561913336772581123e-04 1.458932178285302994e-04
6.883899927139282227e+00 4.164931728924791267e-04 1.643176894898241546e-04
6.898499965667724609e+00 5.269192094337570541e-04 1.690036785073668901e-04
6.913100004196166992e+00 4.211769557836839628e-04 1.569557033879843229e-04
6.927700042724609375e+00 5.420943829130888411e-04 1.620324197975836543e-04
6.942300081253051758e+00 4.771642576277832296e-04 1.738361688136020613e-04
6.956900119781494141e+00 5.088432527498520062e-04 1.650178602766994821e-04
6.971499919891357422e+00 3.422448112134762873e-04 1.960450289083821417e-04
6.986099958419799805e+00 5.189041519647804310e-04 1.923362772602133332e-04
#7.000699996948242188e+00 0.000000000000000000e+00 0.000000000000000000e+00
#BEGIN SOURCE MODEL
7.004999999999999893e+00 4.931900000000000129e-04 0.000000000000000000e+00
7.014999999999999680e+00 4.920600000000000017e-04 0.000000000000000000e+00
7.025000000000000355e+00 4.909340000000000535e-04 0.000000000000000000e+00
7.035000000000000142e+00 4.898129999999999672e-04 0.000000000000000000e+00
7.044999999999999929e+00 4.886950000000000365e-04 0.000000000000000000e+00
7.054999999999999716e+00 4.875820000000000219e-04 0.000000000000000000e+00
7.064999999999999503e+00 4.864730000000000161e-04 0.000000000000000000e+00
7.075000000000000178e+00 4.853680000000000190e-04 0.000000000000000000e+00
7.084999999999999964e+00 4.842669999999999766e-04 0.000000000000000000e+00
7.094999999999999751e+00 4.831699999999999971e-04 0.000000000000000000e+00
7.105000000000000426e+00 4.820770000000000263e-04 0.000000000000000000e+00
7.115000000000000213e+00 4.805209999999999755e-04 0.000000000000000000e+00
7.125000000000000000e+00 4.792810000000000212e-04 0.000000000000000000e+00
7.134999999999999787e+00 4.782030000000000156e-04 0.000000000000000000e+00
7.144999999999999574e+00 4.771299999999999803e-04 0.000000000000000000e+00
7.155000000000000249e+00 4.760599999999999923e-04 0.000000000000000000e+00
7.165000000000000036e+00 4.749940000000000130e-04 0.000000000000000000e+00
7.174999999999999822e+00 4.739319999999999883e-04 0.000000000000000000e+00
7.185000000000000497e+00 4.728740000000000265e-04 0.000000000000000000e+00
7.195000000000000284e+00 4.718190000000000036e-04 0.000000000000000000e+00
7.205000000000000071e+00 4.707690000000000052e-04 0.000000000000000000e+00
7.214999999999999858e+00 4.697219999999999998e-04 0.000000000000000000e+00
7.224999999999999645e+00 4.686790000000000032e-04 0.000000000000000000e+00
7.235000000000000320e+00 4.676389999999999996e-04 0.000000000000000000e+00
7.245000000000000107e+00 4.666040000000000205e-04 0.000000000000000000e+00
7.254999999999999893e+00 4.655719999999999802e-04 0.000000000000000000e+00
7.264999999999999680e+00 4.645440000000000029e-04 0.000000000000000000e+00
7.275000000000000355e+00 4.635190000000000187e-04 0.000000000000000000e+00
7.285000000000000142e+00 4.624979999999999890e-04 0.000000000000000000e+00
7.294999999999999929e+00 4.614810000000000223e-04 0.000000000000000000e+00
7.304999999999999716e+00 4.604669999999999944e-04 0.000000000000000000e+00
7.314999999999999503e+00 4.594569999999999752e-04 0.000000000000000000e+00
7.325000000000000178e+00 4.584510000000000191e-04 0.000000000000000000e+00
7.334999999999999964e+00 4.574480000000000018e-04 0.000000000000000000e+00
7.344999999999999751e+00 4.564479999999999774e-04 0.000000000000000000e+00
7.355000000000000426e+00 4.554520000000000161e-04 0.000000000000000000e+00
7.365000000000000213e+00 4.544600000000000094e-04 0.000000000000000000e+00
7.375000000000000000e+00 4.534709999999999956e-04 0.000000000000000000e+00
7.384999999999999787e+00 4.524859999999999906e-04 0.000000000000000000e+00
7.394999999999999574e+00 4.515039999999999787e-04 0.000000000000000000e+00
7.405000000000000249e+00 4.505250000000000140e-04 0.000000000000000000e+00
7.415000000000000036e+00 4.495500000000000039e-04 0.000000000000000000e+00
7.424999999999999822e+00 4.485790000000000025e-04 0.000000000000000000e+00
7.435000000000000497e+00 4.476099999999999784e-04 0.000000000000000000e+00
7.445000000000000284e+00 4.466450000000000173e-04 0.000000000000000000e+00
7.455000000000000071e+00 4.456840000000000107e-04 0.000000000000000000e+00
7.464999999999999858e+00 4.447259999999999972e-04 0.000000000000000000e+00
7.474999999999999645e+00 4.437709999999999767e-04 0.000000000000000000e+00
7.485000000000000320e+00 4.428190000000000034e-04 0.000000000000000000e+00
7.495000000000000107e+00 4.418709999999999847e-04 0.000000000000000000e+00
7.504999999999999893e+00 4.409260000000000132e-04 0.000000000000000000e+00
7.514999999999999680e+00 4.399839999999999806e-04 0.000000000000000000e+00
7.525000000000000355e+00 4.390460000000000109e-04 0.000000000000000000e+00
7.535000000000000142e+00 4.381109999999999800e-04 0.000000000000000000e+00
7.544999999999999929e+00 4.371789999999999964e-04 0.000000000000000000e+00
7.554999999999999716e+00 4.362500000000000058e-04 0.000000000000000000e+00
7.564999999999999503e+00 4.353240000000000083e-04 0.000000000000000000e+00
7.575000000000000178e+00 4.344020000000000195e-04 0.000000000000000000e+00
7.584999999999999964e+00 4.334820000000000079e-04 0.000000000000000000e+00
7.594999999999999751e+00 4.325660000000000052e-04 0.000000000000000000e+00
7.605000000000000426e+00 4.316529999999999955e-04 0.000000000000000000e+00
7.615000000000000213e+00 4.307429999999999788e-04 0.000000000000000000e+00
7.625000000000000000e+00 4.298370000000000250e-04 0.000000000000000000e+00
7.634999999999999787e+00 4.289329999999999944e-04 0.000000000000000000e+00
7.644999999999999574e+00 4.280320000000000110e-04 0.000000000000000000e+00
7.655000000000000249e+00 4.271349999999999821e-04 0.000000000000000000e+00
7.665000000000000036e+00 4.262399999999999848e-04 0.000000000000000000e+00
7.674999999999999822e+00 4.253479999999999804e-04 0.000000000000000000e+00
7.685000000000000497e+00 4.244599999999999849e-04 0.000000000000000000e+00
7.695000000000000284e+00 4.235740000000000208e-04 0.000000000000000000e+00
7.705000000000000071e+00 4.226920000000000113e-04 0.000000000000000000e+00
7.714999999999999858e+00 4.218110000000000175e-04 0.000000000000000000e+00
7.724999999999999645e+00 4.209349999999999941e-04 0.000000000000000000e+00
7.735000000000000320e+00 4.200610000000000021e-04 0.000000000000000000e+00
7.745000000000000107e+00 4.191900000000000031e-04 0.000000000000000000e+00
7.754999999999999893e+00 4.183230000000000130e-04 0.000000000000000000e+00
7.764999999999999680e+00 4.174580000000000001e-04 0.000000000000000000e+00
7.775000000000000355e+00 4.165959999999999802e-04 0.000000000000000000e+00
7.785000000000000142e+00 4.157370000000000076e-04 0.000000000000000000e+00
7.794999999999999929e+00 4.148800000000000122e-04 0.000000000000000000e+00
7.804999999999999716e+00 4.140270000000000256e-04 0.000000000000000000e+00
7.814999999999999503e+00 4.131760000000000163e-04 0.000000000000000000e+00
7.825000000000000178e+00 4.123280000000000001e-04 0.000000000000000000e+00
7.834999999999999964e+00 4.114829999999999768e-04 0.000000000000000000e+00
7.844999999999999751e+00 4.106410000000000008e-04 0.000000000000000000e+00
7.855000000000000426e+00 4.098020000000000178e-04 0.000000000000000000e+00
7.865000000000000213e+00 4.089650000000000121e-04 0.000000000000000000e+00
7.875000000000000000e+00 4.081309999999999994e-04 0.000000000000000000e+00
7.884999999999999787e+00 4.072999999999999798e-04 0.000000000000000000e+00
7.894999999999999574e+00 4.064720000000000073e-04 0.000000000000000000e+00
7.905000000000000249e+00 4.056460000000000122e-04 0.000000000000000000e+00
7.915000000000000036e+00 4.048230000000000101e-04 0.000000000000000000e+00
7.924999999999999822e+00 4.040030000000000010e-04 0.000000000000000000e+00
7.935000000000000497e+00 4.031850000000000234e-04 0.000000000000000000e+00
7.945000000000000284e+00 4.023710000000000004e-04 0.000000000000000000e+00
7.955000000000000071e+00 4.015579999999999931e-04 0.000000000000000000e+00
7.964999999999999858e+00 4.007489999999999945e-04 0.000000000000000000e+00
7.974999999999999645e+00 3.999419999999999733e-04 0.000000000000000000e+00
7.985000000000000320e+00 3.991379999999999993e-04 0.000000000000000000e+00
7.995000000000000107e+00 3.983360000000000026e-04 0.000000000000000000e+00
8.004999999999999005e+00 3.975369999999999989e-04 0.000000000000000000e+00
8.015000000000000568e+00 3.967400000000000267e-04 0.000000000000000000e+00
8.024999999999998579e+00 3.959459999999999933e-04 0.000000000000000000e+00
8.035000000000000142e+00 3.951550000000000071e-04 0.000000000000000000e+00
8.044999999999999929e+00 3.943659999999999982e-04 0.000000000000000000e+00
8.054999999999999716e+00 3.935799999999999824e-04 0.000000000000000000e+00
8.065000000000001279e+00 3.927959999999999980e-04 0.000000000000000000e+00
8.074999999999999289e+00 3.920150000000000067e-04 0.000000000000000000e+00
8.085000000000000853e+00 3.912359999999999926e-04 0.000000000000000000e+00
8.094999999999998863e+00 3.904600000000000258e-04 0.000000000000000000e+00
8.105000000000000426e+00 3.896859999999999821e-04 0.000000000000000000e+00
8.114999999999998437e+00 3.889149999999999855e-04 0.000000000000000000e+00
8.125000000000000000e+00 3.881460000000000205e-04 0.000000000000000000e+00
8.135000000000001563e+00 3.873799999999999943e-04 0.000000000000000000e+00
8.144999999999999574e+00 3.866159999999999996e-04 0.000000000000000000e+00
8.155000000000001137e+00 3.858549999999999979e-04 0.000000000000000000e+00
8.164999999999999147e+00 3.850959999999999735e-04 0.000000000000000000e+00
8.175000000000000711e+00 3.843389999999999806e-04 0.000000000000000000e+00
8.184999999999998721e+00 3.835849999999999807e-04 0.000000000000000000e+00
8.195000000000000284e+00 3.828330000000000123e-04 0.000000000000000000e+00
8.205000000000000071e+00 3.820839999999999827e-04 0.000000000000000000e+00
8.214999999999999858e+00 3.813369999999999846e-04 0.000000000000000000e+00
8.225000000000001421e+00 3.805920000000000180e-04 0.000000000000000000e+00
8.234999999999999432e+00 3.798499999999999902e-04 0.000000000000000000e+00
8.245000000000000995e+00 3.791099999999999939e-04 0.000000000000000000e+00
8.254999999999999005e+00 3.783719999999999748e-04 0.000000000000000000e+00
8.265000000000000568e+00 3.776370000000000031e-04 0.000000000000000000e+00
8.274999999999998579e+00 3.769040000000000086e-04 0.000000000000000000e+00
8.285000000000000142e+00 3.761729999999999913e-04 0.000000000000000000e+00
8.294999999999999929e+00 3.754440000000000056e-04 0.000000000000000000e+00
8.304999999999999716e+00 3.747180000000000129e-04 0.000000000000000000e+00
8.315000000000001279e+00 3.739939999999999974e-04 0.000000000000000000e+00
8.324999999999999289e+00 3.732729999999999750e-04 0.000000000000000000e+00
8.335000000000000853e+00 3.725429999999999736e-04 0.000000000000000000e+00
8.344999999999998863e+00 3.718199999999999739e-04 0.000000000000000000e+00
8.355000000000000426e+00 3.711060000000000075e-04 0.000000000000000000e+00
8.364999999999998437e+00 3.703930000000000026e-04 0.000000000000000000e+00
8.375000000000000000e+00 3.696829999999999908e-04 0.000000000000000000e+00
8.385000000000001563e+00 3.689739999999999947e-04 0.000000000000000000e+00
8.394999999999999574e+00 3.682679999999999916e-04 0.000000000000000000e+00
8.405000000000001137e+00 3.675649999999999816e-04 0.000000000000000000e+00
8.414999999999999147e+00 3.668629999999999873e-04 0.000000000000000000e+00
8.425000000000000711e+00 3.661630000000000245e-04 0.000000000000000000e+00
8.434999999999998721e+00 3.654660000000000005e-04 0.000000000000000000e+00
8.445000000000000284e+00 3.647710000000000080e-04 0.000000000000000000e+00
8.455000000000000071e+00 3.640779999999999928e-04 0.000000000000000000e+00
8.464999999999999858e+00 3.633870000000000090e-04 0.000000000000000000e+00
8.475000000000001421e+00 3.626980000000000026e-04 0.000000000000000000e+00
8.484999999999999432e+00 3.620109999999999734e-04 0.000000000000000000e+00
8.495000000000000995e+00 3.613269999999999915e-04 0.000000000000000000e+00
8.504999999999999005e+00 3.606440000000000253e-04 0.000000000000000000e+00
8.515000000000000568e+00 3.599639999999999979e-04 0.000000000000000000e+00
8.524999999999998579e+00 3.592849999999999863e-04 0.000000000000000000e+00
8.535000000000000142e+00 3.586090000000000219e-04 0.000000000000000000e+00
8.544999999999999929e+00 3.579349999999999806e-04 0.000000000000000000e+00
8.554999999999999716e+00 3.572630000000000250e-04 0.000000000000000000e+00
8.565000000000001279e+00 3.565929999999999924e-04 0.000000000000000000e+00
8.574999999999999289e+00 3.559249999999999914e-04 0.000000000000000000e+00
8.585000000000000853e+00 3.552580000000000061e-04 0.000000000000000000e+00
8.594999999999998863e+00 3.545940000000000138e-04 0.000000000000000000e+00
8.605000000000000426e+00 3.539319999999999988e-04 0.000000000000000000e+00
8.614999999999998437e+00 3.532720000000000153e-04 0.000000000000000000e+00
8.625000000000000000e+00 3.526140000000000090e-04 0.000000000000000000e+00
8.635000000000001563e+00 3.519579999999999801e-04 0.000000000000000000e+00
8.644999999999999574e+00 3.513039999999999826e-04 0.000000000000000000e+00
8.655000000000001137e+00 3.506520000000000166e-04 0.000000000000000000e+00
8.664999999999999147e+00 3.500019999999999737e-04 0.000000000000000000e+00
8.675000000000000711e+00 3.493530000000000008e-04 0.000000000000000000e+00
8.684999999999998721e+00 3.487070000000000209e-04 0.000000000000000000e+00
8.695000000000000284e+00 3.480630000000000182e-04 0.000000000000000000e+00
8.705000000000000071e+00 3.474199999999999771e-04 0.000000000000000000e+00
8.714999999999999858e+00 3.467799999999999832e-04 0.000000000000000000e+00
8.725000000000001421e+00 3.461410000000000051e-04 0.000000000000000000e+00
8.734999999999999432e+00 3.455040000000000043e-04 0.000000000000000000e+00
8.745000000000000995e+00 3.448699999999999964e-04 0.000000000000000000e+00
8.754999999999999005e+00 3.442370000000000044e-04 0.000000000000000000e+00
8.765000000000000568e+00 3.436059999999999896e-04 0.000000000000000000e+00
8.774999999999998579e+00 3.429759999999999905e-04 0.000000000000000000e+00
8.785000000000000142e+00 3.423489999999999845e-04 0.000000000000000000e+00
8.794999999999999929e+00 3.417240000000000100e-04 0.000000000000000000e+00
8.804999999999999716e+00 3.410999999999999970e-04 0.000000000000000000e+00
8.815000000000001279e+00 3.404780000000000154e-04 0.000000000000000000e+00
8.824999999999999289e+00 3.398580000000000112e-04 0.000000000000000000e+00
8.835000000000000853e+00 3.392399999999999843e-04 0.000000000000000000e+00
8.844999999999998863e+00 3.386239999999999888e-04 0.000000000000000000e+00
8.855000000000000426e+00 3.380090000000000091e-04 0.000000000000000000e+00
8.864999999999998437e+00 3.373970000000000224e-04 0.000000000000000000e+00
8.875000000000000000e+00 3.367859999999999973e-04 0.000000000000000000e+00
8.885000000000001563e+00 3.361759999999999879e-04 0.000000000000000000e+00
8.894999999999999574e+00 3.355690000000000257e-04 0.000000000000000000e+00
8.905000000000001137e+00 3.349639999999999866e-04 0.000000000000000000e+00
8.914999999999999147e+00 3.343600000000000174e-04 0.000000000000000000e+00
8.925000000000000711e+00 3.337580000000000256e-04 0.000000000000000000e+00
8.934999999999998721e+00 3.331569999999999952e-04 0.000000000000000000e+00
8.945000000000000284e+00 3.325590000000000122e-04 0.000000000000000000e+00
8.955000000000000071e+00 3.319619999999999906e-04 0.000000000000000000e+00
8.964999999999999858e+00 3.313670000000000005e-04 0.000000000000000000e+00
8.975000000000001421e+00 3.307739999999999877e-04 0.000000000000000000e+00
8.984999999999999432e+00 3.301819999999999907e-04 0.000000000000000000e+00
8.995000000000000995e+00 3.295920000000000251e-04 0.000000000000000000e+00
9.004999999999999005e+00 3.290039999999999827e-04 0.000000000000000000e+00
9.015000000000000568e+00 3.284170000000000101e-04 0.000000000000000000e+00
9.024999999999998579e+00 3.278329999999999764e-04 0.000000000000000000e+00
9.035000000000000142e+00 3.272489999999999969e-04 0.000000000000000000e+00
9.044999999999999929e+00 3.266680000000000104e-04 0.000000000000000000e+00
9.054999999999999716e+00 3.260879999999999855e-04 0.000000000000000000e+00
9.065000000000001279e+00 3.255099999999999921e-04 0.000000000000000000e+00
9.074999999999999289e+00 3.249339999999999759e-04 0.000000000000000000e+00
9.085000000000000853e+00 3.243589999999999755e-04 0.000000000000000000e+00
9.094999999999998863e+00 3.237860000000000065e-04 0.000000000000000000e+00
9.105000000000000426e+00 3.232139999999999991e-04 0.000000000000000000e+00
9.114999999999998437e+00 3.226440000000000232e-04 0.000000000000000000e+00
9.125000000000000000e+00 3.220760000000000246e-04 0.000000000000000000e+00
9.135000000000001563e+00 3.215089999999999875e-04 0.000000000000000000e+00
9.144999999999999574e+00 3.209439999999999819e-04 0.000000000000000000e+00
9.155000000000001137e+00 3.203810000000000078e-04 0.000000000000000000e+00
9.164999999999999147e+00 3.198189999999999952e-04 0.000000000000000000e+00
9.175000000000000711e+00 3.192579999999999984e-04 0.000000000000000000e+00
9.184999999999998721e+00 3.186999999999999946e-04 0.000000000000000000e+00
9.195000000000000284e+00 3.181430000000000065e-04 0.000000000000000000e+00
9.205000000000000071e+00 3.175869999999999800e-04 0.000000000000000000e+00
9.214999999999999858e+00 3.170329999999999850e-04 0.000000000000000000e+00
9.225000000000001421e+00 3.164810000000000214e-04 0.000000000000000000e+00
9.234999999999999432e+00 3.159300000000000194e-04 0.000000000000000000e+00
9.245000000000000995e+00 3.153809999999999947e-04 0.000000000000000000e+00
9.254999999999999005e+00 3.148329999999999857e-04 0.000000000000000000e+00
9.265000000000000568e+00 3.142870000000000082e-04 0.000000000000000000e+00
9.274999999999998579e+00 3.137419999999999922e-04 0.000000000000000000e+00
9.285000000000000142e+00 3.131990000000000078e-04 0.000000000000000000e+00
9.294999999999999929e+00 3.126569999999999848e-04 0.000000000000000000e+00
9.304999999999999716e+00 3.121169999999999934e-04 0.000000000000000000e+00
9.315000000000001279e+00 3.115789999999999792e-04 0.000000000000000000e+00
9.324999999999999289e+00 3.110419999999999808e-04 0.000000000000000000e+00
9.335000000000000853e+00 3.105059999999999982e-04 0.000000000000000000e+00
9.344999999999998863e+00 3.099719999999999928e-04 0.000000000000000000e+00
9.355000000000000426e+00 3.094390000000000031e-04 0.000000000000000000e+00
9.364999999999998437e+00 3.089079999999999908e-04 0.000000000000000000e+00
9.375000000000000000e+00 3.083779999999999941e-04 0.000000000000000000e+00
9.385000000000001563e+00 3.078499999999999748e-04 0.000000000000000000e+00
9.394999999999999574e+00 3.073239999999999869e-04 0.000000000000000000e+00
9.405000000000001137e+00 3.067979999999999991e-04 0.000000000000000000e+00
9.414999999999999147e+00 3.062739999999999885e-04 0.000000000000000000e+00
9.425000000000000711e+00 3.057520000000000094e-04 0.000000000000000000e+00
9.434999999999998721e+00 3.052309999999999919e-04 0.000000000000000000e+00
9.445000000000000284e+00 3.047120000000000059e-04 0.000000000000000000e+00
9.455000000000000071e+00 3.041930000000000198e-04 0.000000000000000000e+00
9.464999999999999858e+00 3.036770000000000268e-04 0.000000000000000000e+00
9.475000000000001421e+00 3.031619999999999953e-04 0.000000000000000000e+00
9.484999999999999432e+00 3.026479999999999795e-04 0.000000000000000000e+00
9.495000000000000995e+00 3.021349999999999795e-04 0.000000000000000000e+00
9.504999999999999005e+00 3.016240000000000110e-04 0.000000000000000000e+00
9.515000000000000568e+00 3.011150000000000198e-04 0.000000000000000000e+00
9.524999999999998579e+00 3.006069999999999901e-04 0.000000000000000000e+00
9.535000000000000142e+00 3.000999999999999761e-04 0.000000000000000000e+00
9.544999999999999929e+00 2.995939999999999779e-04 0.000000000000000000e+00
9.554999999999999716e+00 2.990900000000000112e-04 0.000000000000000000e+00
9.565000000000001279e+00 2.985870000000000061e-04 0.000000000000000000e+00
9.574999999999999289e+00 2.980859999999999782e-04 0.000000000000000000e+00
9.585000000000000853e+00 2.975860000000000202e-04 0.000000000000000000e+00
9.594999999999998863e+00 2.970879999999999853e-04 0.000000000000000000e+00
9.605000000000000426e+00 2.965900000000000047e-04 0.000000000000000000e+00
9.614999999999998437e+00 2.960940000000000013e-04 0.000000000000000000e+00
9.625000000000000000e+00 2.955999999999999752e-04 0.000000000000000000e+00
9.635000000000001563e+00 2.951070000000000190e-04 0.000000000000000000e+00
9.644999999999999574e+00 2.946150000000000244e-04 0.000000000000000000e+00
9.655000000000001137e+00 2.941239999999999914e-04 0.000000000000000000e+00
9.664999999999999147e+00 2.936349999999999898e-04 0.000000000000000000e+00
9.675000000000000711e+00 2.931470000000000039e-04 0.000000000000000000e+00
9.684999999999998721e+00 2.926599999999999796e-04 0.000000000000000000e+00
9.695000000000000284e+00 2.921749999999999868e-04 0.000000000000000000e+00
9.705000000000000071e+00 2.916910000000000097e-04 0.000000000000000000e+00
9.714999999999999858e+00 2.912079999999999942e-04 0.000000000000000000e+00
9.725000000000001421e+00 2.907270000000000102e-04 0.000000000000000000e+00
9.734999999999999432e+00 2.902460000000000261e-04 0.000000000000000000e+00
9.745000000000000995e+00 2.897679999999999809e-04 0.000000000000000000e+00
9.754999999999999005e+00 2.892899999999999899e-04 0.000000000000000000e+00
9.765000000000000568e+00 2.888139999999999761e-04 0.000000000000000000e+00
9.774999999999998579e+00 2.883389999999999781e-04 0.000000000000000000e+00
9.785000000000000142e+00 2.878649999999999959e-04 0.000000000000000000e+00
9.794999999999999929e+00 2.873919999999999752e-04 0.000000000000000000e+00
9.804999999999999716e+00 2.869209999999999859e-04 0.000000000000000000e+00
9.815000000000001279e+00 2.864510000000000125e-04 0.000000000000000000e+00
9.824999999999999289e+00 2.859820000000000005e-04 0.000000000000000000e+00
9.835000000000000853e+00 2.855150000000000201e-04 0.000000000000000000e+00
9.844999999999998863e+00 2.850479999999999854e-04 0.000000000000000000e+00
9.855000000000000426e+00 2.845829999999999822e-04 0.000000000000000000e+00
9.864999999999998437e+00 2.841189999999999948e-04 0.000000000000000000e+00
9.875000000000000000e+00 2.836569999999999847e-04 0.000000000000000000e+00
9.885000000000001563e+00 2.831949999999999745e-04 0.000000000000000000e+00
9.894999999999999574e+00 2.827349999999999959e-04 0.000000000000000000e+00
9.905000000000001137e+00 2.822759999999999788e-04 0.000000000000000000e+00
9.914999999999999147e+00 2.818179999999999774e-04 0.000000000000000000e+00
9.925000000000000711e+00 2.813620000000000075e-04 0.000000000000000000e+00
9.934999999999998721e+00 2.809069999999999991e-04 0.000000000000000000e+00
9.945000000000000284e+00 2.804519999999999908e-04 0.000000000000000000e+00
9.955000000000000071e+00 2.799990000000000139e-04 0.000000000000000000e+00
9.964999999999999858e+00 2.795469999999999986e-04 0.000000000000000000e+00
9.975000000000001421e+00 2.790970000000000148e-04 0.000000000000000000e+00
9.984999999999999432e+00 2.786469999999999767e-04 0.000000000000000000e+00
9.995000000000000995e+00 2.781990000000000244e-04 0.000000000000000000e+00
1.000499999999999901e+01 2.777519999999999794e-04 0.000000000000000000e+00
1.001500000000000057e+01 2.773060000000000043e-04 0.000000000000000000e+00
1.002499999999999858e+01 2.768609999999999908e-04 0.000000000000000000e+00
1.003500000000000014e+01 2.764180000000000087e-04 0.000000000000000000e+00
1.004499999999999993e+01 2.759750000000000267e-04 0.000000000000000000e+00
1.005499999999999972e+01 2.755340000000000220e-04 0.000000000000000000e+00
1.006500000000000128e+01 2.750930000000000172e-04 0.000000000000000000e+00
1.007499999999999929e+01 2.746539999999999897e-04 0.000000000000000000e+00
1.008500000000000085e+01 2.742159999999999780e-04 0.000000000000000000e+00
1.009499999999999886e+01 2.737799999999999978e-04 0.000000000000000000e+00
1.010500000000000043e+01 2.733440000000000175e-04 0.000000000000000000e+00
1.011499999999999844e+01 2.729089999999999988e-04 0.000000000000000000e+00
1.012500000000000000e+01 2.724760000000000116e-04 0.000000000000000000e+00
1.013500000000000156e+01 2.720439999999999859e-04 0.000000000000000000e+00
1.014499999999999957e+01 2.716120000000000144e-04 0.000000000000000000e+00
1.015500000000000114e+01 2.711820000000000203e-04 0.000000000000000000e+00
1.016499999999999915e+01 2.707529999999999876e-04 0.000000000000000000e+00
1.017500000000000071e+01 2.703250000000000249e-04 0.000000000000000000e+00
1.018499999999999872e+01 2.698980000000000237e-04 0.000000000000000000e+00
1.019500000000000028e+01 2.694729999999999999e-04 0.000000000000000000e+00
1.020500000000000007e+01 2.690479999999999760e-04 0.000000000000000000e+00
1.021499999999999986e+01 2.686240000000000220e-04 0.000000000000000000e+00
1.022500000000000142e+01 2.682019999999999912e-04 0.000000000000000000e+00
1.023499999999999943e+01 2.677809999999999761e-04 0.000000000000000000e+00
1.024500000000000099e+01 2.673600000000000152e-04 0.000000000000000000e+00
1.025499999999999901e+01 2.669409999999999773e-04 0.000000000000000000e+00
1.026500000000000057e+01 2.665230000000000095e-04 0.000000000000000000e+00
1.027499999999999858e+01 2.661060000000000031e-04 0.000000000000000000e+00
1.028500000000000014e+01 2.656889999999999968e-04 0.000000000000000000e+00
1.029499999999999993e+01 2.652740000000000219e-04 0.000000000000000000e+00
1.030499999999999972e+01 2.648600000000000086e-04 0.000000000000000000e+00
1.031500000000000128e+01 2.644470000000000110e-04 0.000000000000000000e+00
1.032499999999999929e+01 2.640359999999999908e-04 0.000000000000000000e+00
1.033500000000000085e+01 2.636250000000000247e-04 0.000000000000000000e+00
1.034499999999999886e+01 2.632150000000000201e-04 0.000000000000000000e+00
1.035500000000000043e+01 2.628059999999999771e-04 0.000000000000000000e+00
1.036499999999999844e+01 2.623980000000000041e-04 0.000000000000000000e+00
1.037500000000000000e+01 2.619920000000000083e-04 0.000000000000000000e+00
1.038500000000000156e+01 2.615860000000000125e-04 0.000000000000000000e+00
1.039499999999999957e+01 2.611809999999999783e-04 0.000000000000000000e+00
1.040500000000000114e+01 2.607770000000000140e-04 0.000000000000000000e+00
1.041499999999999915e+01 2.603750000000000270e-04 0.000000000000000000e+00
1.042500000000000071e+01 2.599729999999999858e-04 0.000000000000000000e+00
1.043499999999999872e+01 2.595720000000000145e-04 0.000000000000000000e+00
1.044500000000000028e+01 2.591730000000000205e-04 0.000000000000000000e+00
1.045500000000000007e+01 2.587740000000000266e-04 0.000000000000000000e+00
1.046499999999999986e+01 2.583759999999999941e-04 0.000000000000000000e+00
1.047500000000000142e+01 2.579789999999999774e-04 0.000000000000000000e+00
1.048499999999999943e+01 2.575839999999999922e-04 0.000000000000000000e+00
1.049500000000000099e+01 2.571890000000000070e-04 0.000000000000000000e+00
1.050499999999999901e+01 2.567949999999999833e-04 0.000000000000000000e+00
1.051500000000000057e+01 2.564019999999999754e-04 0.000000000000000000e+00
1.052499999999999858e+01 2.560109999999999990e-04 0.000000000000000000e+00
1.053500000000000014e+01 2.556200000000000225e-04 0.000000000000000000e+00
1.054499999999999993e+01 2.552300000000000076e-04 0.000000000000000000e+00
1.055499999999999972e+01 2.548410000000000085e-04 0.000000000000000000e+00
1.056500000000000128e+01 2.544530000000000251e-04 0.000000000000000000e+00
1.057499999999999929e+01 2.540660000000000032e-04 0.000000000000000000e+00
1.058500000000000085e+01 2.536799999999999971e-04 0.000000000000000000e+00
1.059499999999999886e+01 2.532950000000000067e-04 0.000000000000000000e+00
1.060500000000000043e+01 2.529109999999999778e-04 0.000000000000000000e+00
1.061499999999999844e+01 2.525270000000000032e-04 0.000000000000000000e+00
1.062500000000000000e+01 2.521450000000000058e-04 0.000000000000000000e+00
1.063500000000000156e+01 2.517640000000000242e-04 0.000000000000000000e+00
1.064499999999999957e+01 2.513829999999999884e-04 0.000000000000000000e+00
1.065500000000000114e+01 2.510039999999999841e-04 0.000000000000000000e+00
1.066499999999999915e+01 2.506249999999999797e-04 0.000000000000000000e+00
1.067500000000000071e+01 2.502480000000000069e-04 0.000000000000000000e+00
1.068499999999999872e+01 2.498709999999999798e-04 0.000000000000000000e+00
1.069500000000000028e+01 2.494950000000000227e-04 0.000000000000000000e+00
1.070500000000000007e+01 2.491199999999999730e-04 0.000000000000000000e+00
1.071499999999999986e+01 2.487459999999999932e-04 0.000000000000000000e+00
1.072500000000000142e+01 2.483729999999999749e-04 0.000000000000000000e+00
1.073499999999999943e+01 2.480010000000000265e-04 0.000000000000000000e+00
1.074500000000000099e+01 2.476299999999999855e-04 0.000000000000000000e+00
1.075499999999999901e+01 2.472589999999999988e-04 0.000000000000000000e+00
1.076500000000000057e+01 2.468899999999999892e-04 0.000000000000000000e+00
1.077499999999999858e+01 2.465209999999999797e-04 0.000000000000000000e+00
1.078500000000000014e+01 2.461540000000000017e-04 0.000000000000000000e+00
1.079499999999999993e+01 2.457870000000000237e-04 0.000000000000000000e+00
1.080499999999999972e+01 2.454210000000000072e-04 0.000000000000000000e+00
1.081500000000000128e+01 2.450560000000000065e-04 0.000000000000000000e+00
1.082499999999999929e+01 2.446920000000000215e-04 0.000000000000000000e+00
1.083500000000000085e+01 2.443289999999999980e-04 0.000000000000000000e+00
1.084499999999999886e+01 2.439660000000000017e-04 0.000000000000000000e+00
1.085500000000000043e+01 2.436050000000000097e-04 0.000000000000000000e+00
1.086499999999999844e+01 2.432439999999999906e-04 0.000000000000000000e+00
1.087500000000000000e+01 2.428839999999999873e-04 0.000000000000000000e+00
1.088500000000000156e+01 2.425249999999999997e-04 0.000000000000000000e+00
1.089499999999999957e+01 2.421670000000000007e-04 0.000000000000000000e+00
1.090500000000000114e+01 2.418099999999999904e-04 0.000000000000000000e+00
1.091499999999999915e+01 2.414530000000000072e-04 0.000000000000000000e+00
1.092500000000000071e+01 2.410980000000000013e-04 0.000000000000000000e+00
1.093499999999999872e+01 2.407429999999999954e-04 0.000000000000000000e+00
1.094500000000000028e+01 2.403890000000000052e-04 0.000000000000000000e+00
1.095500000000000007e+01 2.400360000000000037e-04 0.000000000000000000e+00
1.096499999999999986e+01 2.396839999999999908e-04 0.000000000000000000e+00
1.097500000000000142e+01 2.393329999999999937e-04 0.000000000000000000e+00
1.098499999999999943e+01 2.389830000000000123e-04 0.000000000000000000e+00
1.099500000000000099e+01 2.386330000000000038e-04 0.000000000000000000e+00
