#Energy Pol degree
0.105925372518 0.819911
0.118850222744 0.959582
0.133352143216 0.915846
0.149623565609 1.01485
0.167880401812 1.03749
0.188364908949 1.01218
0.211348903984 1.33636
0.237137370566 1.49459
0.26607250598 1.20533
0.298538261892 1.05281
0.334965439158 1.01791
0.375837404288 0.810495
0.421696503429 0.769976
0.473151258961 0.690319
0.530884444231 0.583627
0.595662143529 0.60564
0.668343917569 0.527008
0.749894209332 0.371337
0.841395141645 0.245242
0.944060876286 0.168469
1.05925372518 0.253965
1.18850222744 0.235696
1.33352143216 0.263628
1.49623565609 0.364795
1.67880401812 0.545848
1.88364908949 0.819772
2.11348903984 1.03325
2.37137370566 1.0156
2.6607250598 1.14732
2.98538261892 1.59121
3.34965439158 1.91152
3.75837404288 2.30951
4.21696503429 2.78366
4.73151258961 3.07826
5.30884444231 3.52911
5.95662143529 3.98429
6.68343917569 4.33224
7.49894209332 4.79503
8.41395141645 5.12726
9.44060876286 5.33177
10.5925372518 5.50282
11.8850222744 5.64384
13.3352143216 5.63314
14.9623565609 5.24806
16.7880401812 5.05476
18.8364908949 4.8007
21.1348903984 4.81163
23.7137370566 5.21881
26.607250598 5.78775
29.8538261892 6.46203
33.4965439158 7.01209
37.5837404288 5.90403
42.1696503429 4.41635
47.3151258961 5.29436
53.0884444231 5.29859
59.5662143529 4.56361
66.8343917569 4.91603
74.9894209332 6.90073
84.1395141645 7.79678
94.4060876286 7.17475
