#Energy Pol angle
0.105925372518 96.5919
0.118850222744 88.5288
0.133352143216 87.227
0.149623565609 85.2774
0.167880401812 83.0474
0.188364908949 84.9897
0.211348903984 88.2651
0.237137370566 87.5532
0.26607250598 84.412
0.298538261892 84.0505
0.334965439158 84.8521
0.375837404288 84.5183
0.421696503429 83.5001
0.473151258961 83.2196
0.530884444231 83.4013
0.595662143529 81.6754
0.668343917569 77.4526
0.749894209332 70.7262
0.841395141645 63.1661
0.944060876286 40.9151
1.05925372518 20.9793
1.18850222744 11.2938
1.33352143216 179.857
1.49623565609 173.779
1.67880401812 171.739
1.88364908949 173.916
2.11348903984 173.277
2.37137370566 173.312
2.6607250598 176.407
2.98538261892 177.233
3.34965439158 176.761
3.75837404288 176.493
4.21696503429 176.229
4.73151258961 175.801
5.30884444231 175.23
5.95662143529 175.821
6.68343917569 177.086
7.49894209332 177.754
8.41395141645 178.329
9.44060876286 179.232
10.5925372518 179.159
11.8850222744 179.141
13.3352143216 179.462
14.9623565609 177.723
16.7880401812 177.002
18.8364908949 177.158
21.1348903984 175.38
23.7137370566 176.967
26.607250598 182.309
29.8538261892 182.97
33.4965439158 180.471
37.5837404288 177.72
42.1696503429 177.832
47.3151258961 181.505
53.0884444231 180.09
59.5662143529 177.054
66.8343917569 174.985
74.9894209332 175.418
84.1395141645 177.118
94.4060876286 178.365
