#XLO XHI SOURCE
0.3 0.31 0
0.31 0.32 0
0.32 0.33 0
0.33 0.34 0
0.34 0.35 0
0.35 0.36 0
0.36 0.37 0
0.37 0.38 0
0.38 0.39 0
0.39 0.4 0
0.4 0.41 0
0.41 0.42 0
0.42 0.43 1.94896e-23
0.43 0.44 4.20004e-22
0.44 0.45 6.78582e-21
0.45 0.46 8.74229e-20
0.46 0.47 9.18918e-19
0.47 0.48 8.04116e-18
0.48 0.49 5.96277e-17
0.49 0.5 3.80594e-16
0.5 0.51 2.12021e-15
0.51 0.52 1.04364e-14
0.52 0.53 4.58919e-14
0.53 0.54 1.71547e-14
0.54 0.55 6.01795e-20
0.55 0.56 3.94408e-19
0.56 0.57 2.29344e-18
0.57 0.58 1.19455e-17
0.58 0.59 5.62141e-17
0.59 0.6 2.40875e-16
0.6 0.61 9.46469e-16
0.61 0.62 3.43231e-15
0.62 0.63 1.15551e-14
0.63 0.64 3.63071e-14
0.64 0.65 1.06992e-13
0.65 0.66 2.97032e-13
0.66 0.67 7.80046e-13
0.67 0.68 1.94507e-12
0.68 0.69 4.62114e-12
0.69 0.7 1.04941e-11
0.7 0.71 1.47167e-11
0.71 0.72 5.94589e-12
0.72 0.73 1.32353e-11
0.73 0.74 2.80933e-11
0.74 0.75 5.70532e-11
0.75 0.76 1.112e-10
0.76 0.77 2.08598e-10
0.77 0.78 3.77594e-10
0.78 0.79 6.6115e-10
0.79 0.8 1.12227e-09
0.8 0.81 1.85059e-09
0.81 0.82 2.97001e-09
0.82 0.83 4.64736e-09
0.83 0.84 7.10163e-09
0.84 0.85 1.06137e-08
0.85 0.86 1.5536e-08
0.86 0.87 1.57018e-08
0.87 0.88 4.59507e-09
0.88 0.89 7.00059e-09
0.89 0.9 1.04846e-08
0.9 0.91 1.545e-08
0.91 0.92 2.24187e-08
0.92 0.93 3.20577e-08
0.93 0.94 4.52076e-08
0.94 0.95 6.29126e-08
0.95 0.96 8.64549e-08
0.96 0.97 1.1739e-07
0.97 0.98 1.57581e-07
0.98 0.99 2.09238e-07
0.99 1 2.74957e-07
1 1.01 3.57749e-07
1.01 1.02 4.61085e-07
1.02 1.03 5.88917e-07
1.03 1.04 7.45718e-07
1.04 1.05 9.36499e-07
1.05 1.06 1.16684e-06
1.06 1.07 1.44288e-06
1.07 1.08 1.77136e-06
1.08 1.09 2.15962e-06
1.09 1.1 2.61557e-06
1.1 1.11 3.1477e-06
1.11 1.12 3.76507e-06
1.12 1.13 4.47728e-06
1.13 1.14 5.29444e-06
1.14 1.15 6.22713e-06
1.15 1.16 7.28638e-06
1.16 1.17 8.48361e-06
1.17 1.18 9.83058e-06
1.18 1.19 1.13393e-05
1.19 1.2 1.30222e-05
1.2 1.21 1.48915e-05
1.21 1.22 1.69599e-05
1.22 1.23 1.92399e-05
1.23 1.24 2.17443e-05
1.24 1.25 2.44854e-05
1.25 1.26 2.74757e-05
1.26 1.27 3.07273e-05
1.27 1.28 3.42522e-05
1.28 1.29 3.80618e-05
1.29 1.3 4.21675e-05
1.3 1.31 3.674e-05
1.31 1.32 3.62193e-05
1.32 1.33 3.99568e-05
1.33 1.34 4.39588e-05
1.34 1.35 4.82334e-05
1.35 1.36 5.27881e-05
1.36 1.37 5.76301e-05
1.37 1.38 6.27659e-05
1.38 1.39 6.82014e-05
1.39 1.4 7.39423e-05
1.4 1.41 7.99933e-05
1.41 1.42 8.63589e-05
1.42 1.43 9.30428e-05
1.43 1.44 0.000100048
1.44 1.45 0.000107377
1.45 1.46 0.000115033
1.46 1.47 0.000123015
1.47 1.48 0.000131326
1.48 1.49 0.000139965
1.49 1.5 0.000148932
1.5 1.51 0.000158226
1.51 1.52 0.000167846
1.52 1.53 0.000177789
1.53 1.54 0.000188054
1.54 1.55 0.000198637
1.55 1.56 0.000209535
1.56 1.57 0.000220743
1.57 1.58 0.000232258
1.58 1.59 0.000244075
1.59 1.6 0.000256189
1.6 1.61 0.000268594
1.61 1.62 0.000281284
1.62 1.63 0.000294253
1.63 1.64 0.000307495
1.64 1.65 0.000321004
1.65 1.66 0.000334771
1.66 1.67 0.000348791
1.67 1.68 0.000363055
1.68 1.69 0.000377556
1.69 1.7 0.000392286
1.7 1.71 0.000407238
1.71 1.72 0.000422403
1.72 1.73 0.000437773
1.73 1.74 0.00045334
1.74 1.75 0.000469095
1.75 1.76 0.000485032
1.76 1.77 0.00050114
1.77 1.78 0.000517412
1.78 1.79 0.000533839
1.79 1.8 0.000550413
1.8 1.81 0.000567127
1.81 1.82 0.00058397
1.82 1.83 0.000600935
1.83 1.84 0.000618014
1.84 1.85 0.00051069
1.85 1.86 0.000526035
1.86 1.87 0.000541495
1.87 1.88 0.000557064
1.88 1.89 0.000572734
1.89 1.9 0.000588497
1.9 1.91 0.000604346
1.91 1.92 0.000620274
1.92 1.93 0.000636275
1.93 1.94 0.00065234
1.94 1.95 0.000668463
1.95 1.96 0.000684638
1.96 1.97 0.000700856
1.97 1.98 0.000717113
1.98 1.99 0.000733401
1.99 2 0.000749714
2 2.01 0.000766046
2.01 2.02 0.000782391
2.02 2.03 0.000798743
2.03 2.04 0.000815096
2.04 2.05 0.000831445
2.05 2.06 0.000847784
2.06 2.07 0.000864108
2.07 2.08 0.000880411
2.08 2.09 0.000896689
2.09 2.1 0.000912937
2.1 2.11 0.00092915
2.11 2.12 0.000945324
2.12 2.13 0.000961453
2.13 2.14 0.000977534
2.14 2.15 0.000993563
2.15 2.16 0.00100953
2.16 2.17 0.00102545
2.17 2.18 0.00104129
2.18 2.19 0.00105707
2.19 2.2 0.00107278
2.2 2.21 0.00108842
2.21 2.22 0.00110397
2.22 2.23 0.00111945
2.23 2.24 0.00113484
2.24 2.25 0.00115014
2.25 2.26 0.00116536
2.26 2.27 0.00118048
2.27 2.28 0.00119551
2.28 2.29 0.00121045
2.29 2.3 0.00122528
2.3 2.31 0.00124002
2.31 2.32 0.00125465
2.32 2.33 0.00126917
2.33 2.34 0.00128359
2.34 2.35 0.0012979
2.35 2.36 0.0013121
2.36 2.37 0.00132619
2.37 2.38 0.00134017
2.38 2.39 0.00135403
2.39 2.4 0.00136778
2.4 2.41 0.00138141
2.41 2.42 0.00139493
2.42 2.43 0.00140832
2.43 2.44 0.0014216
2.44 2.45 0.00143476
2.45 2.46 0.00144779
2.46 2.47 0.00146071
2.47 2.48 0.00136486
2.48 2.49 0.00136588
2.49 2.5 0.00137886
2.5 2.51 0.00139171
2.51 2.52 0.00140443
2.52 2.53 0.00141703
2.53 2.54 0.0014295
2.54 2.55 0.00144185
2.55 2.56 0.00145407
2.56 2.57 0.00146616
2.57 2.58 0.00147813
2.58 2.59 0.00148996
2.59 2.6 0.00150167
2.6 2.61 0.00151326
2.61 2.62 0.00152471
2.62 2.63 0.00153604
2.63 2.64 0.00154724
2.64 2.65 0.00155831
2.65 2.66 0.00156925
2.66 2.67 0.00158007
2.67 2.68 0.00159076
2.68 2.69 0.00160132
2.69 2.7 0.00161176
2.7 2.71 0.00162207
2.71 2.72 0.00163225
2.72 2.73 0.00164231
2.73 2.74 0.00165224
2.74 2.75 0.00166205
2.75 2.76 0.00167174
2.76 2.77 0.0016813
2.77 2.78 0.00169075
2.78 2.79 0.00170007
2.79 2.8 0.00170926
2.8 2.81 0.00171834
2.81 2.82 0.0017273
2.82 2.83 0.00173614
2.83 2.84 0.00174486
2.84 2.85 0.00175346
2.85 2.86 0.00176195
2.86 2.87 0.00177032
2.87 2.88 0.00177857
2.88 2.89 0.00178671
2.89 2.9 0.00179474
2.9 2.91 0.00180265
2.91 2.92 0.00181045
2.92 2.93 0.00181814
2.93 2.94 0.00182572
2.94 2.95 0.0018332
2.95 2.96 0.00184056
2.96 2.97 0.00184781
2.97 2.98 0.00185496
2.98 2.99 0.001862
2.99 3 0.00186894
3 3.01 0.00187578
3.01 3.02 0.00188251
3.02 3.03 0.00188914
3.03 3.04 0.00189566
3.04 3.05 0.00190209
3.05 3.06 0.00190842
3.06 3.07 0.00191465
3.07 3.08 0.00192078
3.08 3.09 0.00192682
3.09 3.1 0.00193276
3.1 3.11 0.00193861
3.11 3.12 0.00194436
3.12 3.13 0.00195002
3.13 3.14 0.00195559
3.14 3.15 0.00196106
3.15 3.16 0.00196645
3.16 3.17 0.00197175
3.17 3.18 0.00197696
3.18 3.19 0.00198208
3.19 3.2 0.00198712
3.2 3.21 0.00199207
3.21 3.22 0.00197344
3.22 3.23 0.00197838
3.23 3.24 0.00198324
3.24 3.25 0.00198802
3.25 3.26 0.00199272
3.26 3.27 0.00199734
3.27 3.28 0.00200188
3.28 3.29 0.00200634
3.29 3.3 0.00201072
3.3 3.31 0.00201502
3.31 3.32 0.00201925
3.32 3.33 0.00202341
3.33 3.34 0.00202749
3.34 3.35 0.00203149
3.35 3.36 0.00203542
3.36 3.37 0.00203928
3.37 3.38 0.00204307
3.38 3.39 0.00204679
3.39 3.4 0.00205044
3.4 3.41 0.00205402
3.41 3.42 0.00205753
3.42 3.43 0.00206098
3.43 3.44 0.00206436
3.44 3.45 0.00206767
3.45 3.46 0.00207092
3.46 3.47 0.0020741
3.47 3.48 0.00207722
3.48 3.49 0.00208028
3.49 3.5 0.00208328
3.5 3.51 0.00208621
3.51 3.52 0.00208909
3.52 3.53 0.0020919
3.53 3.54 0.00209466
3.54 3.55 0.00209736
3.55 3.56 0.0021
3.56 3.57 0.00210259
3.57 3.58 0.00210511
3.58 3.59 0.00210759
3.59 3.6 0.00211001
3.6 3.61 0.00211237
3.61 3.62 0.00211468
3.62 3.63 0.00211694
3.63 3.64 0.00211915
3.64 3.65 0.0021213
3.65 3.66 0.00212341
3.66 3.67 0.00212546
3.67 3.68 0.00212747
3.68 3.69 0.00212942
3.69 3.7 0.00213133
3.7 3.71 0.00213319
3.71 3.72 0.00213501
3.72 3.73 0.00213677
3.73 3.74 0.00213849
3.74 3.75 0.00214017
3.75 3.76 0.0021418
3.76 3.77 0.00214339
3.77 3.78 0.00214493
3.78 3.79 0.00214643
3.79 3.8 0.00214789
3.8 3.81 0.00214931
3.81 3.82 0.00215068
3.82 3.83 0.00215202
3.83 3.84 0.00215331
3.84 3.85 0.00215456
3.85 3.86 0.00215578
3.86 3.87 0.00215696
3.87 3.88 0.00215809
3.88 3.89 0.0021592
3.89 3.9 0.00216026
3.9 3.91 0.00216129
3.91 3.92 0.00216228
3.92 3.93 0.00216323
3.93 3.94 0.00216415
3.94 3.95 0.00216503
3.95 3.96 0.00216588
3.96 3.97 0.0021667
3.97 3.98 0.00216748
3.98 3.99 0.00216823
3.99 4 0.00216895
4 4.01 0.00216963
4.01 4.02 0.00217029
4.02 4.03 0.00217091
4.03 4.04 0.00216913
4.04 4.05 0.00216037
4.05 4.06 0.00216119
4.06 4.07 0.00216197
4.07 4.08 0.00216272
4.08 4.09 0.00216344
4.09 4.1 0.00216412
4.1 4.11 0.00216477
4.11 4.12 0.0021654
4.12 4.13 0.00216599
4.13 4.14 0.00216655
4.14 4.15 0.00216708
4.15 4.16 0.00216758
4.16 4.17 0.00216805
4.17 4.18 0.00216849
4.18 4.19 0.00216891
4.19 4.2 0.0021693
4.2 4.21 0.00216965
4.21 4.22 0.00216999
4.22 4.23 0.00217029
4.23 4.24 0.00217057
4.24 4.25 0.00217082
4.25 4.26 0.00217105
4.26 4.27 0.00217125
4.27 4.28 0.00217142
4.28 4.29 0.00217158
4.29 4.3 0.0021717
4.3 4.31 0.0021718
4.31 4.32 0.00217188
4.32 4.33 0.00217194
4.33 4.34 0.00217197
4.34 4.35 0.00217198
4.35 4.36 0.00217197
4.36 4.37 0.00217193
4.37 4.38 0.00217187
4.38 4.39 0.0021718
4.39 4.4 0.00217169
4.4 4.41 0.00217157
4.41 4.42 0.00217143
4.42 4.43 0.00217127
4.43 4.44 0.00217108
4.44 4.45 0.00217088
4.45 4.46 0.00217066
4.46 4.47 0.00217042
4.47 4.48 0.00217016
4.48 4.49 0.00216988
4.49 4.5 0.00216958
4.5 4.51 0.00216927
4.51 4.52 0.00216893
4.52 4.53 0.00216858
4.53 4.54 0.00216821
4.54 4.55 0.00216782
4.55 4.56 0.00216742
4.56 4.57 0.002167
4.57 4.58 0.00216657
4.58 4.59 0.00216611
4.59 4.6 0.00216564
4.6 4.61 0.00216516
4.61 4.62 0.00216466
4.62 4.63 0.00216414
4.63 4.64 0.00216361
4.64 4.65 0.00216307
4.65 4.66 0.00216251
4.66 4.67 0.00216193
4.67 4.68 0.00216135
4.68 4.69 0.00216074
4.69 4.7 0.00216013
4.7 4.71 0.0021595
4.71 4.72 0.00215886
4.72 4.73 0.0021582
4.73 4.74 0.00215754
4.74 4.75 0.00215686
4.75 4.76 0.00215617
4.76 4.77 0.00215546
4.77 4.78 0.00215475
4.78 4.79 0.00215402
4.79 4.8 0.00215329
4.8 4.81 0.00215254
4.81 4.82 0.00215178
4.82 4.83 0.00215101
4.83 4.84 0.00215023
4.84 4.85 0.00214945
4.85 4.86 0.00214865
4.86 4.87 0.00214784
4.87 4.88 0.00214703
4.88 4.89 0.00214621
4.89 4.9 0.00214538
4.9 4.91 0.00214454
4.91 4.92 0.0021437
4.92 4.93 0.00214285
4.93 4.94 0.002142
4.94 4.95 0.00214114
4.95 4.96 0.00214028
4.96 4.97 0.00213942
4.97 4.98 0.00213855
4.98 4.99 0.00213768
4.99 5 0.00213681
5 5.01 0.00213594
5.01 5.02 0.00213507
5.02 5.03 0.0021342
5.03 5.04 0.00213334
5.04 5.05 0.00213248
5.05 5.06 0.00213163
5.06 5.07 0.00213078
5.07 5.08 0.00212994
5.08 5.09 0.00212911
5.09 5.1 0.0021283
5.1 5.11 0.0021275
5.11 5.12 0.00212671
5.12 5.13 0.00212594
5.13 5.14 0.00212519
5.14 5.15 0.00212446
5.15 5.16 0.00212376
5.16 5.17 0.00212309
5.17 5.18 0.00212244
5.18 5.19 0.00212183
5.19 5.2 0.00212125
5.2 5.21 0.00212072
5.21 5.22 0.00212023
5.22 5.23 0.00211978
5.23 5.24 0.00211939
5.24 5.25 0.00211905
5.25 5.26 0.00211878
5.26 5.27 0.00211856
5.27 5.28 0.00211842
5.28 5.29 0.00211836
5.29 5.3 0.00211837
5.3 5.31 0.00211846
5.31 5.32 0.00211865
5.32 5.33 0.00211894
5.33 5.34 0.00211933
5.34 5.35 0.00211984
5.35 5.36 0.00212046
5.36 5.37 0.00212121
5.37 5.38 0.00212208
5.38 5.39 0.00212311
5.39 5.4 0.00212428
5.4 5.41 0.0021256
5.41 5.42 0.00212709
5.42 5.43 0.00212876
5.43 5.44 0.00213061
5.44 5.45 0.00213265
5.45 5.46 0.00213489
5.46 5.47 0.00213734
5.47 5.48 0.00214002
5.48 5.49 0.00214292
5.49 5.5 0.00214606
5.5 5.51 0.00214946
5.51 5.52 0.00215311
5.52 5.53 0.00215703
5.53 5.54 0.00216123
5.54 5.55 0.00216573
5.55 5.56 0.00217052
5.56 5.57 0.00217562
5.57 5.58 0.00218103
5.58 5.59 0.00218678
5.59 5.6 0.00219286
5.6 5.61 0.00219929
5.61 5.62 0.00220607
5.62 5.63 0.00221322
5.63 5.64 0.00222072
5.64 5.65 0.00222861
5.65 5.66 0.00223688
5.66 5.67 0.00224554
5.67 5.68 0.0022546
5.68 5.69 0.00226404
5.69 5.7 0.00227389
5.7 5.71 0.00228415
5.71 5.72 0.00229481
5.72 5.73 0.00230588
5.73 5.74 0.00231735
5.74 5.75 0.00232923
5.75 5.76 0.00234151
5.76 5.77 0.0023542
5.77 5.78 0.00236728
5.78 5.79 0.00238075
5.79 5.8 0.0023946
5.8 5.81 0.00240884
5.81 5.82 0.00242343
5.82 5.83 0.00243838
5.83 5.84 0.00245367
5.84 5.85 0.00246929
5.85 5.86 0.00248523
5.86 5.87 0.00250145
5.87 5.88 0.00251797
5.88 5.89 0.00253474
5.89 5.9 0.00255175
5.9 5.91 0.00256898
5.91 5.92 0.0025864
5.92 5.93 0.002604
5.93 5.94 0.00262173
5.94 5.95 0.00263959
5.95 5.96 0.00265753
5.96 5.97 0.00267553
5.97 5.98 0.00269356
5.98 5.99 0.00271159
5.99 6 0.00272958
6 6.01 0.0027475
6.01 6.02 0.00276532
6.02 6.03 0.00278301
6.03 6.04 0.00280052
6.04 6.05 0.00281782
6.05 6.06 0.00283488
6.06 6.07 0.00285167
6.07 6.08 0.00286813
6.08 6.09 0.00288424
6.09 6.1 0.00289997
6.1 6.11 0.00291527
6.11 6.12 0.00293011
6.12 6.13 0.00294446
6.13 6.14 0.00295827
6.14 6.15 0.00297153
6.15 6.16 0.00298419
6.16 6.17 0.00299622
6.17 6.18 0.0030076
6.18 6.19 0.00301829
6.19 6.2 0.00302826
6.2 6.21 0.00303749
6.21 6.22 0.00304596
6.22 6.23 0.00305363
6.23 6.24 0.0030605
6.24 6.25 0.00306653
6.25 6.26 0.00307171
6.26 6.27 0.00307603
6.27 6.28 0.00307947
6.28 6.29 0.00308202
6.29 6.3 0.00308367
6.3 6.31 0.00308441
6.31 6.32 0.00308423
6.32 6.33 0.00308314
6.33 6.34 0.00308114
6.34 6.35 0.00307822
6.35 6.36 0.00307439
6.36 6.37 0.00306965
6.37 6.38 0.00306402
6.38 6.39 0.0030575
6.39 6.4 0.00305011
6.4 6.41 0.00304185
6.41 6.42 0.00303276
6.42 6.43 0.00302284
6.43 6.44 0.00301212
6.44 6.45 0.00300063
6.45 6.46 0.00298837
6.46 6.47 0.00297538
6.47 6.48 0.00296169
6.48 6.49 0.00294733
6.49 6.5 0.00293231
6.5 6.51 0.00291669
6.51 6.52 0.00290048
6.52 6.53 0.00288373
6.53 6.54 0.00286646
6.54 6.55 0.00284871
6.55 6.56 0.00283052
6.56 6.57 0.00281192
6.57 6.58 0.00279294
6.58 6.59 0.00277362
6.59 6.6 0.00275401
6.6 6.61 0.00273413
6.61 6.62 0.00271403
6.62 6.63 0.00269373
6.63 6.64 0.00267327
6.64 6.65 0.0026527
6.65 6.66 0.00263203
6.66 6.67 0.00261131
6.67 6.68 0.00259057
6.68 6.69 0.00256984
6.69 6.7 0.00254916
6.7 6.71 0.00252854
6.71 6.72 0.00250802
6.72 6.73 0.00248764
6.73 6.74 0.00246741
6.74 6.75 0.00244736
6.75 6.76 0.00242752
6.76 6.77 0.0024079
6.77 6.78 0.00238854
6.78 6.79 0.00236944
6.79 6.8 0.00235063
6.8 6.81 0.00233213
6.81 6.82 0.00231395
6.82 6.83 0.00229611
6.83 6.84 0.00227861
6.84 6.85 0.00226148
6.85 6.86 0.00224472
6.86 6.87 0.00222833
6.87 6.88 0.00221234
6.88 6.89 0.00219674
6.89 6.9 0.00218154
6.9 6.91 0.00216675
6.91 6.92 0.00215237
6.92 6.93 0.00213839
6.93 6.94 0.00212482
6.94 6.95 0.00211166
6.95 6.96 0.00209891
6.96 6.97 0.00208657
6.97 6.98 0.00207463
6.98 6.99 0.00206308
6.99 7 0.00205194
7 7.01 0.00204118
7.01 7.02 0.00203081
7.02 7.03 0.00202081
7.03 7.04 0.00201118
7.04 7.05 0.00200192
7.05 7.06 0.00199301
7.06 7.07 0.00198444
7.07 7.08 0.00197621
7.08 7.09 0.00196831
7.09 7.1 0.00196073
7.1 7.11 0.00195346
7.11 7.12 0.00186888
7.12 7.13 0.00185417
7.13 7.14 0.00184835
7.14 7.15 0.00184279
7.15 7.16 0.00183748
7.16 7.17 0.0018324
7.17 7.18 0.00182755
7.18 7.19 0.00182291
7.19 7.2 0.00181849
7.2 7.21 0.00181427
7.21 7.22 0.00181024
7.22 7.23 0.00180639
7.23 7.24 0.00180271
7.24 7.25 0.00179921
7.25 7.26 0.00179586
7.26 7.27 0.00179266
7.27 7.28 0.0017896
7.28 7.29 0.00178668
7.29 7.3 0.00178389
7.3 7.31 0.00178122
7.31 7.32 0.00177866
7.32 7.33 0.00177622
7.33 7.34 0.00177387
7.34 7.35 0.00177162
7.35 7.36 0.00176946
7.36 7.37 0.00176738
7.37 7.38 0.00176539
7.38 7.39 0.00176347
7.39 7.4 0.00176161
7.4 7.41 0.00175983
7.41 7.42 0.00175811
7.42 7.43 0.00175644
7.43 7.44 0.00175482
7.44 7.45 0.00175326
7.45 7.46 0.00175174
7.46 7.47 0.00175027
7.47 7.48 0.00174883
7.48 7.49 0.00174743
7.49 7.5 0.00174607
7.5 7.51 0.00174474
7.51 7.52 0.00174344
7.52 7.53 0.00174216
7.53 7.54 0.00174091
7.54 7.55 0.00173968
7.55 7.56 0.00173848
7.56 7.57 0.00173729
7.57 7.58 0.00173612
7.58 7.59 0.00173497
7.59 7.6 0.00173384
7.6 7.61 0.00173271
7.61 7.62 0.0017316
7.62 7.63 0.0017305
7.63 7.64 0.00172942
7.64 7.65 0.00172834
7.65 7.66 0.00172727
7.66 7.67 0.00172621
7.67 7.68 0.00172516
7.68 7.69 0.00172411
7.69 7.7 0.00172307
7.7 7.71 0.00172204
7.71 7.72 0.00172101
7.72 7.73 0.00171998
7.73 7.74 0.00171897
7.74 7.75 0.00171795
7.75 7.76 0.00171694
7.76 7.77 0.00171593
7.77 7.78 0.00171492
7.78 7.79 0.00171392
7.79 7.8 0.00171291
7.8 7.81 0.00171192
7.81 7.82 0.00171092
7.82 7.83 0.00170992
7.83 7.84 0.00170893
7.84 7.85 0.00170794
7.85 7.86 0.00170695
7.86 7.87 0.00170596
7.87 7.88 0.00170497
7.88 7.89 0.00170398
7.89 7.9 0.001703
7.9 7.91 0.00170201
7.91 7.92 0.00170103
7.92 7.93 0.00170004
7.93 7.94 0.00169906
7.94 7.95 0.00169808
7.95 7.96 0.0016971
7.96 7.97 0.00169611
7.97 7.98 0.00169514
7.98 7.99 0.00169416
7.99 8 0.00169318
8 8.01 0.0016922
8.01 8.02 0.00169122
8.02 8.03 0.00169024
8.03 8.04 0.00168927
8.04 8.05 0.00168829
8.05 8.06 0.00168732
8.06 8.07 0.00168634
8.07 8.08 0.00168537
8.08 8.09 0.00168439
8.09 8.1 0.00168342
8.1 8.11 0.00168245
8.11 8.12 0.00168147
8.12 8.13 0.0016805
8.13 8.14 0.00167953
8.14 8.15 0.00167856
8.15 8.16 0.00167759
8.16 8.17 0.00167661
8.17 8.18 0.00167564
8.18 8.19 0.00167468
8.19 8.2 0.00167371
8.2 8.21 0.00167274
8.21 8.22 0.00167177
8.22 8.23 0.0016708
8.23 8.24 0.00166984
8.24 8.25 0.00166887
8.25 8.26 0.00166791
8.26 8.27 0.00166694
8.27 8.28 0.00166597
8.28 8.29 0.00166501
8.29 8.3 0.00166405
8.3 8.31 0.00166308
8.31 8.32 0.00166212
8.32 8.33 0.00166116
8.33 8.34 0.00165756
8.34 8.35 0.00165633
8.35 8.36 0.00165539
8.36 8.37 0.00165444
8.37 8.38 0.0016535
8.38 8.39 0.00165256
8.39 8.4 0.00165162
8.4 8.41 0.00165069
8.41 8.42 0.00164975
8.42 8.43 0.00164881
8.43 8.44 0.00164787
8.44 8.45 0.00164693
8.45 8.46 0.001646
8.46 8.47 0.00164506
8.47 8.48 0.00164413
8.48 8.49 0.00164319
8.49 8.5 0.00164226
8.5 8.51 0.00164132
8.51 8.52 0.00164039
8.52 8.53 0.00163946
8.53 8.54 0.00163852
8.54 8.55 0.00163759
8.55 8.56 0.00163666
8.56 8.57 0.00163573
8.57 8.58 0.0016348
8.58 8.59 0.00163387
8.59 8.6 0.00163294
8.6 8.61 0.00163201
8.61 8.62 0.00163108
8.62 8.63 0.00163016
8.63 8.64 0.00162923
8.64 8.65 0.0016283
8.65 8.66 0.00162738
8.66 8.67 0.00162645
8.67 8.68 0.00162553
8.68 8.69 0.0016246
8.69 8.7 0.00162368
8.7 8.71 0.00162276
8.71 8.72 0.00162184
8.72 8.73 0.00162092
8.73 8.74 0.00162
8.74 8.75 0.00161908
8.75 8.76 0.00161816
8.76 8.77 0.00161724
8.77 8.78 0.00161632
8.78 8.79 0.0016154
8.79 8.8 0.00161448
8.8 8.81 0.00161357
8.81 8.82 0.00161265
8.82 8.83 0.00161174
8.83 8.84 0.00161082
8.84 8.85 0.00160991
8.85 8.86 0.001609
8.86 8.87 0.00160808
8.87 8.88 0.00160717
8.88 8.89 0.00160626
8.89 8.9 0.00160535
8.9 8.91 0.00160444
8.91 8.92 0.00160353
8.92 8.93 0.00160263
8.93 8.94 0.00160172
8.94 8.95 0.00160081
8.95 8.96 0.00159991
8.96 8.97 0.001599
8.97 8.98 0.0015981
8.98 8.99 0.00159719
8.99 9 0.00159629
9 9.01 0.00159539
9.01 9.02 0.00159448
9.02 9.03 0.00159358
9.03 9.04 0.00159268
9.04 9.05 0.00159178
9.05 9.06 0.00159088
9.06 9.07 0.00158998
9.07 9.08 0.00158909
9.08 9.09 0.00158819
9.09 9.1 0.00158729
9.1 9.11 0.0015864
9.11 9.12 0.0015855
9.12 9.13 0.00158461
9.13 9.14 0.00158372
9.14 9.15 0.00158282
9.15 9.16 0.00158193
9.16 9.17 0.00158104
9.17 9.18 0.00158015
9.18 9.19 0.00157926
9.19 9.2 0.00157837
9.2 9.21 0.00157748
9.21 9.22 0.0015766
9.22 9.23 0.00157571
9.23 9.24 0.00157482
9.24 9.25 0.00157394
9.25 9.26 0.00157305
9.26 9.27 0.00157217
9.27 9.28 0.00157129
9.28 9.29 0.00157041
9.29 9.3 0.00156953
9.3 9.31 0.00156864
9.31 9.32 0.00156777
9.32 9.33 0.00156689
9.33 9.34 0.00156601
9.34 9.35 0.00156513
9.35 9.36 0.00156425
9.36 9.37 0.00156338
9.37 9.38 0.0015625
9.38 9.39 0.00156163
9.39 9.4 0.00156075
9.4 9.41 0.00155988
9.41 9.42 0.00155901
9.42 9.43 0.00155814
9.43 9.44 0.00155727
9.44 9.45 0.0015564
9.45 9.46 0.00155553
9.46 9.47 0.00155466
9.47 9.48 0.00155379
9.48 9.49 0.00155293
9.49 9.5 0.00155206
9.5 9.51 0.0015512
9.51 9.52 0.00155033
9.52 9.53 0.00154947
9.53 9.54 0.00154861
9.54 9.55 0.00154774
9.55 9.56 0.00154688
9.56 9.57 0.00154602
9.57 9.58 0.00154516
9.58 9.59 0.00154431
9.59 9.6 0.00154345
9.6 9.61 0.00154259
9.61 9.62 0.00154173
9.62 9.63 0.00154088
9.63 9.64 0.00154002
9.64 9.65 0.00153917
9.65 9.66 0.00153832
9.66 9.67 0.00153747
9.67 9.68 0.00153661
9.68 9.69 0.00153576
9.69 9.7 0.00153491
9.7 9.71 0.00153406
9.71 9.72 0.00153322
9.72 9.73 0.00153237
9.73 9.74 0.00153152
9.74 9.75 0.00153068
9.75 9.76 0.00152983
9.76 9.77 0.00152899
9.77 9.78 0.00152814
9.78 9.79 0.0015273
9.79 9.8 0.00152646
9.8 9.81 0.00152562
9.81 9.82 0.00152478
9.82 9.83 0.00152394
9.83 9.84 0.0015231
9.84 9.85 0.00152226
9.85 9.86 0.00152143
9.86 9.87 0.00152059
9.87 9.88 0.00151975
9.88 9.89 0.00151892
9.89 9.9 0.00151809
9.9 9.91 0.00151725
9.91 9.92 0.00151642
9.92 9.93 0.00151559
9.93 9.94 0.00151476
9.94 9.95 0.00151393
9.95 9.96 0.0015131
9.96 9.97 0.00151227
9.97 9.98 0.00151145
9.98 9.99 0.00151062
9.99 10 0.0015098
10 10.01 0.00150898
10.01 10.02 0.00150817
10.02 10.03 0.00150736
10.03 10.04 0.00150656
10.04 10.05 0.00150575
10.05 10.06 0.00150495
10.06 10.07 0.00150414
10.07 10.08 0.00150334
10.08 10.09 0.00150253
10.09 10.1 0.00150173
10.1 10.11 0.00150093
10.11 10.12 0.00150013
10.12 10.13 0.00149933
10.13 10.14 0.00149853
10.14 10.15 0.00149773
10.15 10.16 0.00149693
10.16 10.17 0.00149613
10.17 10.18 0.00149534
10.18 10.19 0.00149454
10.19 10.2 0.00149375
10.2 10.21 0.00149295
10.21 10.22 0.00149216
10.22 10.23 0.00149136
10.23 10.24 0.00149057
10.24 10.25 0.00148978
10.25 10.26 0.00148899
10.26 10.27 0.0014882
10.27 10.28 0.00148741
10.28 10.29 0.00148662
10.29 10.3 0.00148583
10.3 10.31 0.00148504
10.31 10.32 0.00148426
10.32 10.33 0.00148347
10.33 10.34 0.00148269
10.34 10.35 0.0014819
10.35 10.36 0.00148112
10.36 10.37 0.00148034
10.37 10.38 0.00147955
10.38 10.39 0.00147877
10.39 10.4 0.00147799
10.4 10.41 0.00147721
10.41 10.42 0.00147643
10.42 10.43 0.00147565
10.43 10.44 0.00147488
10.44 10.45 0.0014741
10.45 10.46 0.00147332
10.46 10.47 0.00147255
10.47 10.48 0.00147177
10.48 10.49 0.001471
10.49 10.5 0.00147022
10.5 10.51 0.00146945
10.51 10.52 0.00146868
10.52 10.53 0.00146791
10.53 10.54 0.00146714
10.54 10.55 0.00146637
10.55 10.56 0.0014656
10.56 10.57 0.00146483
10.57 10.58 0.00146406
10.58 10.59 0.0014633
10.59 10.6 0.00146253
10.6 10.61 0.00146176
10.61 10.62 0.001461
10.62 10.63 0.00146023
10.63 10.64 0.00145947
10.64 10.65 0.00145871
10.65 10.66 0.00145795
10.66 10.67 0.00145719
10.67 10.68 0.00145643
10.68 10.69 0.00145567
10.69 10.7 0.00145491
10.7 10.71 0.00145415
10.71 10.72 0.00145339
10.72 10.73 0.00145264
10.73 10.74 0.00145188
10.74 10.75 0.00145112
10.75 10.76 0.00145037
10.76 10.77 0.00144962
10.77 10.78 0.00144886
10.78 10.79 0.00144811
10.79 10.8 0.00144736
10.8 10.81 0.00144661
10.81 10.82 0.00144586
10.82 10.83 0.00144511
10.83 10.84 0.00144436
10.84 10.85 0.00144361
10.85 10.86 0.00144287
10.86 10.87 0.00144212
10.87 10.88 0.00144137
10.88 10.89 0.00144063
10.89 10.9 0.00143989
10.9 10.91 0.00143914
10.91 10.92 0.0014384
10.92 10.93 0.00143766
10.93 10.94 0.00143692
10.94 10.95 0.00143618
10.95 10.96 0.00143544
10.96 10.97 0.0014347
10.97 10.98 0.00143396
10.98 10.99 0.00143322
10.99 11 0.00143249
