      1   0.000000000000000E+00   8.523157598495483E-11   1.517883776873350E-12
      2   9.999999999999999E-02   9.909976536273956E-11   1.645050115324557E-12
      3   2.000000000000000E-01   8.983210886240005E-11   1.560940811503678E-12
      4   3.000000000000000E-01   1.000701589703560E-10   1.650280674397945E-12
      5   4.000000000000000E-01   1.175520377922058E-10   1.785606289282441E-12
      6   4.999999999999999E-01   1.331637991166115E-10   1.903700338788330E-12
      7   6.000000000000000E-01   1.261772257089615E-10   1.849954931698739E-12
      8   7.000000000000000E-01   1.070280456352234E-10   1.712503456883132E-12
      9   7.999999999999999E-01   8.167270305871963E-11   1.490884366445243E-12
     10   8.999999999999999E-01   8.157257341980934E-11   1.495046763662249E-12
