   1.20444      0.110992      0.113422E-02  0.243958E-04   0.00000      0.102213E-01  0.616088       0.00000    
   1.21335      0.109381      0.111821E-02  0.241835E-04   0.00000      0.102255E-01  0.619472       0.00000    
   1.22233      0.107791      0.110244E-02  0.239749E-04   0.00000      0.102299E-01  0.622914       0.00000    
   1.23137      0.106228      0.108693E-02  0.237705E-04   0.00000      0.102345E-01  0.626413       0.00000    
   1.24048      0.104686      0.107162E-02  0.235711E-04   0.00000      0.102390E-01  0.630031       0.00000    
   1.24966      0.103168      0.105657E-02  0.233785E-04   0.00000      0.102437E-01  0.633786       0.00000    
   1.25891      0.101669      0.104171E-02  0.231917E-04   0.00000      0.102486E-01  0.637689       0.00000    
   1.26822      0.100192      0.102708E-02  0.230118E-04   0.00000      0.102536E-01  0.641752       0.00000    
   1.27760      0.987380E-01  0.101266E-02  0.228366E-04   0.00000      0.102586E-01  0.645934       0.00000    
   1.28706      0.973040E-01  0.998425E-03  0.226668E-04   0.00000      0.102635E-01  0.650268       0.00000    
   1.29658      0.958937E-01  0.984407E-03  0.225099E-04   0.00000      0.102683E-01  0.654961       0.00000    
   1.30617      0.945042E-01  0.970561E-03  0.223670E-04   0.00000      0.102728E-01  0.660086       0.00000    
   1.31583      0.931347E-01  0.956883E-03  0.222342E-04   0.00000      0.102770E-01  0.665545       0.00000    
   1.32557      0.917840E-01  0.943373E-03  0.221051E-04   0.00000      0.102810E-01  0.671154       0.00000    
   1.33538      0.904529E-01  0.930066E-03  0.219715E-04   0.00000      0.102852E-01  0.676640       0.00000    
   1.34526      0.891396E-01  0.916959E-03  0.218336E-04   0.00000      0.102897E-01  0.682002       0.00000    
   1.35521      0.878484E-01  0.904097E-03  0.216952E-04   0.00000      0.102945E-01  0.687317       0.00000    
   1.36524      0.865745E-01  0.891431E-03  0.215511E-04   0.00000      0.102997E-01  0.692452       0.00000    
   1.37534      0.853225E-01  0.879013E-03  0.214020E-04   0.00000      0.103053E-01  0.697376       0.00000    
   1.38551      0.840884E-01  0.866804E-03  0.212534E-04   0.00000      0.103113E-01  0.702284       0.00000    
   1.39576      0.828713E-01  0.854780E-03  0.211060E-04   0.00000      0.103177E-01  0.707224       0.00000    
   1.40609      0.816707E-01  0.842925E-03  0.209601E-04   0.00000      0.103242E-01  0.712208       0.00000    
   1.41649      0.804875E-01  0.831243E-03  0.208187E-04   0.00000      0.103308E-01  0.717345       0.00000    
   1.42697      0.793210E-01  0.819707E-03  0.206836E-04   0.00000      0.103373E-01  0.722716       0.00000    
   1.43753      0.781736E-01  0.808353E-03  0.205472E-04   0.00000      0.103438E-01  0.728032       0.00000    
   1.44817      0.770441E-01  0.797194E-03  0.204045E-04   0.00000      0.103506E-01  0.733095       0.00000    
   1.45888      0.759315E-01  0.786205E-03  0.202645E-04   0.00000      0.103576E-01  0.738239       0.00000    
   1.46968      0.748340E-01  0.775369E-03  0.201307E-04   0.00000      0.103647E-01  0.743610       0.00000    
   1.48055      0.737516E-01  0.764699E-03  0.199989E-04   0.00000      0.103721E-01  0.749048       0.00000    
   1.49150      0.726831E-01  0.754164E-03  0.198667E-04   0.00000      0.103797E-01  0.754488       0.00000    
   1.50254      0.716329E-01  0.743793E-03  0.197352E-04   0.00000      0.103871E-01  0.759940       0.00000    
   1.51366      0.705990E-01  0.733591E-03  0.196089E-04   0.00000      0.103947E-01  0.765575       0.00000    
   1.52486      0.695801E-01  0.723545E-03  0.194901E-04   0.00000      0.104025E-01  0.771501       0.00000    
   1.53614      0.685765E-01  0.713634E-03  0.193741E-04   0.00000      0.104102E-01  0.777555       0.00000    
   1.54750      0.675861E-01  0.703874E-03  0.192527E-04   0.00000      0.104184E-01  0.783396       0.00000    
   1.55895      0.666096E-01  0.694282E-03  0.191258E-04   0.00000      0.104271E-01  0.788980       0.00000    
   1.57049      0.656466E-01  0.684791E-03  0.190031E-04   0.00000      0.104355E-01  0.794781       0.00000    
   1.58211      0.647003E-01  0.675451E-03  0.188902E-04   0.00000      0.104438E-01  0.800981       0.00000    
   1.59381      0.637679E-01  0.666273E-03  0.187815E-04   0.00000      0.104526E-01  0.807340       0.00000    
   1.60560      0.628500E-01  0.657235E-03  0.186768E-04   0.00000      0.104614E-01  0.813876       0.00000    
   1.61748      0.619440E-01  0.648325E-03  0.185805E-04   0.00000      0.104706E-01  0.820803       0.00000    
   1.62945      0.610498E-01  0.639558E-03  0.184893E-04   0.00000      0.104804E-01  0.827966       0.00000    
   1.64151      0.601693E-01  0.630923E-03  0.183997E-04   0.00000      0.104903E-01  0.835223       0.00000    
   1.65365      0.593025E-01  0.622411E-03  0.183154E-04   0.00000      0.105001E-01  0.842763       0.00000    
   1.66588      0.584497E-01  0.614025E-03  0.182354E-04   0.00000      0.105098E-01  0.850540       0.00000    
   1.67821      0.576095E-01  0.605765E-03  0.181521E-04   0.00000      0.105197E-01  0.858193       0.00000    
   1.69063      0.567802E-01  0.597643E-03  0.180657E-04   0.00000      0.105304E-01  0.865710       0.00000    
   1.70313      0.559611E-01  0.589642E-03  0.179830E-04   0.00000      0.105415E-01  0.873434       0.00000    
   1.71574      0.551558E-01  0.581769E-03  0.179049E-04   0.00000      0.105527E-01  0.881406       0.00000    
   1.72843      0.543634E-01  0.574016E-03  0.178319E-04   0.00000      0.105640E-01  0.889665       0.00000    
   1.74122      0.535830E-01  0.566364E-03  0.177710E-04   0.00000      0.105750E-01  0.898602       0.00000    
   1.75410      0.528146E-01  0.558828E-03  0.177248E-04   0.00000      0.105863E-01  0.908345       0.00000    
   1.76708      0.520540E-01  0.551402E-03  0.176852E-04   0.00000      0.105983E-01  0.918512       0.00000    
   1.78015      0.513046E-01  0.544108E-03  0.176448E-04   0.00000      0.106110E-01  0.928694       0.00000    
   1.79332      0.505683E-01  0.536926E-03  0.176066E-04   0.00000      0.106235E-01  0.939073       0.00000    
   1.80659      0.498435E-01  0.529830E-03  0.175783E-04   0.00000      0.106357E-01  0.950112       0.00000    
   1.81996      0.491298E-01  0.522839E-03  0.175614E-04   0.00000      0.106480E-01  0.961877       0.00000    
   1.83342      0.484248E-01  0.515932E-03  0.175533E-04   0.00000      0.106605E-01  0.974300       0.00000    
   1.84699      0.477282E-01  0.509067E-03  0.175544E-04   0.00000      0.106723E-01  0.987488       0.00000    
   1.86065      0.470439E-01  0.502247E-03  0.175683E-04   0.00000      0.106827E-01   1.00168       0.00000    
   1.87442      0.463707E-01  0.495438E-03  0.176006E-04   0.00000      0.106910E-01   1.01730       0.00000    
   1.88829      0.457088E-01  0.488651E-03  0.176585E-04   0.00000      0.106975E-01   1.03481       0.00000    
   1.90226      0.450534E-01  0.481900E-03  0.177343E-04   0.00000      0.107034E-01   1.05379       0.00000    
   1.91633      0.444076E-01  0.475340E-03  0.177900E-04   0.00000      0.107115E-01   1.07167       0.00000    
   1.93051      0.437713E-01  0.469035E-03  0.177985E-04   0.00000      0.107233E-01   1.08658       0.00000    
   1.94479      0.431474E-01  0.462935E-03  0.177770E-04   0.00000      0.107371E-01   1.09956       0.00000    
   1.95918      0.425326E-01  0.456938E-03  0.177460E-04   0.00000      0.107514E-01   1.11204       0.00000    
   1.97368      0.419259E-01  0.451040E-03  0.177150E-04   0.00000      0.107663E-01   1.12459       0.00000    
   1.98828      0.413246E-01  0.445208E-03  0.176930E-04   0.00000      0.107819E-01   1.13790       0.00000    
   2.00299      0.407353E-01  0.439480E-03  0.176800E-04   0.00000      0.107974E-01   1.15186       0.00000    
   2.01781      0.401560E-01  0.433842E-03  0.176675E-04   0.00000      0.108129E-01   1.16599       0.00000    
   2.03274      0.395852E-01  0.428300E-03  0.176534E-04   0.00000      0.108289E-01   1.18012       0.00000    
   2.04778      0.390207E-01  0.422844E-03  0.176396E-04   0.00000      0.108458E-01   1.19440       0.00000    
   2.06293      0.384628E-01  0.417457E-03  0.176254E-04   0.00000      0.108632E-01   1.20882       0.00000    
   2.07819      0.379160E-01  0.412157E-03  0.176144E-04   0.00000      0.108802E-01   1.22358       0.00000    
   2.09357      0.373784E-01  0.406936E-03  0.176084E-04   0.00000      0.108971E-01   1.23884       0.00000    
   2.10906      0.368480E-01  0.401800E-03  0.176066E-04   0.00000      0.109147E-01   1.25453       0.00000    
   2.12466      0.363227E-01  0.396743E-03  0.176081E-04   0.00000      0.109335E-01   1.27061       0.00000    
   2.14038      0.358054E-01  0.391764E-03  0.176094E-04   0.00000      0.109525E-01   1.28683       0.00000    
   2.15622      0.352989E-01  0.386863E-03  0.176141E-04   0.00000      0.109710E-01   1.30345       0.00000    
   2.17217      0.347996E-01  0.382029E-03  0.176263E-04   0.00000      0.109897E-01   1.32084       0.00000    
   2.18824      0.343051E-01  0.377276E-03  0.176421E-04   0.00000      0.110097E-01   1.33865       0.00000    
   2.20443      0.338176E-01  0.372600E-03  0.176581E-04   0.00000      0.110303E-01   1.35666       0.00000    
   2.22074      0.333391E-01  0.367979E-03  0.176733E-04   0.00000      0.110502E-01   1.37484       0.00000    
   2.23717      0.328691E-01  0.363426E-03  0.176874E-04   0.00000      0.110699E-01   1.39315       0.00000    
   2.25372      0.324035E-01  0.358953E-03  0.177032E-04   0.00000      0.110911E-01   1.41174       0.00000    
   2.27040      0.319438E-01  0.354562E-03  0.177262E-04   0.00000      0.111134E-01   1.43105       0.00000    
   2.28720      0.314929E-01  0.350223E-03  0.177568E-04   0.00000      0.111350E-01   1.45125       0.00000    
   2.30412      0.310495E-01  0.345939E-03  0.177892E-04   0.00000      0.111563E-01   1.47186       0.00000    
   2.32117      0.306113E-01  0.341756E-03  0.178162E-04   0.00000      0.111795E-01   1.49211       0.00000    
   2.33834      0.301779E-01  0.337674E-03  0.178385E-04   0.00000      0.112051E-01   1.51199       0.00000    
   2.35564      0.297530E-01  0.333690E-03  0.178605E-04   0.00000      0.112314E-01   1.53190       0.00000    
   2.37307      0.293358E-01  0.329807E-03  0.178816E-04   0.00000      0.112590E-01   1.55172       0.00000    
   2.39063      0.289219E-01  0.326012E-03  0.178973E-04   0.00000      0.112891E-01   1.57113       0.00000    
   2.40831      0.285136E-01  0.322279E-03  0.179153E-04   0.00000      0.113201E-01   1.59088       0.00000    
   2.42613      0.281136E-01  0.318477E-03  0.179759E-04   0.00000      0.113462E-01   1.61527       0.00000    
   2.44408      0.277199E-01  0.314524E-03  0.181076E-04   0.00000      0.113653E-01   1.64748       0.00000    
   2.46217      0.273288E-01  0.310531E-03  0.182753E-04   0.00000      0.113824E-01   1.68404       0.00000    
   2.48038      0.269444E-01  0.306646E-03  0.184291E-04   0.00000      0.114012E-01   1.71963       0.00000    
   2.49873      0.265682E-01  0.302869E-03  0.185580E-04   0.00000      0.114210E-01   1.75319       0.00000    
   2.51722      0.261967E-01  0.299128E-03  0.186821E-04   0.00000      0.114408E-01   1.78688       0.00000    
   2.53585      0.258282E-01  0.295374E-03  0.188215E-04   0.00000      0.114593E-01   1.82300       0.00000    
   2.55461      0.254669E-01  0.291643E-03  0.189671E-04   0.00000      0.114760E-01   1.86051       0.00000    
   2.57351      0.251131E-01  0.288046E-03  0.190885E-04   0.00000      0.114951E-01   1.89569       0.00000    
   2.59255      0.247622E-01  0.284628E-03  0.191758E-04   0.00000      0.115205E-01   1.92713       0.00000    
   2.61173      0.244155E-01  0.281318E-03  0.192489E-04   0.00000      0.115490E-01   1.95716       0.00000    
   2.63105      0.240768E-01  0.278074E-03  0.193213E-04   0.00000      0.115773E-01   1.98734       0.00000    
   2.65052      0.237430E-01  0.274889E-03  0.193928E-04   0.00000      0.116065E-01   2.01770       0.00000    
   2.67013      0.234113E-01  0.271741E-03  0.194636E-04   0.00000      0.116370E-01   2.04842       0.00000    
   2.68988      0.230861E-01  0.268638E-03  0.195335E-04   0.00000      0.116671E-01   2.07942       0.00000    
   2.70979      0.227677E-01  0.265605E-03  0.196018E-04   0.00000      0.116976E-01   2.11041       0.00000    
   2.72983      0.224507E-01  0.262609E-03  0.196690E-04   0.00000      0.117299E-01   2.14168       0.00000    
   2.75003      0.221394E-01  0.259647E-03  0.197385E-04   0.00000      0.117617E-01   2.17364       0.00000    
   2.77038      0.218347E-01  0.256727E-03  0.198081E-04   0.00000      0.117927E-01   2.20600       0.00000    
   2.79088      0.215320E-01  0.253858E-03  0.198797E-04   0.00000      0.118259E-01   2.23886       0.00000    
   2.81152      0.212343E-01  0.251045E-03  0.199554E-04   0.00000      0.118599E-01   2.27243       0.00000    
   2.83233      0.209424E-01  0.248273E-03  0.200315E-04   0.00000      0.118935E-01   2.30641       0.00000    
   2.85328      0.206536E-01  0.245551E-03  0.201091E-04   0.00000      0.119288E-01   2.34086       0.00000    
   2.87439      0.203687E-01  0.242869E-03  0.201889E-04   0.00000      0.119648E-01   2.37595       0.00000    
   2.89566      0.200896E-01  0.240214E-03  0.202721E-04   0.00000      0.119996E-01   2.41193       0.00000    
   2.91708      0.198135E-01  0.237596E-03  0.203575E-04   0.00000      0.120356E-01   2.44860       0.00000    
   2.93866      0.195408E-01  0.235015E-03  0.204423E-04   0.00000      0.120723E-01   2.48561       0.00000    
   2.96041      0.192741E-01  0.232477E-03  0.205258E-04   0.00000      0.121085E-01   2.52283       0.00000    
   2.98231      0.190096E-01  0.229979E-03  0.206046E-04   0.00000      0.121465E-01   2.55982       0.00000    
   3.00437      0.187496E-01  0.227522E-03  0.206783E-04   0.00000      0.121848E-01   2.59652       0.00000    
   3.02660      0.184944E-01  0.225097E-03  0.207506E-04   0.00000      0.122227E-01   2.63346       0.00000    
   3.04900      0.182410E-01  0.222707E-03  0.208236E-04   0.00000      0.122624E-01   2.67087       0.00000    
   3.07155      0.179928E-01  0.220354E-03  0.208992E-04   0.00000      0.123017E-01   2.70897       0.00000    
   3.09428      0.177487E-01  0.218028E-03  0.209748E-04   0.00000      0.123409E-01   2.74754       0.00000    
   3.11717      0.175063E-01  0.215744E-03  0.210492E-04   0.00000      0.123823E-01   2.78623       0.00000    
   3.14024      0.172689E-01  0.213494E-03  0.211269E-04   0.00000      0.124234E-01   2.82573       0.00000    
   3.16347      0.170352E-01  0.211266E-03  0.212038E-04   0.00000      0.124641E-01   2.86566       0.00000    
   3.18687      0.168040E-01  0.209072E-03  0.212730E-04   0.00000      0.125060E-01   2.90492       0.00000    
   3.21045      0.165771E-01  0.206927E-03  0.213371E-04   0.00000      0.125489E-01   2.94359       0.00000    
   3.23421      0.163529E-01  0.204817E-03  0.214013E-04   0.00000      0.125930E-01   2.98260       0.00000    
   3.25814      0.161324E-01  0.202728E-03  0.214715E-04   0.00000      0.126368E-01   3.02291       0.00000    
   3.28224      0.159150E-01  0.200664E-03  0.215449E-04   0.00000      0.126809E-01   3.06413       0.00000    
   3.30653      0.157007E-01  0.198625E-03  0.216130E-04   0.00000      0.127254E-01   3.10505       0.00000    
   3.33099      0.154901E-01  0.196609E-03  0.216760E-04   0.00000      0.127694E-01   3.14571       0.00000    
   3.35563      0.152818E-01  0.194632E-03  0.217384E-04   0.00000      0.128153E-01   3.18648       0.00000    
   3.38046      0.150773E-01  0.192690E-03  0.217987E-04   0.00000      0.128617E-01   3.22717       0.00000    
   3.40547      0.148757E-01  0.190782E-03  0.218529E-04   0.00000      0.129090E-01   3.26720       0.00000    
   3.43067      0.146766E-01  0.188901E-03  0.218985E-04   0.00000      0.129571E-01   3.30628       0.00000    
   3.45605      0.144813E-01  0.187054E-03  0.219399E-04   0.00000      0.130055E-01   3.34487       0.00000    
   3.48162      0.142880E-01  0.185232E-03  0.219843E-04   0.00000      0.130552E-01   3.38425       0.00000    
   3.50738      0.140981E-01  0.183424E-03  0.220315E-04   0.00000      0.131040E-01   3.42456       0.00000    
   3.53333      0.139108E-01  0.181636E-03  0.220773E-04   0.00000      0.131532E-01   3.46507       0.00000    
   3.55947      0.137262E-01  0.179882E-03  0.221176E-04   0.00000      0.132037E-01   3.50483       0.00000    
   3.58581      0.135447E-01  0.178156E-03  0.221498E-04   0.00000      0.132545E-01   3.54356       0.00000    
   3.61234      0.133654E-01  0.176446E-03  0.221781E-04   0.00000      0.133055E-01   3.58207       0.00000    
   3.63906      0.131891E-01  0.174764E-03  0.222006E-04   0.00000      0.133571E-01   3.61981       0.00000    
   3.66599      0.130153E-01  0.173114E-03  0.222139E-04   0.00000      0.134098E-01   3.65611       0.00000    
   3.69311      0.128442E-01  0.171490E-03  0.222219E-04   0.00000      0.134632E-01   3.69166       0.00000    
   3.72043      0.126752E-01  0.169882E-03  0.222279E-04   0.00000      0.135169E-01   3.72720       0.00000    
   3.74796      0.125091E-01  0.168305E-03  0.222318E-04   0.00000      0.135714E-01   3.76239       0.00000    
   3.77569      0.123453E-01  0.166751E-03  0.222296E-04   0.00000      0.136267E-01   3.79667       0.00000    
   3.80363      0.121840E-01  0.165213E-03  0.222214E-04   0.00000      0.136820E-01   3.83020       0.00000    
   3.83177      0.120250E-01  0.163698E-03  0.222077E-04   0.00000      0.137378E-01   3.86287       0.00000    
   3.86012      0.118684E-01  0.162213E-03  0.221873E-04   0.00000      0.137948E-01   3.89427       0.00000    
   3.88868      0.117141E-01  0.160748E-03  0.221624E-04   0.00000      0.138525E-01   3.92495       0.00000    
   3.91745      0.115620E-01  0.159298E-03  0.221339E-04   0.00000      0.139102E-01   3.95520       0.00000    
   3.94643      0.114123E-01  0.157874E-03  0.221001E-04   0.00000      0.139686E-01   3.98439       0.00000    
   3.97563      0.112645E-01  0.156485E-03  0.220568E-04   0.00000      0.140292E-01   4.01153       0.00000    
   4.00504      0.111192E-01  0.155121E-03  0.220047E-04   0.00000      0.140904E-01   4.03691       0.00000    
   4.03468      0.109758E-01  0.153767E-03  0.219459E-04   0.00000      0.141516E-01   4.06126       0.00000    
   4.06453      0.108348E-01  0.152430E-03  0.218800E-04   0.00000      0.142127E-01   4.08427       0.00000    
   4.09460      0.106957E-01  0.151110E-03  0.218117E-04   0.00000      0.142745E-01   4.10677       0.00000    
   4.12489      0.105584E-01  0.149803E-03  0.217482E-04   0.00000      0.143367E-01   4.13021       0.00000    
   4.15541      0.104235E-01  0.148516E-03  0.216816E-04   0.00000      0.143992E-01   4.15292       0.00000    
   4.18616      0.102904E-01  0.147265E-03  0.215968E-04   0.00000      0.144639E-01   4.17155       0.00000    
   4.21713      0.101591E-01  0.146036E-03  0.214943E-04   0.00000      0.145297E-01   4.18648       0.00000    
   4.24833      0.100302E-01  0.144821E-03  0.213831E-04   0.00000      0.145951E-01   4.19957       0.00000    
   4.27976      0.990270E-02  0.143634E-03  0.212681E-04   0.00000      0.146627E-01   4.21134       0.00000    
   4.31143      0.977717E-02  0.142468E-03  0.211482E-04   0.00000      0.147312E-01   4.22172       0.00000    
   4.34332      0.965386E-02  0.141308E-03  0.210236E-04   0.00000      0.147986E-01   4.23116       0.00000    
   4.37546      0.953181E-02  0.140168E-03  0.208941E-04   0.00000      0.148677E-01   4.23919       0.00000    
   4.40783      0.941156E-02  0.139061E-03  0.207585E-04   0.00000      0.149393E-01   4.24511       0.00000    
   4.44044      0.929361E-02  0.137971E-03  0.206197E-04   0.00000      0.150106E-01   4.24996       0.00000    
   4.47330      0.917697E-02  0.136882E-03  0.204747E-04   0.00000      0.150818E-01   4.25357       0.00000    
   4.50639      0.906193E-02  0.135818E-03  0.203199E-04   0.00000      0.151545E-01   4.25449       0.00000    
   4.53974      0.894861E-02  0.134777E-03  0.201580E-04   0.00000      0.152287E-01   4.25321       0.00000    
   4.57332      0.883738E-02  0.133751E-03  0.199935E-04   0.00000      0.153028E-01   4.25091       0.00000    
   4.60716      0.872738E-02  0.132737E-03  0.198230E-04   0.00000      0.153779E-01   4.24692       0.00000    
   4.64125      0.861887E-02  0.131753E-03  0.196393E-04   0.00000      0.154555E-01   4.23907       0.00000    
   4.67559      0.851203E-02  0.130802E-03  0.194466E-04   0.00000      0.155356E-01   4.22818       0.00000    
   4.71018      0.840671E-02  0.129861E-03  0.192501E-04   0.00000      0.156161E-01   4.21595       0.00000    
   4.74503      0.830315E-02  0.128930E-03  0.190503E-04   0.00000      0.156965E-01   4.20249       0.00000    
   4.78013      0.820096E-02  0.128024E-03  0.188482E-04   0.00000      0.157792E-01   4.18757       0.00000    
   4.81550      0.810007E-02  0.127141E-03  0.186395E-04   0.00000      0.158640E-01   4.17021       0.00000    
   4.85113      0.800078E-02  0.126269E-03  0.184211E-04   0.00000      0.159491E-01   4.15010       0.00000    
   4.88702      0.790290E-02  0.125411E-03  0.181989E-04   0.00000      0.160351E-01   4.12841       0.00000    
   4.92318      0.780634E-02  0.124575E-03  0.179751E-04   0.00000      0.161235E-01   4.10529       0.00000    
   4.95960      0.771133E-02  0.123763E-03  0.177468E-04   0.00000      0.162136E-01   4.08011       0.00000    
   4.99630      0.761751E-02  0.122962E-03  0.175145E-04   0.00000      0.163050E-01   4.05328       0.00000    
   5.03326      0.752509E-02  0.122182E-03  0.172755E-04   0.00000      0.163982E-01   4.02388       0.00000    
   5.07050      0.743395E-02  0.121429E-03  0.170262E-04   0.00000      0.164941E-01   3.99087       0.00000    
   5.10802      0.734414E-02  0.120692E-03  0.167729E-04   0.00000      0.165917E-01   3.95594       0.00000    
   5.14581      0.725555E-02  0.119962E-03  0.165210E-04   0.00000      0.166899E-01   3.92068       0.00000    
   5.18388      0.716821E-02  0.119252E-03  0.162670E-04   0.00000      0.167902E-01   3.88386       0.00000    
   5.22224      0.708205E-02  0.118565E-03  0.160091E-04   0.00000      0.168935E-01   3.84489       0.00000    
   5.26087      0.699711E-02  0.117896E-03  0.157490E-04   0.00000      0.169990E-01   3.80435       0.00000    
   5.29980      0.691330E-02  0.117245E-03  0.154855E-04   0.00000      0.171066E-01   3.76200       0.00000    
   5.33901      0.683075E-02  0.116609E-03  0.152206E-04   0.00000      0.172159E-01   3.71832       0.00000    
   5.37851      0.674936E-02  0.115975E-03  0.149599E-04   0.00000      0.173255E-01   3.67505       0.00000    
   5.41830      0.666904E-02  0.115349E-03  0.147028E-04   0.00000      0.174361E-01   3.63197       0.00000    
   5.45839      0.658985E-02  0.114748E-03  0.144440E-04   0.00000      0.175502E-01   3.58721       0.00000    
   5.49878      0.651179E-02  0.114173E-03  0.141828E-04   0.00000      0.176680E-01   3.54058       0.00000    
   5.53946      0.643474E-02  0.113605E-03  0.139203E-04   0.00000      0.177870E-01   3.49289       0.00000    
   5.58044      0.635883E-02  0.113044E-03  0.136544E-04   0.00000      0.179067E-01   3.44365       0.00000    
   5.62173      0.628385E-02  0.112498E-03  0.133875E-04   0.00000      0.180290E-01   3.39320       0.00000    
   5.66332      0.621001E-02  0.111964E-03  0.131255E-04   0.00000      0.181530E-01   3.34313       0.00000    
   5.70522      0.613709E-02  0.111436E-03  0.128691E-04   0.00000      0.182785E-01   3.29379       0.00000    
   5.74744      0.606511E-02  0.110924E-03  0.126159E-04   0.00000      0.184067E-01   3.24432       0.00000    
   5.78996      0.599414E-02  0.110426E-03  0.123680E-04   0.00000      0.185376E-01   3.19532       0.00000    
   5.83280      0.592413E-02  0.109933E-03  0.121293E-04   0.00000      0.186694E-01   3.14811       0.00000    
   5.87595      0.585500E-02  0.109442E-03  0.118964E-04   0.00000      0.188021E-01   3.10189       0.00000    
   5.91943      0.578685E-02  0.108971E-03  0.116631E-04   0.00000      0.189384E-01   3.05453       0.00000    
   5.96322      0.571958E-02  0.108520E-03  0.114303E-04   0.00000      0.190784E-01   3.00635       0.00000    
   6.00734      0.565323E-02  0.108073E-03  0.112043E-04   0.00000      0.192196E-01   2.95944       0.00000    
   6.05179      0.558769E-02  0.107640E-03  0.109871E-04   0.00000      0.193639E-01   2.91407       0.00000    
   6.09656      0.552300E-02  0.107237E-03  0.107777E-04   0.00000      0.195143E-01   2.86957       0.00000    
   6.14167      0.545892E-02  0.106847E-03  0.105782E-04   0.00000      0.196687E-01   2.82702       0.00000    
   6.18711      0.539549E-02  0.106456E-03  0.103923E-04   0.00000      0.198243E-01   2.78779       0.00000    
   6.23289      0.533245E-02  0.106058E-03  0.102227E-04   0.00000      0.199813E-01   2.75281       0.00000    
   6.27900      0.526858E-02  0.105633E-03  0.100761E-04   0.00000      0.201407E-01   2.72440       0.00000    
   6.32546      0.520308E-02  0.105162E-03  0.995726E-05   0.00000      0.203019E-01   2.70446       0.00000    
   6.37226      0.513877E-02  0.104665E-03  0.986176E-05   0.00000      0.204578E-01   2.69133       0.00000    
   6.41940      0.507844E-02  0.104170E-03  0.978526E-05   0.00000      0.206026E-01   2.68317       0.00000    
   6.46690      0.502221E-02  0.103682E-03  0.972927E-05   0.00000      0.207354E-01   2.68040       0.00000    
   6.51474      0.496595E-02  0.103201E-03  0.969666E-05   0.00000      0.208732E-01   2.68386       0.00000    
   6.56294      0.490213E-02  0.102724E-03  0.969003E-05   0.00000      0.210480E-01   2.69440       0.00000    
   6.61150      0.483146E-02  0.102252E-03  0.971183E-05   0.00000      0.212590E-01   2.71282       0.00000    
   6.66042      0.473137E-02  0.101783E-03  0.976320E-05   0.00000      0.216111E-01   2.73957       0.00000    
   6.70970      0.456946E-02  0.101325E-03  0.984523E-05   0.00000      0.222787E-01   2.77487       0.00000    
   6.75934      0.440342E-02  0.100875E-03  0.996453E-05   0.00000      0.230198E-01   2.82071       0.00000    
   6.80935      0.430579E-02  0.100407E-03  0.101392E-04   0.00000      0.234377E-01   2.88311       0.00000    
   6.85973      0.424873E-02  0.998974E-04  0.103985E-04   0.00000      0.236394E-01   2.97132       0.00000    
   6.91048      0.419411E-02  0.993439E-04  0.107665E-04   0.00000      0.238252E-01   3.09267       0.00000    
   6.96161      0.414031E-02  0.987128E-04  0.112403E-04   0.00000      0.239959E-01   3.24812       0.00000    
   7.01312      0.408695E-02  0.979038E-04  0.117918E-04   0.00000      0.241283E-01   3.43389       0.00000    
   7.06500      0.403397E-02  0.967934E-04  0.123735E-04   0.00000      0.241899E-01   3.64243       0.00000    
   7.11728      0.398174E-02  0.952677E-04  0.129362E-04   0.00000      0.241457E-01   3.86638       0.00000    
   7.16993      0.393071E-02  0.932418E-04  0.134700E-04   0.00000      0.239676E-01   4.11012       0.00000    
   7.22298      0.388105E-02  0.906472E-04  0.140158E-04   0.00000      0.236339E-01   4.39472       0.00000    
   7.27642      0.383257E-02  0.875445E-04  0.146528E-04   0.00000      0.231600E-01   4.75091       0.00000    
   7.33026      0.378510E-02  0.844890E-04  0.153686E-04   0.00000      0.226877E-01   5.15471       0.00000    
   7.38449      0.373915E-02  0.821376E-04  0.160126E-04   0.00000      0.223805E-01   5.51570       0.00000    
   7.43913      0.369088E-02  0.805205E-04  0.164946E-04   0.00000      0.222691E-01   5.78843       0.00000    
   7.49417      0.363565E-02  0.794318E-04  0.168202E-04   0.00000      0.223325E-01   5.97807       0.00000    
   7.54961      0.358064E-02  0.787744E-04  0.170133E-04   0.00000      0.225073E-01   6.09365       0.00000    
   7.60547      0.353456E-02  0.783861E-04  0.171260E-04   0.00000      0.227002E-01   6.16221       0.00000    
   7.66174      0.349385E-02  0.780855E-04  0.172162E-04   0.00000      0.228862E-01   6.21679       0.00000    
   7.71843      0.345386E-02  0.777976E-04  0.173049E-04   0.00000      0.230753E-01   6.27020       0.00000    
   7.77553      0.341447E-02  0.775181E-04  0.173899E-04   0.00000      0.232671E-01   6.32202       0.00000    
   7.83306      0.337561E-02  0.772374E-04  0.174749E-04   0.00000      0.234593E-01   6.37426       0.00000    
   7.89102      0.333731E-02  0.769555E-04  0.175612E-04   0.00000      0.236519E-01   6.42738       0.00000    
   7.94940      0.329949E-02  0.766796E-04  0.176460E-04   0.00000      0.238473E-01   6.47983       0.00000    
   8.00821      0.326228E-02  0.764138E-04  0.177290E-04   0.00000      0.240456E-01   6.53115       0.00000    
   8.06746      0.322550E-02  0.761492E-04  0.178121E-04   0.00000      0.242458E-01   6.58270       0.00000    
   8.12715      0.318926E-02  0.758835E-04  0.178953E-04   0.00000      0.244461E-01   6.63470       0.00000    
   8.18728      0.315352E-02  0.756240E-04  0.179773E-04   0.00000      0.246491E-01   6.68608       0.00000    
   8.24786      0.311825E-02  0.753700E-04  0.180586E-04   0.00000      0.248547E-01   6.73702       0.00000    
   8.30888      0.308346E-02  0.751147E-04  0.181388E-04   0.00000      0.250607E-01   6.78798       0.00000    
   8.37035      0.304914E-02  0.748630E-04  0.182185E-04   0.00000      0.252687E-01   6.83877       0.00000    
   8.43228      0.301531E-02  0.746173E-04  0.183007E-04   0.00000      0.254795E-01   6.89021       0.00000    
   8.49467      0.298194E-02  0.743736E-04  0.183828E-04   0.00000      0.256919E-01   6.94171       0.00000    
   8.55752      0.294903E-02  0.741354E-04  0.184600E-04   0.00000      0.259065E-01   6.99124       0.00000    
   8.62083      0.291655E-02  0.739031E-04  0.185345E-04   0.00000      0.261240E-01   7.03952       0.00000    
   8.68462      0.288450E-02  0.736663E-04  0.186124E-04   0.00000      0.263412E-01   7.08977       0.00000    
   8.74887      0.285285E-02  0.734220E-04  0.186954E-04   0.00000      0.265576E-01   7.14280       0.00000    
   8.81360      0.282165E-02  0.731850E-04  0.187784E-04   0.00000      0.267771E-01   7.19550       0.00000    
   8.87881      0.279086E-02  0.729604E-04  0.188589E-04   0.00000      0.270018E-01   7.24636       0.00000    
   8.94450      0.276047E-02  0.727336E-04  0.189383E-04   0.00000      0.272268E-01   7.29728       0.00000    
   9.01068      0.273050E-02  0.724978E-04  0.190156E-04   0.00000      0.274492E-01   7.34859       0.00000    
   9.07734      0.270092E-02  0.722655E-04  0.190884E-04   0.00000      0.276736E-01   7.39817       0.00000    
   9.14450      0.267172E-02  0.720422E-04  0.191592E-04   0.00000      0.279020E-01   7.44639       0.00000    
   9.21216      0.264290E-02  0.718182E-04  0.192311E-04   0.00000      0.281313E-01   7.49533       0.00000    
   9.28032      0.261444E-02  0.715943E-04  0.193013E-04   0.00000      0.283619E-01   7.54390       0.00000    
   9.34898      0.258636E-02  0.713777E-04  0.193672E-04   0.00000      0.285956E-01   7.59042       0.00000    
   9.41815      0.255865E-02  0.711599E-04  0.194308E-04   0.00000      0.288297E-01   7.63639       0.00000    
   9.48783      0.253128E-02  0.709337E-04  0.194935E-04   0.00000      0.290618E-01   7.68314       0.00000    
   9.55803      0.250426E-02  0.707075E-04  0.195539E-04   0.00000      0.292946E-01   7.72931       0.00000    
   9.62875      0.247759E-02  0.704863E-04  0.196116E-04   0.00000      0.295302E-01   7.77417       0.00000    
   9.69999      0.245123E-02  0.702629E-04  0.196701E-04   0.00000      0.297664E-01   7.81979       0.00000    
   9.77175      0.242521E-02  0.700356E-04  0.197305E-04   0.00000      0.300023E-01   7.86683       0.00000    
   9.84405      0.239954E-02  0.698136E-04  0.197885E-04   0.00000      0.302408E-01   7.91264       0.00000    
   9.91688      0.237417E-02  0.695974E-04  0.198424E-04   0.00000      0.304825E-01   7.95649       0.00000    
   9.99025      0.234911E-02  0.693787E-04  0.198950E-04   0.00000      0.307243E-01   8.00036       0.00000    
   10.0642      0.232438E-02  0.691569E-04  0.199466E-04   0.00000      0.309656E-01   8.04443       0.00000    
   10.1386      0.229996E-02  0.689381E-04  0.199949E-04   0.00000      0.312089E-01   8.08717       0.00000    
   10.2136      0.227583E-02  0.687209E-04  0.200391E-04   0.00000      0.314535E-01   8.12839       0.00000    
   10.2892      0.225199E-02  0.684986E-04  0.200795E-04   0.00000      0.316968E-01   8.16891       0.00000    
   10.3653      0.222844E-02  0.682727E-04  0.201174E-04   0.00000      0.319393E-01   8.20911       0.00000    
   10.4420      0.220517E-02  0.680455E-04  0.201546E-04   0.00000      0.321824E-01   8.24945       0.00000    
   10.5193      0.218215E-02  0.678141E-04  0.201901E-04   0.00000      0.324248E-01   8.28985       0.00000    
   10.5971      0.215944E-02  0.675855E-04  0.202206E-04   0.00000      0.326685E-01   8.32820       0.00000    
   10.6755      0.213698E-02  0.673651E-04  0.202459E-04   0.00000      0.329164E-01   8.36381       0.00000    
   10.7545      0.211478E-02  0.671408E-04  0.202674E-04   0.00000      0.331633E-01   8.39858       0.00000    
   10.8341      0.209286E-02  0.669076E-04  0.202846E-04   0.00000      0.334065E-01   8.43297       0.00000    
   10.9142      0.207118E-02  0.666757E-04  0.202980E-04   0.00000      0.336508E-01   8.46590       0.00000    
   10.9950      0.204975E-02  0.664487E-04  0.203082E-04   0.00000      0.338981E-01   8.49716       0.00000    
   11.0763      0.202856E-02  0.662184E-04  0.203157E-04   0.00000      0.341448E-01   8.52797       0.00000    
   11.1583      0.200762E-02  0.659842E-04  0.203206E-04   0.00000      0.343902E-01   8.55840       0.00000    
   11.2408      0.198691E-02  0.657532E-04  0.203208E-04   0.00000      0.346375E-01   8.58680       0.00000    
   11.3240      0.196642E-02  0.655235E-04  0.203160E-04   0.00000      0.348862E-01   8.61318       0.00000    
   11.4078      0.194616E-02  0.652897E-04  0.203071E-04   0.00000      0.351332E-01   8.63866       0.00000    
   11.4922      0.192611E-02  0.650548E-04  0.202951E-04   0.00000      0.353806E-01   8.66316       0.00000    
   11.5772      0.190631E-02  0.648252E-04  0.202803E-04   0.00000      0.356308E-01   8.68604       0.00000    
   11.6629      0.188669E-02  0.645933E-04  0.202635E-04   0.00000      0.358814E-01   8.70853       0.00000    
   11.7492      0.186729E-02  0.643530E-04  0.202439E-04   0.00000      0.361283E-01   8.73114       0.00000    
   11.8361      0.184810E-02  0.641112E-04  0.202174E-04   0.00000      0.363743E-01   8.75129       0.00000    
   11.9237      0.182913E-02  0.638707E-04  0.201833E-04   0.00000      0.366206E-01   8.76834       0.00000    
   12.0119      0.181033E-02  0.636249E-04  0.201465E-04   0.00000      0.368653E-01   8.78508       0.00000    
   12.1007      0.179174E-02  0.633765E-04  0.201089E-04   0.00000      0.371092E-01   8.80192       0.00000    
   12.1903      0.177334E-02  0.631334E-04  0.200675E-04   0.00000      0.373565E-01   8.81666       0.00000    
   12.2805      0.175516E-02  0.628942E-04  0.200212E-04   0.00000      0.376057E-01   8.82896       0.00000    
   12.3713      0.173713E-02  0.626506E-04  0.199713E-04   0.00000      0.378537E-01   8.84044       0.00000    
   12.4629      0.171930E-02  0.624024E-04  0.199173E-04   0.00000      0.380991E-01   8.85088       0.00000    
   12.5551      0.170164E-02  0.621569E-04  0.198559E-04   0.00000      0.383461E-01   8.85802       0.00000    
   12.6480      0.168416E-02  0.619141E-04  0.197873E-04   0.00000      0.385943E-01   8.86176       0.00000    
   12.7415      0.166686E-02  0.616644E-04  0.197137E-04   0.00000      0.388388E-01   8.86438       0.00000    
   12.8358      0.164971E-02  0.614095E-04  0.196341E-04   0.00000      0.390808E-01   8.86517       0.00000    
   12.9308      0.163273E-02  0.611606E-04  0.195456E-04   0.00000      0.393254E-01   8.86136       0.00000    
   13.0264      0.161592E-02  0.609139E-04  0.194518E-04   0.00000      0.395714E-01   8.85498       0.00000    
   13.1228      0.159925E-02  0.606596E-04  0.193580E-04   0.00000      0.398147E-01   8.84959       0.00000    
   13.2199      0.158275E-02  0.604027E-04  0.192605E-04   0.00000      0.400564E-01   8.84291       0.00000    
   13.3177      0.156641E-02  0.601442E-04  0.191563E-04   0.00000      0.402969E-01   8.83350       0.00000    
   13.4163      0.155019E-02  0.598796E-04  0.190495E-04   0.00000      0.405349E-01   8.82370       0.00000    
   13.5155      0.153414E-02  0.596178E-04  0.189407E-04   0.00000      0.407748E-01   8.81260       0.00000    
   13.6155      0.151824E-02  0.593629E-04  0.188274E-04   0.00000      0.410191E-01   8.79842       0.00000    
   13.7162      0.150248E-02  0.591045E-04  0.187092E-04   0.00000      0.412618E-01   8.78243       0.00000    
   13.8177      0.148684E-02  0.588394E-04  0.185871E-04   0.00000      0.415009E-01   8.76553       0.00000    
   13.9200      0.147137E-02  0.585781E-04  0.184596E-04   0.00000      0.417420E-01   8.74554       0.00000    
   14.0229      0.145601E-02  0.583219E-04  0.183257E-04   0.00000      0.419868E-01   8.72180       0.00000    
   14.1267      0.144079E-02  0.580606E-04  0.181886E-04   0.00000      0.422289E-01   8.69708       0.00000    
   14.2312      0.142569E-02  0.577918E-04  0.180481E-04   0.00000      0.424666E-01   8.67167       0.00000    
   14.3365      0.141073E-02  0.575223E-04  0.179009E-04   0.00000      0.427037E-01   8.64304       0.00000    
   14.4426      0.139588E-02  0.572528E-04  0.177489E-04   0.00000      0.429412E-01   8.61194       0.00000    
   14.5494      0.138117E-02  0.569797E-04  0.175953E-04   0.00000      0.431767E-01   8.58033       0.00000    
   14.6571      0.136656E-02  0.567064E-04  0.174386E-04   0.00000      0.434137E-01   8.54698       0.00000    
   14.7655      0.135210E-02  0.564398E-04  0.172778E-04   0.00000      0.436544E-01   8.51041       0.00000    
   14.8748      0.133772E-02  0.561709E-04  0.171136E-04   0.00000      0.438957E-01   8.47220       0.00000    
   14.9848      0.132347E-02  0.558934E-04  0.169462E-04   0.00000      0.441309E-01   8.43330       0.00000    
   15.0957      0.130931E-02  0.556179E-04  0.167749E-04   0.00000      0.443689E-01   8.39191       0.00000    
   15.2074      0.129530E-02  0.553505E-04  0.166002E-04   0.00000      0.446123E-01   8.34725       0.00000    
   15.3199      0.128137E-02  0.550781E-04  0.164233E-04   0.00000      0.448540E-01   8.30182       0.00000    
   15.4332      0.126757E-02  0.547951E-04  0.162439E-04   0.00000      0.450881E-01   8.25620       0.00000    
   15.5474      0.125386E-02  0.545107E-04  0.160614E-04   0.00000      0.453223E-01   8.20870       0.00000    
   15.6625      0.124025E-02  0.542294E-04  0.158778E-04   0.00000      0.455601E-01   8.15975       0.00000    
   15.7783      0.122676E-02  0.539455E-04  0.156933E-04   0.00000      0.457970E-01   8.11015       0.00000    
   15.8951      0.121337E-02  0.536596E-04  0.155045E-04   0.00000      0.460328E-01   8.05812       0.00000    
   16.0127      0.120007E-02  0.533755E-04  0.153114E-04   0.00000      0.462708E-01   8.00308       0.00000    
   16.1311      0.118686E-02  0.530866E-04  0.151169E-04   0.00000      0.465066E-01   7.94739       0.00000    
   16.2505      0.117376E-02  0.527888E-04  0.149216E-04   0.00000      0.467365E-01   7.89189       0.00000    
   16.3707      0.116075E-02  0.524901E-04  0.147259E-04   0.00000      0.469668E-01   7.83563       0.00000    
   16.4918      0.114784E-02  0.521921E-04  0.145313E-04   0.00000      0.471993E-01   7.77914       0.00000    
   16.6139      0.113502E-02  0.518897E-04  0.143359E-04   0.00000      0.474295E-01   7.72212       0.00000    
   16.7368      0.112231E-02  0.515873E-04  0.141368E-04   0.00000      0.476601E-01   7.66243       0.00000    
   16.8606      0.110969E-02  0.512875E-04  0.139361E-04   0.00000      0.478938E-01   7.60084       0.00000    
   16.9854      0.109715E-02  0.509821E-04  0.137375E-04   0.00000      0.481253E-01   7.54030       0.00000    
   17.1110      0.108470E-02  0.506696E-04  0.135399E-04   0.00000      0.483522E-01   7.48049       0.00000    
   17.2376      0.107234E-02  0.503580E-04  0.133409E-04   0.00000      0.485808E-01   7.41898       0.00000    
   17.3652      0.106008E-02  0.500473E-04  0.131415E-04   0.00000      0.488115E-01   7.35637       0.00000    
   17.4936      0.104789E-02  0.497310E-04  0.129438E-04   0.00000      0.490391E-01   7.29450       0.00000    
   17.6231      0.103580E-02  0.494114E-04  0.127452E-04   0.00000      0.492649E-01   7.23183       0.00000    
   17.7535      0.102380E-02  0.490945E-04  0.125438E-04   0.00000      0.494937E-01   7.16631       0.00000    
   17.8848      0.101190E-02  0.487757E-04  0.123420E-04   0.00000      0.497214E-01   7.09993       0.00000    
   18.0171      0.100006E-02  0.484478E-04  0.121426E-04   0.00000      0.499431E-01   7.03517       0.00000    
   18.1504      0.988314E-03  0.481137E-04  0.119438E-04   0.00000      0.501602E-01   6.97069       0.00000    
   18.2847      0.976665E-03  0.477804E-04  0.117442E-04   0.00000      0.503781E-01   6.90466       0.00000    
   18.4200      0.965093E-03  0.474461E-04  0.115462E-04   0.00000      0.505969E-01   6.83865       0.00000    
   18.5563      0.953602E-03  0.471062E-04  0.113512E-04   0.00000      0.508121E-01   6.77414       0.00000    
   18.6936      0.942198E-03  0.467635E-04  0.111576E-04   0.00000      0.510255E-01   6.70984       0.00000    
   18.8319      0.930887E-03  0.464196E-04  0.109649E-04   0.00000      0.512383E-01   6.64517       0.00000    
   18.9712      0.919657E-03  0.460698E-04  0.107737E-04   0.00000      0.514461E-01   6.58120       0.00000    
   19.1116      0.908510E-03  0.457149E-04  0.105841E-04   0.00000      0.516495E-01   6.51787       0.00000    
   19.2530      0.897447E-03  0.453628E-04  0.103957E-04   0.00000      0.518568E-01   6.45377       0.00000    
   19.3954      0.886480E-03  0.450126E-04  0.102086E-04   0.00000      0.520662E-01   6.38910       0.00000    
   19.5389      0.875585E-03  0.446577E-04  0.100235E-04   0.00000      0.522722E-01   6.32522       0.00000    
   19.6835      0.864777E-03  0.443017E-04  0.983935E-05   0.00000      0.524774E-01   6.26103       0.00000    
   19.8291      0.854064E-03  0.439489E-04  0.965551E-05   0.00000      0.526858E-01   6.19547       0.00000    
   19.9758      0.843433E-03  0.435920E-04  0.947413E-05   0.00000      0.528905E-01   6.13089       0.00000    
   20.1236      0.832883E-03  0.432251E-04  0.929707E-05   0.00000      0.530850E-01   6.06927       0.00000    
   20.2725      0.822419E-03  0.428539E-04  0.912296E-05   0.00000      0.532748E-01   6.00901       0.00000    
   20.4225      0.812043E-03  0.424864E-04  0.894994E-05   0.00000      0.534686E-01   5.94784       0.00000    
   20.5736      0.801757E-03  0.421196E-04  0.877942E-05   0.00000      0.536633E-01   5.88708       0.00000    
   20.7258      0.791547E-03  0.417483E-04  0.861138E-05   0.00000      0.538530E-01   5.82744       0.00000    
   20.8792      0.781430E-03  0.413770E-04  0.844310E-05   0.00000      0.540414E-01   5.76653       0.00000    
   21.0336      0.771391E-03  0.410055E-04  0.827555E-05   0.00000      0.542297E-01   5.70495       0.00000    
   21.1893      0.761439E-03  0.406313E-04  0.811038E-05   0.00000      0.544139E-01   5.64420       0.00000    
   21.3460      0.751581E-03  0.402557E-04  0.794754E-05   0.00000      0.545952E-01   5.58404       0.00000    
   21.5040      0.741804E-03  0.398771E-04  0.778836E-05   0.00000      0.547726E-01   5.52564       0.00000    
   21.6631      0.732107E-03  0.394936E-04  0.763384E-05   0.00000      0.549437E-01   5.46998       0.00000    
   21.8233      0.722498E-03  0.391094E-04  0.748280E-05   0.00000      0.551126E-01   5.41576       0.00000    
   21.9848      0.712980E-03  0.387284E-04  0.733268E-05   0.00000      0.552841E-01   5.36062       0.00000    
   22.1475      0.703547E-03  0.383472E-04  0.718338E-05   0.00000      0.554536E-01   5.30498       0.00000    
   22.3113      0.694199E-03  0.379611E-04  0.703723E-05   0.00000      0.556150E-01   5.25114       0.00000    
   22.4764      0.684937E-03  0.375740E-04  0.689415E-05   0.00000      0.557734E-01   5.19854       0.00000    
   22.6427      0.675763E-03  0.371906E-04  0.675279E-05   0.00000      0.559348E-01   5.14561       0.00000    
   22.8102      0.666679E-03  0.368071E-04  0.661405E-05   0.00000      0.560940E-01   5.09352       0.00000    
   22.9790      0.657675E-03  0.364200E-04  0.647881E-05   0.00000      0.562462E-01   5.04346       0.00000    
   23.1490      0.648762E-03  0.360337E-04  0.634536E-05   0.00000      0.563968E-01   4.99357       0.00000    
   23.3203      0.639938E-03  0.356503E-04  0.621318E-05   0.00000      0.565487E-01   4.94315       0.00000    
   23.4928      0.631195E-03  0.352643E-04  0.608423E-05   0.00000      0.566945E-01   4.89450       0.00000    
   23.6666      0.622541E-03  0.348748E-04  0.595891E-05   0.00000      0.568319E-01   4.84812       0.00000    
   23.8417      0.613973E-03  0.344865E-04  0.583500E-05   0.00000      0.569677E-01   4.80165       0.00000    
   24.0181      0.605495E-03  0.341001E-04  0.571152E-05   0.00000      0.571022E-01   4.75419       0.00000    
   24.1958      0.597100E-03  0.337138E-04  0.559027E-05   0.00000      0.572334E-01   4.70744       0.00000    
   24.3748      0.588790E-03  0.333283E-04  0.547211E-05   0.00000      0.573626E-01   4.66205       0.00000    
   24.5552      0.580571E-03  0.329452E-04  0.535610E-05   0.00000      0.574912E-01   4.61706       0.00000    
   24.7368      0.572434E-03  0.325631E-04  0.524244E-05   0.00000      0.576178E-01   4.57288       0.00000    
   24.9199      0.564385E-03  0.321784E-04  0.513232E-05   0.00000      0.577356E-01   4.53105       0.00000    
   25.1042      0.556416E-03  0.317930E-04  0.502506E-05   0.00000      0.578481E-01   4.49081       0.00000    
   25.2900      0.548537E-03  0.314139E-04  0.491822E-05   0.00000      0.579662E-01   4.44905       0.00000    
   25.4771      0.540752E-03  0.310390E-04  0.481218E-05   0.00000      0.580854E-01   4.40639       0.00000    
   25.6656      0.533046E-03  0.306620E-04  0.470942E-05   0.00000      0.581968E-01   4.36595       0.00000    
   25.8555      0.525424E-03  0.302864E-04  0.460938E-05   0.00000      0.583056E-01   4.32680       0.00000    
   26.0468      0.517892E-03  0.299117E-04  0.451178E-05   0.00000      0.584100E-01   4.28882       0.00000    
   26.2395      0.510438E-03  0.295369E-04  0.441775E-05   0.00000      0.585093E-01   4.25326       0.00000    
   26.4336      0.503076E-03  0.291682E-04  0.432539E-05   0.00000      0.586138E-01   4.21750       0.00000    
   26.6292      0.495790E-03  0.288037E-04  0.423347E-05   0.00000      0.587208E-01   4.18064       0.00000    
   26.8262      0.488592E-03  0.284363E-04  0.414411E-05   0.00000      0.588153E-01   4.14576       0.00000    
   27.0247      0.481473E-03  0.280664E-04  0.405701E-05   0.00000      0.588988E-01   4.11257       0.00000    
   27.2246      0.474438E-03  0.277010E-04  0.396944E-05   0.00000      0.589833E-01   4.07737       0.00000    
   27.4261      0.467488E-03  0.273400E-04  0.388259E-05   0.00000      0.590697E-01   4.04130       0.00000    
   27.6290      0.460615E-03  0.269790E-04  0.379899E-05   0.00000      0.591495E-01   4.00765       0.00000    
   27.8334      0.453826E-03  0.266205E-04  0.371715E-05   0.00000      0.592270E-01   3.97455       0.00000    
   28.0393      0.447121E-03  0.262681E-04  0.363573E-05   0.00000      0.593094E-01   3.94009       0.00000    
   28.2468      0.440502E-03  0.259168E-04  0.355733E-05   0.00000      0.593863E-01   3.90778       0.00000    
   28.4558      0.433951E-03  0.255631E-04  0.348327E-05   0.00000      0.594522E-01   3.87971       0.00000    
   28.6663      0.427482E-03  0.252126E-04  0.341069E-05   0.00000      0.595165E-01   3.85203       0.00000    
   28.8784      0.421096E-03  0.248683E-04  0.333803E-05   0.00000      0.595858E-01   3.82251       0.00000    
   29.0921      0.414792E-03  0.245264E-04  0.326682E-05   0.00000      0.596515E-01   3.79346       0.00000    
   29.3073      0.408563E-03  0.241852E-04  0.319782E-05   0.00000      0.597110E-01   3.76605       0.00000    
   29.5241      0.402414E-03  0.238488E-04  0.313005E-05   0.00000      0.597725E-01   3.73854       0.00000    
   29.7426      0.396341E-03  0.235173E-04  0.306280E-05   0.00000      0.598370E-01   3.71011       0.00000    
   29.9626      0.390341E-03  0.231863E-04  0.299723E-05   0.00000      0.598944E-01   3.68281       0.00000    
   30.1843      0.384413E-03  0.228563E-04  0.293395E-05   0.00000      0.599456E-01   3.65738       0.00000    
   30.4076      0.378571E-03  0.225311E-04  0.287153E-05   0.00000      0.599977E-01   3.63152       0.00000    
   30.6326      0.372800E-03  0.222094E-04  0.280986E-05   0.00000      0.600493E-01   3.60529       0.00000    
   30.8592      0.367104E-03  0.218889E-04  0.274952E-05   0.00000      0.600945E-01   3.57978       0.00000    
   31.0876      0.361480E-03  0.215711E-04  0.269031E-05   0.00000      0.601367E-01   3.55456       0.00000    
   31.3176      0.355935E-03  0.212563E-04  0.263254E-05   0.00000      0.601760E-01   3.53000       0.00000    
   31.5493      0.350463E-03  0.209441E-04  0.257690E-05   0.00000      0.602118E-01   3.50713       0.00000    
   31.7827      0.345056E-03  0.206360E-04  0.252323E-05   0.00000      0.602503E-01   3.48556       0.00000    
   32.0178      0.339726E-03  0.203336E-04  0.247033E-05   0.00000      0.602930E-01   3.46347       0.00000    
   32.2547      0.334466E-03  0.200339E-04  0.241762E-05   0.00000      0.603328E-01   3.44049       0.00000    
   32.4934      0.329278E-03  0.197337E-04  0.236576E-05   0.00000      0.603593E-01   3.41812       0.00000    
   32.7338      0.324158E-03  0.194351E-04  0.231554E-05   0.00000      0.603797E-01   3.39715       0.00000    
   32.9760      0.319104E-03  0.191417E-04  0.226740E-05   0.00000      0.604053E-01   3.37770       0.00000    
   33.2199      0.314119E-03  0.188514E-04  0.222123E-05   0.00000      0.604287E-01   3.36005       0.00000    
   33.4657      0.309200E-03  0.185624E-04  0.217525E-05   0.00000      0.604442E-01   3.34189       0.00000    
   33.7133      0.304353E-03  0.182776E-04  0.212886E-05   0.00000      0.604598E-01   3.32177       0.00000    
   33.9628      0.299569E-03  0.179972E-04  0.208399E-05   0.00000      0.604782E-01   3.30258       0.00000    
   34.2140      0.294848E-03  0.177187E-04  0.204109E-05   0.00000      0.604919E-01   3.28558       0.00000    
   34.4672      0.290192E-03  0.174429E-04  0.199827E-05   0.00000      0.605011E-01   3.26768       0.00000    
   34.7222      0.285606E-03  0.171717E-04  0.195456E-05   0.00000      0.605120E-01   3.24686       0.00000    
   34.9791      0.281085E-03  0.169047E-04  0.191119E-05   0.00000      0.605242E-01   3.22514       0.00000    
   35.2379      0.276622E-03  0.166407E-04  0.186929E-05   0.00000      0.605350E-01   3.20467       0.00000    
   35.4986      0.272223E-03  0.163794E-04  0.182888E-05   0.00000      0.605430E-01   3.18555       0.00000    
   35.7612      0.267887E-03  0.161215E-04  0.178956E-05   0.00000      0.605499E-01   3.16708       0.00000    
   36.0258      0.263613E-03  0.158660E-04  0.175138E-05   0.00000      0.605526E-01   3.14955       0.00000    
   36.2924      0.259394E-03  0.156121E-04  0.171458E-05   0.00000      0.605485E-01   3.13367       0.00000    
   36.5609      0.255237E-03  0.153614E-04  0.167829E-05   0.00000      0.605429E-01   3.11751       0.00000    
   36.8314      0.251144E-03  0.151143E-04  0.164219E-05   0.00000      0.605361E-01   3.10047       0.00000    
   37.1039      0.247106E-03  0.148698E-04  0.160753E-05   0.00000      0.605263E-01   3.08505       0.00000    
   37.3784      0.243125E-03  0.146295E-04  0.157412E-05   0.00000      0.605201E-01   3.07066       0.00000    
   37.6550      0.239201E-03  0.143933E-04  0.154104E-05   0.00000      0.605162E-01   3.05559       0.00000    
   37.9336      0.235335E-03  0.141584E-04  0.150852E-05   0.00000      0.605035E-01   3.04083       0.00000    
   38.2142      0.231525E-03  0.139256E-04  0.147692E-05   0.00000      0.604847E-01   3.02701       0.00000    
   38.4969      0.227767E-03  0.136974E-04  0.144610E-05   0.00000      0.604719E-01   3.01334       0.00000    
   38.7818      0.224063E-03  0.134727E-04  0.141571E-05   0.00000      0.604601E-01   2.99930       0.00000    
   39.0687      0.220415E-03  0.132488E-04  0.138608E-05   0.00000      0.604366E-01   2.98625       0.00000    
   39.3578      0.216815E-03  0.130267E-04  0.135672E-05   0.00000      0.604070E-01   2.97292       0.00000    
   39.6490      0.213271E-03  0.128093E-04  0.132686E-05   0.00000      0.603826E-01   2.95696       0.00000    
   39.9423      0.209782E-03  0.125956E-04  0.129727E-05   0.00000      0.603591E-01   2.94019       0.00000    
   40.2378      0.206339E-03  0.123837E-04  0.126948E-05   0.00000      0.603309E-01   2.92653       0.00000    
   40.5355      0.202945E-03  0.121739E-04  0.124318E-05   0.00000      0.602982E-01   2.91538       0.00000    
   40.8354      0.199602E-03  0.119672E-04  0.121645E-05   0.00000      0.602640E-01   2.90205       0.00000    
   41.1376      0.196312E-03  0.117640E-04  0.118951E-05   0.00000      0.602303E-01   2.88691       0.00000    
   41.4419      0.193070E-03  0.115642E-04  0.116354E-05   0.00000      0.601992E-01   2.87274       0.00000    
   41.7485      0.189875E-03  0.113679E-04  0.113844E-05   0.00000      0.601700E-01   2.85942       0.00000    
   42.0574      0.186730E-03  0.111738E-04  0.111385E-05   0.00000      0.601361E-01   2.84634       0.00000    
   42.3686      0.183629E-03  0.109814E-04  0.108994E-05   0.00000      0.600957E-01   2.83413       0.00000    
   42.6821      0.180574E-03  0.107916E-04  0.106677E-05   0.00000      0.600538E-01   2.82274       0.00000    
   42.9978      0.177565E-03  0.106049E-04  0.104327E-05   0.00000      0.600124E-01   2.80923       0.00000    
   43.3160      0.174602E-03  0.104205E-04  0.101970E-05   0.00000      0.599667E-01   2.79444       0.00000    
   43.6365      0.171679E-03  0.102375E-04  0.997960E-06   0.00000      0.599140E-01   2.78384       0.00000    
   43.9593      0.168801E-03  0.100567E-04  0.977807E-06   0.00000      0.598581E-01   2.77670       0.00000    
   44.2845      0.165968E-03  0.988003E-05  0.957613E-06   0.00000      0.598086E-01   2.76803       0.00000    
   44.6122      0.163178E-03  0.970648E-05  0.937297E-06   0.00000      0.597608E-01   2.75780       0.00000    
   44.9423      0.160427E-03  0.953396E-05  0.916786E-06   0.00000      0.597029E-01   2.74634       0.00000    
   45.2748      0.157721E-03  0.936437E-05  0.895880E-06   0.00000      0.596441E-01   2.73240       0.00000    
   45.6097      0.155056E-03  0.919889E-05  0.875443E-06   0.00000      0.595943E-01   2.71818       0.00000    
   45.9472      0.152431E-03  0.903452E-05  0.855561E-06   0.00000      0.595349E-01   2.70486       0.00000    
   46.2871      0.149844E-03  0.887107E-05  0.835620E-06   0.00000      0.594639E-01   2.69058       0.00000    
   46.6296      0.147298E-03  0.871182E-05  0.815770E-06   0.00000      0.594029E-01   2.67477       0.00000    
   46.9746      0.144791E-03  0.855538E-05  0.796512E-06   0.00000      0.593433E-01   2.65947       0.00000    
   47.3221      0.142319E-03  0.839963E-05  0.777942E-06   0.00000      0.592723E-01   2.64571       0.00000    
   47.6723      0.139885E-03  0.824654E-05  0.759102E-06   0.00000      0.592015E-01   2.62966       0.00000    
   48.0250      0.137491E-03  0.809645E-05  0.739576E-06   0.00000      0.591321E-01   2.60962       0.00000    
   48.3803      0.135133E-03  0.794827E-05  0.720895E-06   0.00000      0.590594E-01   2.59123       0.00000    
   48.7382      0.132810E-03  0.780191E-05  0.703412E-06   0.00000      0.589833E-01   2.57590       0.00000    
   49.0988      0.130523E-03  0.765778E-05  0.685674E-06   0.00000      0.589047E-01   2.55830       0.00000    
   49.4621      0.128270E-03  0.751657E-05  0.667607E-06   0.00000      0.588302E-01   2.53779       0.00000    
   49.8281      0.126052E-03  0.737682E-05  0.649949E-06   0.00000      0.587489E-01   2.51758       0.00000    
   50.1967      0.123867E-03  0.723811E-05  0.632979E-06   0.00000      0.586578E-01   2.49893       0.00000    
   50.5681      0.121715E-03  0.710302E-05  0.616374E-06   0.00000      0.585771E-01   2.47974       0.00000    
   50.9423      0.119600E-03  0.697065E-05  0.599623E-06   0.00000      0.584984E-01   2.45827       0.00000    
   51.3192      0.117515E-03  0.683899E-05  0.583151E-06   0.00000      0.584080E-01   2.43687       0.00000    
   51.6988      0.115461E-03  0.670861E-05  0.566829E-06   0.00000      0.583100E-01   2.41481       0.00000    
   52.0813      0.113439E-03  0.658044E-05  0.550497E-06   0.00000      0.582113E-01   2.39102       0.00000    
   52.4667      0.111448E-03  0.645457E-05  0.534832E-06   0.00000      0.581140E-01   2.36838       0.00000    
   52.8549      0.109489E-03  0.633102E-05  0.519252E-06   0.00000      0.580177E-01   2.34437       0.00000    
   53.2459      0.107561E-03  0.621061E-05  0.503365E-06   0.00000      0.579298E-01   2.31683       0.00000    
   53.6399      0.105663E-03  0.609174E-05  0.487707E-06   0.00000      0.578373E-01   2.28868       0.00000    
   54.0367      0.103792E-03  0.597330E-05  0.472657E-06   0.00000      0.577305E-01   2.26215       0.00000    
   54.4365      0.101950E-03  0.585662E-05  0.458086E-06   0.00000      0.576217E-01   2.23619       0.00000    
   54.8393      0.100137E-03  0.574229E-05  0.443313E-06   0.00000      0.575149E-01   2.20728       0.00000    
   55.2450      0.983518E-04  0.562999E-05  0.428271E-06   0.00000      0.574088E-01   2.17504       0.00000    
   55.6538      0.965940E-04  0.551930E-05  0.413228E-06   0.00000      0.572991E-01   2.14086       0.00000    
   56.0655      0.948649E-04  0.541068E-05  0.398364E-06   0.00000      0.571900E-01   2.10542       0.00000    
   56.4803      0.931618E-04  0.530385E-05  0.383977E-06   0.00000      0.570805E-01   2.07038       0.00000    
   56.8982      0.914844E-04  0.519825E-05  0.370297E-06   0.00000      0.569651E-01   2.03729       0.00000    
   57.3192      0.898329E-04  0.509449E-05  0.356743E-06   0.00000      0.568496E-01   2.00281       0.00000    
   57.7433      0.882098E-04  0.499334E-05  0.342555E-06   0.00000      0.567406E-01   1.96224       0.00000    
   58.1705      0.866120E-04  0.489449E-05  0.328168E-06   0.00000      0.566374E-01   1.91792       0.00000    
   58.6009      0.850369E-04  0.479673E-05  0.314527E-06   0.00000      0.565288E-01   1.87579       0.00000    
   59.0344      0.834853E-04  0.470004E-05  0.301553E-06   0.00000      0.564136E-01   1.83552       0.00000    
   59.4712      0.819587E-04  0.460533E-05  0.288288E-06   0.00000      0.563008E-01   1.79098       0.00000    
   59.9112      0.804568E-04  0.451250E-05  0.274618E-06   0.00000      0.561898E-01   1.74128       0.00000    
   60.3545      0.789785E-04  0.442092E-05  0.260810E-06   0.00000      0.560736E-01   1.68811       0.00000    
   60.8010      0.775237E-04  0.433104E-05  0.246883E-06   0.00000      0.559580E-01   1.63126       0.00000    
   61.2509      0.760924E-04  0.424318E-05  0.233211E-06   0.00000      0.558478E-01   1.57294       0.00000    
   61.7040      0.746822E-04  0.415661E-05  0.220202E-06   0.00000      0.557354E-01   1.51625       0.00000    
   62.1606      0.732939E-04  0.407113E-05  0.207499E-06   0.00000      0.556174E-01   1.45887       0.00000    
   62.6205      0.719272E-04  0.398747E-05  0.194468E-06   0.00000      0.555035E-01   1.39604       0.00000    
   63.0838      0.705828E-04  0.390575E-05  0.181336E-06   0.00000      0.553953E-01   1.32911       0.00000    
   63.5505      0.692585E-04  0.382498E-05  0.168094E-06   0.00000      0.552809E-01   1.25816       0.00000    
   64.0207      0.679542E-04  0.374541E-05  0.154706E-06   0.00000      0.551637E-01   1.18264       0.00000    
   64.4944      0.666712E-04  0.366759E-05  0.141186E-06   0.00000      0.550509E-01   1.10228       0.00000    
   64.9715      0.654078E-04  0.359083E-05  0.127674E-06   0.00000      0.549338E-01   1.01816       0.00000    
   65.4522      0.641630E-04  0.351470E-05  0.114914E-06   0.00000      0.548069E-01  0.936315       0.00000    
   65.9365      0.629382E-04  0.343973E-05  0.102460E-06   0.00000      0.546768E-01  0.853086       0.00000    
   66.4243      0.617334E-04  0.336678E-05  0.899311E-07   0.00000      0.545569E-01  0.765040       0.00000    
   66.9158      0.605461E-04  0.329534E-05  0.776838E-07   0.00000      0.544420E-01  0.675215       0.00000    
   67.4109      0.593783E-04  0.322511E-05  0.651507E-07   0.00000      0.543256E-01  0.578640       0.00000    
   67.9096      0.582297E-04  0.315697E-05  0.521901E-07   0.00000      0.542233E-01  0.473555       0.00000    
   68.4121      0.570987E-04  0.309037E-05  0.392759E-07   0.00000      0.541277E-01  0.364070       0.00000    
   68.9182      0.559849E-04  0.302400E-05  0.262554E-07   0.00000      0.540166E-01  0.248725       0.00000    
   69.4281      0.548884E-04  0.295864E-05  0.133194E-07   0.00000      0.539034E-01  0.128968       0.00000    
   69.9418      0.538085E-04  0.289522E-05  0.772232E-09   0.00000      0.538059E-01  0.764116E-02   0.00000    
   70.4593      0.527465E-04  0.283297E-05 -0.118899E-07   0.00000      0.537098E-01 -0.120234       0.00000    
   70.9806      0.517015E-04  0.277166E-05 -0.248935E-07   0.00000      0.536110E-01 -0.257292       0.00000    
   71.5057      0.506731E-04  0.271189E-05 -0.376372E-07   0.00000      0.535226E-01 -0.397567       0.00000    
   72.0348      0.496601E-04  0.265340E-05 -0.497386E-07   0.00000      0.534405E-01 -0.536949       0.00000    
   72.5677      0.486619E-04  0.259550E-05 -0.614253E-07   0.00000      0.533524E-01 -0.677856       0.00000    
   73.1046      0.476794E-04  0.253847E-05 -0.730544E-07   0.00000      0.532625E-01 -0.824227       0.00000    
   73.6455      0.467129E-04  0.248323E-05 -0.850557E-07   0.00000      0.531906E-01 -0.980864       0.00000    
   74.1904      0.457625E-04  0.242971E-05 -0.973583E-07   0.00000      0.531365E-01  -1.14731       0.00000    
   74.7393      0.448254E-04  0.237708E-05 -0.109390E-06   0.00000      0.530858E-01  -1.31740       0.00000    
   75.2923      0.439032E-04  0.232534E-05 -0.121044E-06   0.00000      0.530370E-01  -1.48990       0.00000    
   75.8493      0.429954E-04  0.227474E-05 -0.132623E-06   0.00000      0.529965E-01  -1.66835       0.00000    
   76.4105      0.421020E-04  0.222514E-05 -0.144188E-06   0.00000      0.529621E-01  -1.85378       0.00000    
   76.9758      0.412224E-04  0.217648E-05 -0.155565E-06   0.00000      0.529332E-01  -2.04414       0.00000    
   77.5454      0.403565E-04  0.212904E-05 -0.166564E-06   0.00000      0.529171E-01  -2.23669       0.00000    
   78.1191      0.395044E-04  0.208280E-05 -0.177018E-06   0.00000      0.529134E-01  -2.42896       0.00000    
   78.6971      0.386651E-04  0.203736E-05 -0.187066E-06   0.00000      0.529142E-01  -2.62303       0.00000    
   79.2793      0.378392E-04  0.199276E-05 -0.196997E-06   0.00000      0.529207E-01  -2.82286       0.00000    
   79.8659      0.370259E-04  0.194926E-05 -0.206845E-06   0.00000      0.529414E-01  -3.02862       0.00000    
   80.4568      0.362244E-04  0.190649E-05 -0.216316E-06   0.00000      0.529678E-01  -3.23662       0.00000    
   81.0521      0.354352E-04  0.186414E-05 -0.225237E-06   0.00000      0.529896E-01  -3.44472       0.00000    
   81.6517      0.346584E-04  0.182271E-05 -0.233935E-06   0.00000      0.530221E-01  -3.65680       0.00000    
   82.2558      0.338944E-04  0.178238E-05 -0.242642E-06   0.00000      0.530714E-01  -3.87610       0.00000    
   82.8644      0.331421E-04  0.174257E-05 -0.251106E-06   0.00000      0.531219E-01  -4.09997       0.00000    
   83.4775      0.324015E-04  0.170324E-05 -0.259091E-06   0.00000      0.531713E-01  -4.32468       0.00000    
   84.0951      0.316726E-04  0.166463E-05 -0.266620E-06   0.00000      0.532273E-01  -4.54982       0.00000    
   84.7173      0.309556E-04  0.162645E-05 -0.273775E-06   0.00000      0.532806E-01  -4.77741       0.00000    
   85.3441      0.302497E-04  0.158847E-05 -0.280449E-06   0.00000      0.533240E-01  -5.00628       0.00000    
   85.9755      0.295552E-04  0.155094E-05 -0.286625E-06   0.00000      0.533646E-01  -5.23526       0.00000    
   86.6116      0.288719E-04  0.151390E-05 -0.292368E-06   0.00000      0.534037E-01  -5.46528       0.00000    
   87.2525      0.281995E-04  0.147697E-05 -0.297496E-06   0.00000      0.534276E-01  -5.69417       0.00000    
   87.8980      0.275379E-04  0.144020E-05 -0.301836E-06   0.00000      0.534349E-01  -5.91837       0.00000    
   88.5483      0.268867E-04  0.140381E-05 -0.305322E-06   0.00000      0.534329E-01  -6.13520       0.00000    
   89.2035      0.262460E-04  0.136762E-05 -0.307977E-06   0.00000      0.534127E-01  -6.34542       0.00000    
   89.8635      0.256152E-04  0.133143E-05 -0.309660E-06   0.00000      0.533653E-01  -6.54647       0.00000    
   90.5283      0.249951E-04  0.129559E-05 -0.310162E-06   0.00000      0.532985E-01  -6.73156       0.00000    
   91.1981      0.243846E-04  0.126038E-05 -0.309440E-06   0.00000      0.532226E-01  -6.89702       0.00000    
   91.8729      0.237840E-04  0.122544E-05 -0.307340E-06   0.00000      0.531195E-01  -7.03967       0.00000    
   92.5526      0.231922E-04  0.119064E-05 -0.303792E-06   0.00000      0.529829E-01  -7.15679       0.00000    
   93.2374      0.226102E-04  0.115646E-05 -0.298990E-06   0.00000      0.528295E-01  -7.24790       0.00000    
   93.9272      0.220384E-04  0.112300E-05 -0.293104E-06   0.00000      0.526634E-01  -7.31394       0.00000    
   94.6221      0.214762E-04  0.108979E-05 -0.286166E-06   0.00000      0.524646E-01  -7.35648       0.00000    
   95.3222      0.209237E-04  0.105664E-05 -0.278270E-06   0.00000      0.522217E-01  -7.37701       0.00000    
   96.0275      0.203812E-04  0.102382E-05 -0.269564E-06   0.00000      0.519458E-01  -7.37537       0.00000    
   96.7379      0.198485E-04  0.991403E-06 -0.260029E-06   0.00000      0.516380E-01  -7.34836       0.00000    
   97.4537      0.193256E-04  0.958993E-06 -0.249473E-06   0.00000      0.512744E-01  -7.29088       0.00000    
   98.1747      0.188122E-04  0.926508E-06 -0.237914E-06   0.00000      0.508482E-01  -7.20080       0.00000    
   98.9010      0.183097E-04  0.894876E-06 -0.225570E-06   0.00000      0.504033E-01  -7.07385       0.00000    
   99.6328      0.178175E-04  0.864675E-06 -0.212724E-06   0.00000      0.499766E-01  -6.91061       0.00000    
