   1.20444      0.768170E-01  0.199822E-04  0.127124E-05   0.00000      0.260653E-03   1.82009       0.00000    
   1.21335      0.756950E-01  0.200649E-04  0.126970E-05   0.00000      0.265605E-03   1.81042       0.00000    
   1.22233      0.745889E-01  0.201593E-04  0.126560E-05   0.00000      0.270804E-03   1.79615       0.00000    
   1.23137      0.735007E-01  0.202623E-04  0.126018E-05   0.00000      0.276208E-03   1.77942       0.00000    
   1.24048      0.724263E-01  0.203634E-04  0.125592E-05   0.00000      0.281695E-03   1.76463       0.00000    
   1.24966      0.713698E-01  0.204627E-04  0.125167E-05   0.00000      0.287250E-03   1.75016       0.00000    
   1.25891      0.703269E-01  0.205683E-04  0.124584E-05   0.00000      0.293002E-03   1.73311       0.00000    
   1.26822      0.693006E-01  0.206776E-04  0.124024E-05   0.00000      0.298912E-03   1.71624       0.00000    
   1.27760      0.682890E-01  0.207849E-04  0.123610E-05   0.00000      0.304905E-03   1.70171       0.00000    
   1.28706      0.672911E-01  0.208909E-04  0.123242E-05   0.00000      0.310995E-03   1.68807       0.00000    
   1.29658      0.663095E-01  0.209959E-04  0.122902E-05   0.00000      0.317177E-03   1.67503       0.00000    
   1.30617      0.653416E-01  0.210971E-04  0.122778E-05   0.00000      0.323421E-03   1.66532       0.00000    
   1.31583      0.643875E-01  0.211915E-04  0.122957E-05   0.00000      0.329677E-03   1.66035       0.00000    
   1.32557      0.634473E-01  0.212795E-04  0.123303E-05   0.00000      0.335952E-03   1.65814       0.00000    
   1.33538      0.625215E-01  0.213606E-04  0.123785E-05   0.00000      0.342225E-03   1.65830       0.00000    
   1.34526      0.616085E-01  0.214264E-04  0.124694E-05   0.00000      0.348371E-03   1.66533       0.00000    
   1.35521      0.607102E-01  0.214732E-04  0.126264E-05   0.00000      0.354311E-03   1.68258       0.00000    
   1.36524      0.598230E-01  0.215083E-04  0.128374E-05   0.00000      0.360172E-03   1.70785       0.00000    
   1.37534      0.589505E-01  0.215323E-04  0.131107E-05   0.00000      0.365937E-03   1.74218       0.00000    
   1.38551      0.580906E-01  0.215379E-04  0.134781E-05   0.00000      0.371489E-03   1.79041       0.00000    
   1.39576      0.572425E-01  0.215255E-04  0.139378E-05   0.00000      0.376827E-03   1.85237       0.00000    
   1.40609      0.564067E-01  0.215034E-04  0.144471E-05   0.00000      0.382080E-03   1.92183       0.00000    
   1.41649      0.555844E-01  0.214828E-04  0.149459E-05   0.00000      0.387424E-03   1.98987       0.00000    
   1.42697      0.547730E-01  0.214761E-04  0.153815E-05   0.00000      0.393097E-03   2.04831       0.00000    
   1.43753      0.539734E-01  0.214927E-04  0.157292E-05   0.00000      0.399274E-03   2.09283       0.00000    
   1.44817      0.531865E-01  0.215357E-04  0.159924E-05   0.00000      0.406025E-03   2.12349       0.00000    
   1.45888      0.524111E-01  0.216033E-04  0.161860E-05   0.00000      0.413344E-03   2.14241       0.00000    
   1.46968      0.516461E-01  0.216861E-04  0.163374E-05   0.00000      0.421088E-03   2.15415       0.00000    
   1.48055      0.508932E-01  0.217739E-04  0.164721E-05   0.00000      0.429057E-03   2.16312       0.00000    
   1.49150      0.501509E-01  0.218638E-04  0.165927E-05   0.00000      0.437214E-03   2.16996       0.00000    
   1.50254      0.494198E-01  0.219582E-04  0.166801E-05   0.00000      0.445600E-03   2.17201       0.00000    
   1.51366      0.486993E-01  0.220583E-04  0.167216E-05   0.00000      0.454249E-03   2.16755       0.00000    
   1.52486      0.479894E-01  0.221607E-04  0.167380E-05   0.00000      0.463100E-03   2.15967       0.00000    
   1.53614      0.472894E-01  0.222606E-04  0.167594E-05   0.00000      0.472064E-03   2.15276       0.00000    
   1.54750      0.465996E-01  0.223587E-04  0.167848E-05   0.00000      0.481154E-03   2.14659       0.00000    
   1.55895      0.459212E-01  0.224610E-04  0.167733E-05   0.00000      0.490483E-03   2.13538       0.00000    
   1.57049      0.452512E-01  0.225637E-04  0.167204E-05   0.00000      0.499999E-03   2.11903       0.00000    
   1.58211      0.445918E-01  0.226574E-04  0.166625E-05   0.00000      0.509479E-03   2.10301       0.00000    
   1.59381      0.439421E-01  0.227512E-04  0.165847E-05   0.00000      0.519129E-03   2.08462       0.00000    
   1.60560      0.433016E-01  0.228571E-04  0.164662E-05   0.00000      0.529226E-03   2.06024       0.00000    
   1.61748      0.426704E-01  0.229692E-04  0.163361E-05   0.00000      0.539653E-03   2.03406       0.00000    
   1.62945      0.420491E-01  0.230807E-04  0.162072E-05   0.00000      0.550250E-03   2.00835       0.00000    
   1.64151      0.414363E-01  0.231987E-04  0.160540E-05   0.00000      0.561202E-03   1.97934       0.00000    
   1.65365      0.408324E-01  0.233283E-04  0.158683E-05   0.00000      0.572638E-03   1.94569       0.00000    
   1.66588      0.402379E-01  0.234593E-04  0.156680E-05   0.00000      0.584314E-03   1.91049       0.00000    
   1.67821      0.396514E-01  0.235842E-04  0.154508E-05   0.00000      0.596062E-03   1.87414       0.00000    
   1.69063      0.390739E-01  0.237104E-04  0.151941E-05   0.00000      0.608054E-03   1.83331       0.00000    
   1.70313      0.385048E-01  0.238442E-04  0.148995E-05   0.00000      0.620460E-03   1.78780       0.00000    
   1.71574      0.379441E-01  0.239804E-04  0.145923E-05   0.00000      0.633163E-03   1.74110       0.00000    
   1.72843      0.373917E-01  0.241177E-04  0.142687E-05   0.00000      0.646128E-03   1.69292       0.00000    
   1.74122      0.368471E-01  0.242604E-04  0.139202E-05   0.00000      0.659490E-03   1.64197       0.00000    
   1.75410      0.363111E-01  0.244068E-04  0.135739E-05   0.00000      0.673196E-03   1.59162       0.00000    
   1.76708      0.357821E-01  0.245556E-04  0.132345E-05   0.00000      0.687251E-03   1.54251       0.00000    
   1.78015      0.352610E-01  0.247136E-04  0.128729E-05   0.00000      0.701828E-03   1.49087       0.00000    
   1.79332      0.347480E-01  0.248798E-04  0.125008E-05   0.00000      0.716909E-03   1.43820       0.00000    
   1.80659      0.342420E-01  0.250442E-04  0.121556E-05   0.00000      0.732252E-03   1.38938       0.00000    
   1.81996      0.337438E-01  0.252068E-04  0.118259E-05   0.00000      0.747828E-03   1.34305       0.00000    
   1.83342      0.332528E-01  0.253685E-04  0.114886E-05   0.00000      0.763681E-03   1.29649       0.00000    
   1.84699      0.327686E-01  0.255207E-04  0.111477E-05   0.00000      0.779558E-03   1.25058       0.00000    
   1.86065      0.322922E-01  0.256586E-04  0.108053E-05   0.00000      0.795280E-03   1.20570       0.00000    
   1.87442      0.318220E-01  0.257803E-04  0.104886E-05   0.00000      0.810811E-03   1.16489       0.00000    
   1.88829      0.313595E-01  0.258782E-04  0.102536E-05   0.00000      0.825860E-03   1.13451       0.00000    
   1.90226      0.309028E-01  0.259486E-04  0.101256E-05   0.00000      0.840324E-03   1.11733       0.00000    
   1.91633      0.304538E-01  0.259943E-04  0.100908E-05   0.00000      0.854208E-03   1.11153       0.00000    
   1.93051      0.300106E-01  0.260168E-04  0.101442E-05   0.00000      0.867580E-03   1.11644       0.00000    
   1.94479      0.295742E-01  0.260107E-04  0.103316E-05   0.00000      0.880203E-03   1.13732       0.00000    
   1.95918      0.291438E-01  0.259676E-04  0.107203E-05   0.00000      0.891775E-03   1.18201       0.00000    
   1.97368      0.287205E-01  0.258852E-04  0.113190E-05   0.00000      0.902140E-03   1.25191       0.00000    
   1.98828      0.283023E-01  0.257676E-04  0.120797E-05   0.00000      0.911440E-03   1.34202       0.00000    
   2.00299      0.278913E-01  0.256183E-04  0.129722E-05   0.00000      0.919682E-03   1.44939       0.00000    
   2.01781      0.274856E-01  0.254597E-04  0.139180E-05   0.00000      0.927675E-03   1.56453       0.00000    
   2.03274      0.270860E-01  0.253623E-04  0.146567E-05   0.00000      0.937922E-03   1.65370       0.00000    
   2.04778      0.266928E-01  0.253808E-04  0.149728E-05   0.00000      0.952504E-03   1.68806       0.00000    
   2.06293      0.263050E-01  0.254811E-04  0.149757E-05   0.00000      0.970350E-03   1.68176       0.00000    
   2.07819      0.259235E-01  0.256080E-04  0.148758E-05   0.00000      0.989495E-03   1.66230       0.00000    
   2.09357      0.255470E-01  0.257434E-04  0.147574E-05   0.00000      0.100934E-02   1.64045       0.00000    
   2.10906      0.251764E-01  0.258787E-04  0.146449E-05   0.00000      0.102954E-02   1.61948       0.00000    
   2.12466      0.248112E-01  0.260084E-04  0.145521E-05   0.00000      0.104989E-02   1.60122       0.00000    
   2.14038      0.244511E-01  0.261367E-04  0.144704E-05   0.00000      0.107057E-02   1.58445       0.00000    
   2.15622      0.240967E-01  0.262703E-04  0.143599E-05   0.00000      0.109183E-02   1.56440       0.00000    
   2.17217      0.237471E-01  0.264086E-04  0.141899E-05   0.00000      0.111368E-02   1.53783       0.00000    
   2.18824      0.234027E-01  0.265486E-04  0.139696E-05   0.00000      0.113599E-02   1.50603       0.00000    
   2.20443      0.230637E-01  0.266930E-04  0.137132E-05   0.00000      0.115889E-02   1.47045       0.00000    
   2.22074      0.227293E-01  0.268417E-04  0.134464E-05   0.00000      0.118241E-02   1.43392       0.00000    
   2.23717      0.224000E-01  0.269883E-04  0.132146E-05   0.00000      0.120628E-02   1.40160       0.00000    
   2.25372      0.220753E-01  0.271343E-04  0.130060E-05   0.00000      0.123058E-02   1.37211       0.00000    
   2.27040      0.217556E-01  0.272833E-04  0.127739E-05   0.00000      0.125545E-02   1.34030       0.00000    
   2.28720      0.214406E-01  0.274337E-04  0.125105E-05   0.00000      0.128085E-02   1.30551       0.00000    
   2.30412      0.211298E-01  0.275904E-04  0.122262E-05   0.00000      0.130704E-02   1.26865       0.00000    
   2.32117      0.208241E-01  0.277595E-04  0.119278E-05   0.00000      0.133428E-02   1.23019       0.00000    
   2.33834      0.205227E-01  0.279412E-04  0.116170E-05   0.00000      0.136265E-02   1.19040       0.00000    
   2.35564      0.202256E-01  0.281367E-04  0.112911E-05   0.00000      0.139226E-02   1.14901       0.00000    
   2.37307      0.199332E-01  0.283485E-04  0.109490E-05   0.00000      0.142324E-02   1.10591       0.00000    
   2.39063      0.196446E-01  0.285731E-04  0.105876E-05   0.00000      0.145550E-02   1.06104       0.00000    
   2.40831      0.193605E-01  0.288026E-04  0.102049E-05   0.00000      0.148863E-02   1.01458       0.00000    
   2.42613      0.190805E-01  0.290315E-04  0.979862E-06   0.00000      0.152239E-02  0.966549       0.00000    
   2.44408      0.188047E-01  0.292595E-04  0.936257E-06   0.00000      0.155676E-02  0.916375       0.00000    
   2.46217      0.185328E-01  0.294902E-04  0.889278E-06   0.00000      0.159197E-02  0.863617       0.00000    
   2.48038      0.182652E-01  0.297219E-04  0.839665E-06   0.00000      0.162789E-02  0.809109       0.00000    
   2.49873      0.180012E-01  0.299428E-04  0.790378E-06   0.00000      0.166396E-02  0.756021       0.00000    
   2.51722      0.177411E-01  0.301412E-04  0.745832E-06   0.00000      0.169947E-02  0.708735       0.00000    
   2.53585      0.174850E-01  0.303165E-04  0.708636E-06   0.00000      0.173433E-02  0.669511       0.00000    
   2.55461      0.172326E-01  0.304662E-04  0.681325E-06   0.00000      0.176839E-02  0.640554       0.00000    
   2.57351      0.169836E-01  0.305461E-04  0.680102E-06   0.00000      0.179901E-02  0.637733       0.00000    
   2.59255      0.167384E-01  0.305180E-04  0.720530E-06   0.00000      0.182374E-02  0.676251       0.00000    
   2.61173      0.164966E-01  0.304281E-04  0.789477E-06   0.00000      0.184513E-02  0.743123       0.00000    
   2.63105      0.162583E-01  0.303450E-04  0.864032E-06   0.00000      0.186718E-02  0.815489       0.00000    
   2.65052      0.160239E-01  0.302906E-04  0.934608E-06   0.00000      0.189124E-02  0.883642       0.00000    
   2.67013      0.157927E-01  0.302487E-04  0.100387E-05   0.00000      0.191641E-02  0.950398       0.00000    
   2.68988      0.155648E-01  0.301951E-04  0.107904E-05   0.00000      0.194120E-02   1.02331       0.00000    
   2.70979      0.153407E-01  0.301354E-04  0.115901E-05   0.00000      0.196585E-02   1.10126       0.00000    
   2.72983      0.151195E-01  0.301262E-04  0.122581E-05   0.00000      0.199419E-02   1.16501       0.00000    
   2.75003      0.149020E-01  0.302119E-04  0.126483E-05   0.00000      0.202915E-02   1.19865       0.00000    
   2.77038      0.146878E-01  0.303570E-04  0.128594E-05   0.00000      0.206867E-02   1.21282       0.00000    
   2.79088      0.144764E-01  0.305126E-04  0.130233E-05   0.00000      0.210967E-02   1.22200       0.00000    
   2.81152      0.142685E-01  0.306686E-04  0.131587E-05   0.00000      0.215136E-02   1.22842       0.00000    
   2.83233      0.140635E-01  0.308240E-04  0.132796E-05   0.00000      0.219382E-02   1.23345       0.00000    
   2.85328      0.138616E-01  0.309794E-04  0.134051E-05   0.00000      0.223700E-02   1.23885       0.00000    
   2.87439      0.136626E-01  0.311416E-04  0.135230E-05   0.00000      0.228147E-02   1.24323       0.00000    
   2.89566      0.134665E-01  0.313137E-04  0.136320E-05   0.00000      0.232750E-02   1.24636       0.00000    
   2.91708      0.132735E-01  0.314855E-04  0.137641E-05   0.00000      0.237433E-02   1.25157       0.00000    
   2.93866      0.130830E-01  0.316510E-04  0.139201E-05   0.00000      0.242158E-02   1.25912       0.00000    
   2.96041      0.128956E-01  0.318190E-04  0.140562E-05   0.00000      0.246984E-02   1.26471       0.00000    
   2.98231      0.127108E-01  0.319878E-04  0.141769E-05   0.00000      0.251905E-02   1.26883       0.00000    
   3.00437      0.125289E-01  0.321507E-04  0.143164E-05   0.00000      0.256868E-02   1.27481       0.00000    
   3.02660      0.123495E-01  0.323164E-04  0.144636E-05   0.00000      0.261944E-02   1.28131       0.00000    
   3.04900      0.121728E-01  0.324899E-04  0.146021E-05   0.00000      0.267175E-02   1.28668       0.00000    
   3.07155      0.119989E-01  0.326613E-04  0.147603E-05   0.00000      0.272481E-02   1.29377       0.00000    
   3.09428      0.118272E-01  0.328277E-04  0.149533E-05   0.00000      0.277848E-02   1.30403       0.00000    
   3.11717      0.116582E-01  0.329970E-04  0.151519E-05   0.00000      0.283335E-02   1.31456       0.00000    
   3.14024      0.114917E-01  0.331727E-04  0.153403E-05   0.00000      0.288975E-02   1.32384       0.00000    
   3.16347      0.113278E-01  0.333514E-04  0.155263E-05   0.00000      0.294740E-02   1.33271       0.00000    
   3.18687      0.111661E-01  0.335288E-04  0.157133E-05   0.00000      0.300602E-02   1.34161       0.00000    
   3.21045      0.110068E-01  0.337074E-04  0.158869E-05   0.00000      0.306581E-02   1.34923       0.00000    
   3.23421      0.108501E-01  0.338881E-04  0.160469E-05   0.00000      0.312681E-02   1.35554       0.00000    
   3.25814      0.106956E-01  0.340642E-04  0.162126E-05   0.00000      0.318849E-02   1.36244       0.00000    
   3.28224      0.105432E-01  0.342392E-04  0.163709E-05   0.00000      0.325122E-02   1.36871       0.00000    
   3.30653      0.103934E-01  0.344221E-04  0.165164E-05   0.00000      0.331575E-02   1.37353       0.00000    
   3.33099      0.102457E-01  0.346086E-04  0.166910E-05   0.00000      0.338177E-02   1.38056       0.00000    
   3.35563      0.101004E-01  0.347906E-04  0.169114E-05   0.00000      0.344854E-02   1.39145       0.00000    
   3.38046      0.995799E-02  0.349716E-04  0.171450E-05   0.00000      0.351613E-02   1.40335       0.00000    
   3.40547      0.981844E-02  0.351561E-04  0.173701E-05   0.00000      0.358499E-02   1.41430       0.00000    
   3.43067      0.968056E-02  0.353425E-04  0.175981E-05   0.00000      0.365539E-02   1.42529       0.00000    
   3.45605      0.954466E-02  0.355291E-04  0.178325E-05   0.00000      0.372709E-02   1.43667       0.00000    
   3.48162      0.941040E-02  0.357170E-04  0.180647E-05   0.00000      0.380033E-02   1.44770       0.00000    
   3.50738      0.927819E-02  0.359025E-04  0.183138E-05   0.00000      0.387459E-02   1.46006       0.00000    
   3.53333      0.914785E-02  0.360846E-04  0.185883E-05   0.00000      0.394983E-02   1.47444       0.00000    
   3.55947      0.901931E-02  0.362717E-04  0.188563E-05   0.00000      0.402699E-02   1.48796       0.00000    
   3.58581      0.889285E-02  0.364649E-04  0.191217E-05   0.00000      0.410611E-02   1.50088       0.00000    
   3.61234      0.876805E-02  0.366559E-04  0.194271E-05   0.00000      0.418649E-02   1.51688       0.00000    
   3.63906      0.864517E-02  0.368422E-04  0.197707E-05   0.00000      0.426772E-02   1.53586       0.00000    
   3.66599      0.852414E-02  0.370303E-04  0.201022E-05   0.00000      0.435056E-02   1.55365       0.00000    
   3.69311      0.840493E-02  0.372214E-04  0.204148E-05   0.00000      0.443517E-02   1.56968       0.00000    
   3.72043      0.828728E-02  0.374081E-04  0.207940E-05   0.00000      0.452089E-02   1.59081       0.00000    
   3.74796      0.817162E-02  0.375897E-04  0.213426E-05   0.00000      0.460744E-02   1.62482       0.00000    
   3.77569      0.805763E-02  0.377693E-04  0.221039E-05   0.00000      0.469542E-02   1.67466       0.00000    
   3.80363      0.794539E-02  0.379412E-04  0.230828E-05   0.00000      0.478408E-02   1.74074       0.00000    
   3.83177      0.783481E-02  0.381023E-04  0.242575E-05   0.00000      0.487306E-02   1.82138       0.00000    
   3.86012      0.772583E-02  0.382588E-04  0.255825E-05   0.00000      0.496313E-02   1.91275       0.00000    
   3.88868      0.761836E-02  0.384143E-04  0.270300E-05   0.00000      0.505480E-02   2.01248       0.00000    
   3.91745      0.751252E-02  0.385649E-04  0.285964E-05   0.00000      0.514751E-02   2.12040       0.00000    
   3.94643      0.740826E-02  0.387075E-04  0.302710E-05   0.00000      0.524085E-02   2.23584       0.00000    
   3.97563      0.730548E-02  0.388471E-04  0.320081E-05   0.00000      0.533554E-02   2.35513       0.00000    
   4.00504      0.720429E-02  0.389851E-04  0.337800E-05   0.00000      0.543165E-02   2.47611       0.00000    
   4.03468      0.710453E-02  0.391131E-04  0.356157E-05   0.00000      0.552814E-02   2.60145       0.00000    
   4.06453      0.700635E-02  0.392306E-04  0.375246E-05   0.00000      0.562484E-02   2.73190       0.00000    
   4.09460      0.690949E-02  0.393473E-04  0.394664E-05   0.00000      0.572324E-02   2.86389       0.00000    
   4.12489      0.681421E-02  0.394634E-04  0.414363E-05   0.00000      0.582318E-02   2.99703       0.00000    
   4.15541      0.672023E-02  0.395708E-04  0.434755E-05   0.00000      0.592374E-02   3.13490       0.00000    
   4.18616      0.662775E-02  0.396694E-04  0.455758E-05   0.00000      0.602472E-02   3.27697       0.00000    
   4.21713      0.653655E-02  0.397655E-04  0.476909E-05   0.00000      0.612715E-02   3.41942       0.00000    
   4.24833      0.644671E-02  0.398576E-04  0.498136E-05   0.00000      0.623073E-02   3.56191       0.00000    
   4.27976      0.635828E-02  0.399401E-04  0.519608E-05   0.00000      0.633452E-02   3.70618       0.00000    
   4.31143      0.627113E-02  0.400167E-04  0.541199E-05   0.00000      0.643919E-02   3.85107       0.00000    
   4.34332      0.618528E-02  0.400957E-04  0.562650E-05   0.00000      0.654594E-02   3.99399       0.00000    
   4.37546      0.610072E-02  0.401727E-04  0.584099E-05   0.00000      0.665416E-02   4.13633       0.00000    
   4.40783      0.601740E-02  0.402384E-04  0.605713E-05   0.00000      0.676235E-02   4.28026       0.00000    
   4.44044      0.593538E-02  0.402975E-04  0.627206E-05   0.00000      0.687110E-02   4.42338       0.00000    
   4.47330      0.585446E-02  0.403547E-04  0.648560E-05   0.00000      0.698144E-02   4.56510       0.00000    
   4.50639      0.577491E-02  0.404075E-04  0.669864E-05   0.00000      0.709258E-02   4.70636       0.00000    
   4.53974      0.569640E-02  0.404586E-04  0.690730E-05   0.00000      0.720525E-02   4.84422       0.00000    
   4.57332      0.561921E-02  0.405065E-04  0.711072E-05   0.00000      0.731879E-02   4.97828       0.00000    
   4.60716      0.554305E-02  0.405465E-04  0.731178E-05   0.00000      0.743281E-02   5.11117       0.00000    
   4.64125      0.546806E-02  0.405838E-04  0.750993E-05   0.00000      0.754798E-02   5.24192       0.00000    
   4.67559      0.539427E-02  0.406241E-04  0.770237E-05   0.00000      0.766515E-02   5.36794       0.00000    
   4.71018      0.532147E-02  0.406606E-04  0.788916E-05   0.00000      0.778335E-02   5.49018       0.00000    
   4.74503      0.524986E-02  0.406867E-04  0.807140E-05   0.00000      0.790109E-02   5.61031       0.00000    
   4.78013      0.517931E-02  0.407078E-04  0.824701E-05   0.00000      0.801936E-02   5.72629       0.00000    
   4.81550      0.510974E-02  0.407283E-04  0.841453E-05   0.00000      0.813904E-02   5.83659       0.00000    
   4.85113      0.504128E-02  0.407446E-04  0.857672E-05   0.00000      0.825931E-02   5.94360       0.00000    
   4.88702      0.497386E-02  0.407553E-04  0.873424E-05   0.00000      0.837995E-02   6.04803       0.00000    
   4.92318      0.490740E-02  0.407663E-04  0.888327E-05   0.00000      0.850206E-02   6.14649       0.00000    
   4.95960      0.484203E-02  0.407803E-04  0.902313E-05   0.00000      0.862585E-02   6.23818       0.00000    
   4.99630      0.477754E-02  0.407916E-04  0.915687E-05   0.00000      0.875069E-02   6.32599       0.00000    
   5.03326      0.471408E-02  0.407986E-04  0.928425E-05   0.00000      0.887590E-02   6.41004       0.00000    
   5.07050      0.465154E-02  0.408089E-04  0.940064E-05   0.00000      0.900298E-02   6.48610       0.00000    
   5.10802      0.458997E-02  0.408242E-04  0.950396E-05   0.00000      0.913204E-02   6.55258       0.00000    
   5.14581      0.452934E-02  0.408361E-04  0.959738E-05   0.00000      0.926156E-02   6.61287       0.00000    
   5.18388      0.446964E-02  0.408441E-04  0.968197E-05   0.00000      0.939135E-02   6.66783       0.00000    
   5.22224      0.441083E-02  0.408571E-04  0.975379E-05   0.00000      0.952320E-02   6.71344       0.00000    
   5.26087      0.435292E-02  0.408744E-04  0.981205E-05   0.00000      0.965687E-02   6.74932       0.00000    
   5.29980      0.429586E-02  0.408887E-04  0.985917E-05   0.00000      0.979094E-02   6.77825       0.00000    
   5.33901      0.423973E-02  0.409044E-04  0.989350E-05   0.00000      0.992606E-02   6.79847       0.00000    
   5.37851      0.418444E-02  0.409290E-04  0.991309E-05   0.00000      0.100640E-01   6.80749       0.00000    
   5.41830      0.412997E-02  0.409581E-04  0.992031E-05   0.00000      0.102040E-01   6.80760       0.00000    
   5.45839      0.407634E-02  0.409861E-04  0.991541E-05   0.00000      0.103447E-01   6.79988       0.00000    
   5.49878      0.402354E-02  0.410207E-04  0.989388E-05   0.00000      0.104875E-01   6.78015       0.00000    
   5.53946      0.397153E-02  0.410661E-04  0.985424E-05   0.00000      0.106337E-01   6.74679       0.00000    
   5.58044      0.392036E-02  0.411148E-04  0.979906E-05   0.00000      0.107812E-01   6.70273       0.00000    
   5.62173      0.386993E-02  0.411663E-04  0.972822E-05   0.00000      0.109305E-01   6.64796       0.00000    
   5.66332      0.382036E-02  0.412274E-04  0.963994E-05   0.00000      0.110826E-01   6.58033       0.00000    
   5.70522      0.377149E-02  0.412950E-04  0.953712E-05   0.00000      0.112375E-01   6.50225       0.00000    
   5.74744      0.372339E-02  0.413681E-04  0.942167E-05   0.00000      0.113949E-01   6.41519       0.00000    
   5.78996      0.367609E-02  0.414553E-04  0.929004E-05   0.00000      0.115567E-01   6.31559       0.00000    
   5.83280      0.362956E-02  0.415547E-04  0.914076E-05   0.00000      0.117227E-01   6.20287       0.00000    
   5.87595      0.358371E-02  0.416590E-04  0.897451E-05   0.00000      0.118912E-01   6.07865       0.00000    
   5.91943      0.353865E-02  0.417734E-04  0.878903E-05   0.00000      0.120633E-01   5.94081       0.00000    
   5.96322      0.349432E-02  0.419074E-04  0.858303E-05   0.00000      0.122420E-01   5.78733       0.00000    
   6.00734      0.345073E-02  0.420576E-04  0.836059E-05   0.00000      0.124265E-01   5.62160       0.00000    
   6.05179      0.340783E-02  0.422179E-04  0.812407E-05   0.00000      0.126158E-01   5.44619       0.00000    
   6.09656      0.336561E-02  0.423959E-04  0.787008E-05   0.00000      0.128120E-01   5.25814       0.00000    
   6.14167      0.332401E-02  0.425984E-04  0.759680E-05   0.00000      0.130176E-01   5.05578       0.00000    
   6.18711      0.328310E-02  0.428199E-04  0.730614E-05   0.00000      0.132310E-01   4.84142       0.00000    
   6.23289      0.324222E-02  0.430605E-04  0.699674E-05   0.00000      0.134554E-01   4.61456       0.00000    
   6.27900      0.320105E-02  0.433286E-04  0.666540E-05   0.00000      0.136950E-01   4.37273       0.00000    
   6.32546      0.316058E-02  0.436235E-04  0.631420E-05   0.00000      0.139462E-01   4.11799       0.00000    
   6.37226      0.312201E-02  0.439377E-04  0.594634E-05   0.00000      0.142018E-01   3.85367       0.00000    
   6.41940      0.308550E-02  0.442737E-04  0.555989E-05   0.00000      0.144617E-01   3.57886       0.00000    
   6.46690      0.305088E-02  0.446430E-04  0.515260E-05   0.00000      0.147299E-01   3.29192       0.00000    
   6.51474      0.301872E-02  0.450405E-04  0.473095E-05   0.00000      0.150025E-01   2.99812       0.00000    
   6.56294      0.298796E-02  0.454495E-04  0.430372E-05   0.00000      0.152789E-01   2.70467       0.00000    
   6.61150      0.295724E-02  0.458650E-04  0.387323E-05   0.00000      0.155646E-01   2.41355       0.00000    
   6.66042      0.292697E-02  0.462783E-04  0.344425E-05   0.00000      0.158547E-01   2.12818       0.00000    
   6.70970      0.289840E-02  0.466768E-04  0.302511E-05   0.00000      0.161381E-01   1.85407       0.00000    
   6.75934      0.287188E-02  0.470719E-04  0.261756E-05   0.00000      0.164159E-01   1.59141       0.00000    
   6.80935      0.284869E-02  0.474883E-04  0.222367E-05   0.00000      0.166885E-01   1.34048       0.00000    
   6.85973      0.282762E-02  0.479369E-04  0.185149E-05   0.00000      0.169657E-01   1.10593       0.00000    
   6.91048      0.280148E-02  0.484083E-04  0.150389E-05   0.00000      0.172879E-01  0.889715       0.00000    
   6.96161      0.276595E-02  0.488766E-04  0.117674E-05   0.00000      0.176759E-01  0.689584       0.00000    
   7.01312      0.272447E-02  0.493125E-04  0.867619E-06   0.00000      0.181026E-01  0.503988       0.00000    
   7.06500      0.266853E-02  0.496885E-04  0.575426E-06   0.00000      0.186214E-01  0.331747       0.00000    
   7.11728      0.256904E-02  0.499684E-04  0.293853E-06   0.00000      0.194506E-01  0.168470       0.00000    
   7.16993      0.245106E-02  0.501032E-04  0.187092E-07   0.00000      0.204414E-01  0.106975E-01   0.00000    
   7.22298      0.237774E-02  0.500468E-04 -0.236165E-06   0.00000      0.210483E-01 -0.135185       0.00000    
   7.27642      0.234121E-02  0.497688E-04 -0.444108E-06   0.00000      0.212586E-01 -0.255631       0.00000    
   7.33026      0.230876E-02  0.492567E-04 -0.583104E-06   0.00000      0.213362E-01 -0.339120       0.00000    
   7.38449      0.227655E-02  0.484998E-04 -0.632680E-06   0.00000      0.213059E-01 -0.373690       0.00000    
   7.43913      0.224452E-02  0.474729E-04 -0.568692E-06   0.00000      0.211521E-01 -0.343165       0.00000    
   7.49417      0.221282E-02  0.461598E-04 -0.379016E-06   0.00000      0.208609E-01 -0.235221       0.00000    
   7.54961      0.218158E-02  0.445647E-04 -0.632303E-07   0.00000      0.204278E-01 -0.406468E-01   0.00000    
   7.60547      0.215103E-02  0.427009E-04  0.379333E-06   0.00000      0.198521E-01  0.254486       0.00000    
   7.66174      0.212118E-02  0.406114E-04  0.934241E-06   0.00000      0.191507E-01  0.658911       0.00000    
   7.71843      0.209148E-02  0.384555E-04  0.155567E-05   0.00000      0.184018E-01   1.15828       0.00000    
   7.77553      0.206204E-02  0.365205E-04  0.217179E-05   0.00000      0.177422E-01   1.70162       0.00000    
   7.83306      0.203340E-02  0.349827E-04  0.271965E-05   0.00000      0.172559E-01   2.22269       0.00000    
   7.89102      0.200409E-02  0.338485E-04  0.315927E-05   0.00000      0.169631E-01   2.66615       0.00000    
   7.94940      0.197026E-02  0.331239E-04  0.346493E-05   0.00000      0.169037E-01   2.98586       0.00000    
   8.00821      0.193485E-02  0.327939E-04  0.363695E-05   0.00000      0.170530E-01   3.16421       0.00000    
   8.06746      0.190505E-02  0.327442E-04  0.371212E-05   0.00000      0.172982E-01   3.23393       0.00000    
   8.12715      0.187987E-02  0.327989E-04  0.375055E-05   0.00000      0.175611E-01   3.26172       0.00000    
   8.18728      0.185547E-02  0.328613E-04  0.378629E-05   0.00000      0.178277E-01   3.28633       0.00000    
   8.24786      0.183142E-02  0.329257E-04  0.382166E-05   0.00000      0.180990E-01   3.31032       0.00000    
   8.30888      0.180770E-02  0.329892E-04  0.385794E-05   0.00000      0.183736E-01   3.33510       0.00000    
   8.37035      0.178433E-02  0.330482E-04  0.389641E-05   0.00000      0.186496E-01   3.36209       0.00000    
   8.43228      0.176131E-02  0.331074E-04  0.393522E-05   0.00000      0.189293E-01   3.38925       0.00000    
   8.49467      0.173863E-02  0.331708E-04  0.397240E-05   0.00000      0.192150E-01   3.41449       0.00000    
   8.55752      0.171627E-02  0.332312E-04  0.400975E-05   0.00000      0.195029E-01   3.44008       0.00000    
   8.62083      0.169422E-02  0.332849E-04  0.404890E-05   0.00000      0.197910E-01   3.46779       0.00000    
   8.68462      0.167250E-02  0.333409E-04  0.408779E-05   0.00000      0.200840E-01   3.49495       0.00000    
   8.74887      0.165109E-02  0.334014E-04  0.412617E-05   0.00000      0.203837E-01   3.52111       0.00000    
   8.81360      0.163000E-02  0.334590E-04  0.416582E-05   0.00000      0.206855E-01   3.54855       0.00000    
   8.87881      0.160920E-02  0.335134E-04  0.420575E-05   0.00000      0.209894E-01   3.57646       0.00000    
   8.94450      0.158870E-02  0.335668E-04  0.424542E-05   0.00000      0.212968E-01   3.60415       0.00000    
   9.01068      0.156850E-02  0.336176E-04  0.428652E-05   0.00000      0.216064E-01   3.63324       0.00000    
   9.07734      0.154859E-02  0.336671E-04  0.432783E-05   0.00000      0.219194E-01   3.66254       0.00000    
   9.14450      0.152897E-02  0.337202E-04  0.436716E-05   0.00000      0.222384E-01   3.68970       0.00000    
   9.21216      0.150963E-02  0.337745E-04  0.440693E-05   0.00000      0.225624E-01   3.71700       0.00000    
   9.28032      0.149055E-02  0.338255E-04  0.444968E-05   0.00000      0.228887E-01   3.74706       0.00000    
   9.34898      0.147176E-02  0.338756E-04  0.449273E-05   0.00000      0.232186E-01   3.77736       0.00000    
   9.41815      0.145324E-02  0.339268E-04  0.453396E-05   0.00000      0.235532E-01   3.80594       0.00000    
   9.48783      0.143497E-02  0.339730E-04  0.457577E-05   0.00000      0.238888E-01   3.83546       0.00000    
   9.55803      0.141696E-02  0.340134E-04  0.461967E-05   0.00000      0.242248E-01   3.86727       0.00000    
   9.62875      0.139921E-02  0.340566E-04  0.466322E-05   0.00000      0.245670E-01   3.89838       0.00000    
   9.69999      0.138171E-02  0.341030E-04  0.470546E-05   0.00000      0.249156E-01   3.92797       0.00000    
   9.77175      0.136445E-02  0.341431E-04  0.474856E-05   0.00000      0.252641E-01   3.95890       0.00000    
   9.84405      0.134745E-02  0.341783E-04  0.479182E-05   0.00000      0.256132E-01   3.99045       0.00000    
   9.91688      0.133069E-02  0.342177E-04  0.483341E-05   0.00000      0.259695E-01   4.02005       0.00000    
   9.99025      0.131416E-02  0.342592E-04  0.487566E-05   0.00000      0.263320E-01   4.04989       0.00000    
   10.0642      0.129787E-02  0.342958E-04  0.492030E-05   0.00000      0.266952E-01   4.08217       0.00000    
   10.1386      0.128180E-02  0.343283E-04  0.496530E-05   0.00000      0.270600E-01   4.11513       0.00000    
   10.2136      0.126596E-02  0.343612E-04  0.500863E-05   0.00000      0.274293E-01   4.14663       0.00000    
   10.2892      0.125033E-02  0.343920E-04  0.505178E-05   0.00000      0.278015E-01   4.17816       0.00000    
   10.3653      0.123493E-02  0.344173E-04  0.509732E-05   0.00000      0.281739E-01   4.21223       0.00000    
   10.4420      0.121974E-02  0.344433E-04  0.514369E-05   0.00000      0.285515E-01   4.24682       0.00000    
   10.5193      0.120476E-02  0.344754E-04  0.518856E-05   0.00000      0.289382E-01   4.27940       0.00000    
   10.5971      0.119000E-02  0.345058E-04  0.523403E-05   0.00000      0.293282E-01   4.31259       0.00000    
   10.6755      0.117542E-02  0.345277E-04  0.528170E-05   0.00000      0.297165E-01   4.34855       0.00000    
   10.7545      0.116104E-02  0.345460E-04  0.532925E-05   0.00000      0.301063E-01   4.38481       0.00000    
   10.8341      0.114688E-02  0.345649E-04  0.537532E-05   0.00000      0.305005E-01   4.41974       0.00000    
   10.9142      0.113291E-02  0.345825E-04  0.542096E-05   0.00000      0.308981E-01   4.45443       0.00000    
   10.9950      0.111913E-02  0.345974E-04  0.546667E-05   0.00000      0.312982E-01   4.48948       0.00000    
   11.0763      0.110553E-02  0.346104E-04  0.551230E-05   0.00000      0.317012E-01   4.52466       0.00000    
   11.1583      0.109212E-02  0.346192E-04  0.555906E-05   0.00000      0.321051E-01   4.56126       0.00000    
   11.2408      0.107890E-02  0.346257E-04  0.560646E-05   0.00000      0.325116E-01   4.59865       0.00000    
   11.3240      0.106584E-02  0.346355E-04  0.565220E-05   0.00000      0.329257E-01   4.63423       0.00000    
   11.4078      0.105298E-02  0.346440E-04  0.569759E-05   0.00000      0.333429E-01   4.66967       0.00000    
   11.4922      0.104027E-02  0.346433E-04  0.574500E-05   0.00000      0.337571E-01   4.70792       0.00000    
   11.5772      0.102775E-02  0.346386E-04  0.579264E-05   0.00000      0.341714E-01   4.74688       0.00000    
   11.6629      0.101538E-02  0.346380E-04  0.583805E-05   0.00000      0.345945E-01   4.78350       0.00000    
   11.7492      0.100319E-02  0.346363E-04  0.588378E-05   0.00000      0.350209E-01   4.82049       0.00000    
   11.8361      0.991161E-03  0.346273E-04  0.593213E-05   0.00000      0.354451E-01   4.86059       0.00000    
   11.9237      0.979299E-03  0.346165E-04  0.598021E-05   0.00000      0.358719E-01   4.90072       0.00000    
   12.0119      0.967583E-03  0.346061E-04  0.602662E-05   0.00000      0.363038E-01   4.93946       0.00000    
   12.1007      0.956028E-03  0.345910E-04  0.607330E-05   0.00000      0.367354E-01   4.97910       0.00000    
   12.1903      0.944617E-03  0.345717E-04  0.612014E-05   0.00000      0.371677E-01   5.01946       0.00000    
   12.2805      0.933376E-03  0.345523E-04  0.616548E-05   0.00000      0.376033E-01   5.05867       0.00000    
   12.3713      0.922262E-03  0.345310E-04  0.620959E-05   0.00000      0.380422E-01   5.09717       0.00000    
   12.4629      0.911308E-03  0.345053E-04  0.625391E-05   0.00000      0.384804E-01   5.13652       0.00000    
   12.5551      0.900484E-03  0.344777E-04  0.629824E-05   0.00000      0.389215E-01   5.17621       0.00000    
   12.6480      0.889806E-03  0.344520E-04  0.634126E-05   0.00000      0.393689E-01   5.21459       0.00000    
   12.7415      0.879276E-03  0.344248E-04  0.638383E-05   0.00000      0.398188E-01   5.25288       0.00000    
   12.8358      0.868864E-03  0.343916E-04  0.642690E-05   0.00000      0.402675E-01   5.29250       0.00000    
   12.9308      0.858595E-03  0.343567E-04  0.646818E-05   0.00000      0.407180E-01   5.33101       0.00000    
   13.0264      0.848465E-03  0.343229E-04  0.650666E-05   0.00000      0.411735E-01   5.36714       0.00000    
   13.1228      0.838451E-03  0.342851E-04  0.654525E-05   0.00000      0.416294E-01   5.40406       0.00000    
   13.2199      0.828576E-03  0.342410E-04  0.658559E-05   0.00000      0.420825E-01   5.44340       0.00000    
   13.3177      0.818826E-03  0.341961E-04  0.662551E-05   0.00000      0.425390E-01   5.48261       0.00000    
   13.4163      0.809187E-03  0.341522E-04  0.666330E-05   0.00000      0.430014E-01   5.52003       0.00000    
   13.5155      0.799685E-03  0.341056E-04  0.669984E-05   0.00000      0.434639E-01   5.55695       0.00000    
   13.6155      0.790303E-03  0.340560E-04  0.673546E-05   0.00000      0.439270E-01   5.59368       0.00000    
   13.7162      0.781033E-03  0.340067E-04  0.676893E-05   0.00000      0.443948E-01   5.62871       0.00000    
   13.8177      0.771874E-03  0.339550E-04  0.680074E-05   0.00000      0.448640E-01   5.66287       0.00000    
   13.9200      0.762834E-03  0.338961E-04  0.683278E-05   0.00000      0.453282E-01   5.69849       0.00000    
   14.0229      0.753890E-03  0.338329E-04  0.686453E-05   0.00000      0.457922E-01   5.73467       0.00000    
   14.1267      0.745064E-03  0.337686E-04  0.689426E-05   0.00000      0.462580E-01   5.76952       0.00000    
   14.2312      0.736348E-03  0.337008E-04  0.692229E-05   0.00000      0.467231E-01   5.80367       0.00000    
   14.3365      0.727737E-03  0.336332E-04  0.694793E-05   0.00000      0.471920E-01   5.83597       0.00000    
   14.4426      0.719233E-03  0.335696E-04  0.697002E-05   0.00000      0.476696E-01   5.86480       0.00000    
   14.5494      0.710844E-03  0.335039E-04  0.699070E-05   0.00000      0.481476E-01   5.89294       0.00000    
   14.6571      0.702529E-03  0.334309E-04  0.701173E-05   0.00000      0.486219E-01   5.92269       0.00000    
   14.7655      0.694341E-03  0.333556E-04  0.703142E-05   0.00000      0.490949E-01   5.95189       0.00000    
   14.8748      0.686227E-03  0.332808E-04  0.704874E-05   0.00000      0.495741E-01   5.97915       0.00000    
   14.9848      0.678232E-03  0.332028E-04  0.706555E-05   0.00000      0.500512E-01   6.00666       0.00000    
   15.0957      0.670310E-03  0.331226E-04  0.708157E-05   0.00000      0.505306E-01   6.03403       0.00000    
   15.2074      0.662508E-03  0.330456E-04  0.709441E-05   0.00000      0.510161E-01   6.05833       0.00000    
   15.3199      0.654776E-03  0.329679E-04  0.710504E-05   0.00000      0.515059E-01   6.08101       0.00000    
   15.4332      0.647144E-03  0.328826E-04  0.711513E-05   0.00000      0.519878E-01   6.10471       0.00000    
   15.5474      0.639590E-03  0.327927E-04  0.712310E-05   0.00000      0.524671E-01   6.12759       0.00000    
   15.6625      0.632125E-03  0.327043E-04  0.712732E-05   0.00000      0.529514E-01   6.14719       0.00000    
   15.7783      0.624751E-03  0.326139E-04  0.712945E-05   0.00000      0.534358E-01   6.16549       0.00000    
   15.8951      0.617457E-03  0.325180E-04  0.713104E-05   0.00000      0.539158E-01   6.18445       0.00000    
   16.0127      0.610241E-03  0.324222E-04  0.713003E-05   0.00000      0.543997E-01   6.20131       0.00000    
   16.1311      0.603112E-03  0.323293E-04  0.712502E-05   0.00000      0.548905E-01   6.21434       0.00000    
   16.2505      0.596065E-03  0.322337E-04  0.711813E-05   0.00000      0.553804E-01   6.22634       0.00000    
   16.3707      0.589094E-03  0.321335E-04  0.711052E-05   0.00000      0.558668E-01   6.23869       0.00000    
   16.4918      0.582199E-03  0.320328E-04  0.710014E-05   0.00000      0.563557E-01   6.24884       0.00000    
   16.6139      0.575380E-03  0.319308E-04  0.708700E-05   0.00000      0.568455E-01   6.25694       0.00000    
   16.7368      0.568629E-03  0.318225E-04  0.707337E-05   0.00000      0.573294E-01   6.26585       0.00000    
   16.8606      0.561953E-03  0.317110E-04  0.705849E-05   0.00000      0.578110E-01   6.27440       0.00000    
   16.9854      0.555353E-03  0.316017E-04  0.704000E-05   0.00000      0.582987E-01   6.27944       0.00000    
   17.1110      0.548827E-03  0.314926E-04  0.701901E-05   0.00000      0.587896E-01   6.28230       0.00000    
   17.2376      0.542365E-03  0.313785E-04  0.699799E-05   0.00000      0.592762E-01   6.28615       0.00000    
   17.3652      0.535971E-03  0.312601E-04  0.697579E-05   0.00000      0.597587E-01   6.28981       0.00000    
   17.4936      0.529643E-03  0.311392E-04  0.695077E-05   0.00000      0.602398E-01   6.29152       0.00000    
   17.6231      0.523380E-03  0.310139E-04  0.692410E-05   0.00000      0.607158E-01   6.29267       0.00000    
   17.7535      0.517180E-03  0.308870E-04  0.689556E-05   0.00000      0.611921E-01   6.29249       0.00000    
   17.8848      0.511057E-03  0.307621E-04  0.686386E-05   0.00000      0.616732E-01   6.28911       0.00000    
   18.0171      0.504987E-03  0.306345E-04  0.683033E-05   0.00000      0.621534E-01   6.28460       0.00000    
   18.1504      0.498978E-03  0.305015E-04  0.679608E-05   0.00000      0.626270E-01   6.28048       0.00000    
   18.2847      0.493037E-03  0.303682E-04  0.675955E-05   0.00000      0.631015E-01   6.27435       0.00000    
   18.4200      0.487156E-03  0.302358E-04  0.671998E-05   0.00000      0.635804E-01   6.26522       0.00000    
   18.5563      0.481332E-03  0.300980E-04  0.667963E-05   0.00000      0.640521E-01   6.25640       0.00000    
   18.6936      0.475561E-03  0.299538E-04  0.663906E-05   0.00000      0.645149E-01   6.24859       0.00000    
   18.8319      0.469852E-03  0.298101E-04  0.659567E-05   0.00000      0.649801E-01   6.23803       0.00000    
   18.9712      0.464203E-03  0.296669E-04  0.654979E-05   0.00000      0.654483E-01   6.22496       0.00000    
   19.1116      0.458607E-03  0.295182E-04  0.650403E-05   0.00000      0.659088E-01   6.21299       0.00000    
   19.2530      0.453060E-03  0.293659E-04  0.645763E-05   0.00000      0.663655E-01   6.20103       0.00000    
   19.3954      0.447579E-03  0.292150E-04  0.640869E-05   0.00000      0.668255E-01   6.18629       0.00000    
   19.5389      0.442145E-03  0.290614E-04  0.635881E-05   0.00000      0.672833E-01   6.17107       0.00000    
   19.6835      0.436761E-03  0.289000E-04  0.630934E-05   0.00000      0.677274E-01   6.15768       0.00000    
   19.8291      0.431433E-03  0.287357E-04  0.625824E-05   0.00000      0.681665E-01   6.14319       0.00000    
   19.9758      0.426159E-03  0.285729E-04  0.620453E-05   0.00000      0.686100E-01   6.12571       0.00000    
   20.1236      0.420937E-03  0.284067E-04  0.615069E-05   0.00000      0.690483E-01   6.10862       0.00000    
   20.2725      0.415760E-03  0.282341E-04  0.609791E-05   0.00000      0.694755E-01   6.09368       0.00000    
   20.4225      0.410634E-03  0.280613E-04  0.604380E-05   0.00000      0.699034E-01   6.07731       0.00000    
   20.5736      0.405565E-03  0.278902E-04  0.598734E-05   0.00000      0.703356E-01   6.05805       0.00000    
   20.7258      0.400539E-03  0.277151E-04  0.593053E-05   0.00000      0.707608E-01   6.03906       0.00000    
   20.8792      0.395566E-03  0.275354E-04  0.587348E-05   0.00000      0.711761E-01   6.02055       0.00000    
   21.0336      0.390641E-03  0.273568E-04  0.581402E-05   0.00000      0.715946E-01   5.99915       0.00000    
   21.1893      0.385766E-03  0.271767E-04  0.575307E-05   0.00000      0.720097E-01   5.97628       0.00000    
   21.3460      0.380937E-03  0.269892E-04  0.569313E-05   0.00000      0.724086E-01   5.95571       0.00000    
   21.5040      0.376148E-03  0.267973E-04  0.563371E-05   0.00000      0.727986E-01   5.93632       0.00000    
   21.6631      0.371409E-03  0.266063E-04  0.557327E-05   0.00000      0.731910E-01   5.91539       0.00000    
   21.8233      0.366717E-03  0.264131E-04  0.551266E-05   0.00000      0.735780E-01   5.89446       0.00000    
   21.9848      0.362067E-03  0.262149E-04  0.545259E-05   0.00000      0.739531E-01   5.87488       0.00000    
   22.1475      0.357465E-03  0.260168E-04  0.539157E-05   0.00000      0.743277E-01   5.85396       0.00000    
   22.3113      0.352914E-03  0.258191E-04  0.533006E-05   0.00000      0.747024E-01   5.83210       0.00000    
   22.4764      0.348404E-03  0.256175E-04  0.526937E-05   0.00000      0.750674E-01   5.81165       0.00000    
   22.6427      0.343936E-03  0.254139E-04  0.520807E-05   0.00000      0.754268E-01   5.79065       0.00000    
   22.8102      0.339519E-03  0.252107E-04  0.514582E-05   0.00000      0.757850E-01   5.76817       0.00000    
   22.9790      0.335142E-03  0.250049E-04  0.508451E-05   0.00000      0.761368E-01   5.74692       0.00000    
   23.1490      0.330809E-03  0.247956E-04  0.502404E-05   0.00000      0.764776E-01   5.72705       0.00000    
   23.3203      0.326521E-03  0.245867E-04  0.496244E-05   0.00000      0.768173E-01   5.70547       0.00000    
   23.4928      0.322275E-03  0.243784E-04  0.489999E-05   0.00000      0.771575E-01   5.68243       0.00000    
   23.6666      0.318070E-03  0.241659E-04  0.483907E-05   0.00000      0.774849E-01   5.66168       0.00000    
   23.8417      0.313903E-03  0.239496E-04  0.477954E-05   0.00000      0.778005E-01   5.64303       0.00000    
   24.0181      0.309785E-03  0.237344E-04  0.471894E-05   0.00000      0.781153E-01   5.62254       0.00000    
   24.1958      0.305712E-03  0.235197E-04  0.465746E-05   0.00000      0.784280E-01   5.60050       0.00000    
   24.3748      0.301679E-03  0.233015E-04  0.459690E-05   0.00000      0.787281E-01   5.57998       0.00000    
   24.5552      0.297686E-03  0.230814E-04  0.453635E-05   0.00000      0.790193E-01   5.55951       0.00000    
   24.7368      0.293735E-03  0.228635E-04  0.447432E-05   0.00000      0.793137E-01   5.53634       0.00000    
   24.9199      0.289829E-03  0.226447E-04  0.441264E-05   0.00000      0.796009E-01   5.51334       0.00000    
   25.1042      0.285958E-03  0.224216E-04  0.435310E-05   0.00000      0.798730E-01   5.49357       0.00000    
   25.2900      0.282127E-03  0.221979E-04  0.429432E-05   0.00000      0.801394E-01   5.47448       0.00000    
   25.4771      0.278346E-03  0.219764E-04  0.423513E-05   0.00000      0.804065E-01   5.45393       0.00000    
   25.6656      0.274601E-03  0.217549E-04  0.417617E-05   0.00000      0.806703E-01   5.43327       0.00000    
   25.8555      0.270896E-03  0.215322E-04  0.411765E-05   0.00000      0.809257E-01   5.41304       0.00000    
   26.0468      0.267234E-03  0.213101E-04  0.405905E-05   0.00000      0.811770E-01   5.39212       0.00000    
   26.2395      0.263608E-03  0.210881E-04  0.400097E-05   0.00000      0.814249E-01   5.37143       0.00000    
   26.4336      0.260022E-03  0.208629E-04  0.394480E-05   0.00000      0.816569E-01   5.35359       0.00000    
   26.6292      0.256469E-03  0.206368E-04  0.388957E-05   0.00000      0.818819E-01   5.33687       0.00000    
   26.8262      0.252967E-03  0.204150E-04  0.383293E-05   0.00000      0.821123E-01   5.31677       0.00000    
   27.0247      0.249504E-03  0.201939E-04  0.377592E-05   0.00000      0.823390E-01   5.29552       0.00000    
   27.2246      0.246071E-03  0.199678E-04  0.372082E-05   0.00000      0.825432E-01   5.27775       0.00000    
   27.4261      0.242675E-03  0.197405E-04  0.366698E-05   0.00000      0.827368E-01   5.26165       0.00000    
   27.6290      0.239319E-03  0.195153E-04  0.361372E-05   0.00000      0.829312E-01   5.24543       0.00000    
   27.8334      0.236001E-03  0.192903E-04  0.356117E-05   0.00000      0.831195E-01   5.22978       0.00000    
   28.0393      0.232722E-03  0.190674E-04  0.350827E-05   0.00000      0.833072E-01   5.21271       0.00000    
   28.2468      0.229490E-03  0.188477E-04  0.345499E-05   0.00000      0.834971E-01   5.19382       0.00000    
   28.4558      0.226288E-03  0.186267E-04  0.340318E-05   0.00000      0.836766E-01   5.17699       0.00000    
   28.6663      0.223123E-03  0.184034E-04  0.335298E-05   0.00000      0.838387E-01   5.16284       0.00000    
   28.8784      0.219995E-03  0.181819E-04  0.330264E-05   0.00000      0.839993E-01   5.14761       0.00000    
   29.0921      0.216906E-03  0.179629E-04  0.325221E-05   0.00000      0.841603E-01   5.13117       0.00000    
   29.3073      0.213850E-03  0.177437E-04  0.320300E-05   0.00000      0.843139E-01   5.11626       0.00000    
   29.5241      0.210831E-03  0.175251E-04  0.315464E-05   0.00000      0.844599E-01   5.10219       0.00000    
   29.7426      0.207850E-03  0.173096E-04  0.310590E-05   0.00000      0.846091E-01   5.08624       0.00000    
   29.9626      0.204906E-03  0.170956E-04  0.305721E-05   0.00000      0.847552E-01   5.06951       0.00000    
   30.1843      0.201991E-03  0.168798E-04  0.300991E-05   0.00000      0.848855E-01   5.05518       0.00000    
   30.4076      0.199113E-03  0.166641E-04  0.296362E-05   0.00000      0.850048E-01   5.04215       0.00000    
   30.6326      0.196272E-03  0.164516E-04  0.291710E-05   0.00000      0.851279E-01   5.02744       0.00000    
   30.8592      0.193467E-03  0.162409E-04  0.287098E-05   0.00000      0.852480E-01   5.01245       0.00000    
   31.0876      0.190694E-03  0.160299E-04  0.282638E-05   0.00000      0.853575E-01   4.99978       0.00000    
   31.3176      0.187957E-03  0.158203E-04  0.278258E-05   0.00000      0.854616E-01   4.98776       0.00000    
   31.5493      0.185257E-03  0.156133E-04  0.273882E-05   0.00000      0.855660E-01   4.97467       0.00000    
   31.7827      0.182586E-03  0.154069E-04  0.269606E-05   0.00000      0.856638E-01   4.96286       0.00000    
   32.0178      0.179949E-03  0.152000E-04  0.265469E-05   0.00000      0.857470E-01   4.95341       0.00000    
   32.2547      0.177345E-03  0.149958E-04  0.261324E-05   0.00000      0.858312E-01   4.94269       0.00000    
   32.4934      0.174779E-03  0.147949E-04  0.257131E-05   0.00000      0.859185E-01   4.92966       0.00000    
   32.7338      0.172242E-03  0.145940E-04  0.253052E-05   0.00000      0.859937E-01   4.91850       0.00000    
   32.9760      0.169734E-03  0.143929E-04  0.249106E-05   0.00000      0.860577E-01   4.90961       0.00000    
   33.2199      0.167262E-03  0.141956E-04  0.245131E-05   0.00000      0.861263E-01   4.89864       0.00000    
   33.4657      0.164823E-03  0.140010E-04  0.241145E-05   0.00000      0.861966E-01   4.88620       0.00000    
   33.7133      0.162413E-03  0.138061E-04  0.237268E-05   0.00000      0.862521E-01   4.87574       0.00000    
   33.9628      0.160033E-03  0.136118E-04  0.233471E-05   0.00000      0.862985E-01   4.86635       0.00000    
   34.2140      0.157684E-03  0.134200E-04  0.229707E-05   0.00000      0.863443E-01   4.85653       0.00000    
   34.4672      0.155366E-03  0.132298E-04  0.226030E-05   0.00000      0.863860E-01   4.84767       0.00000    
   34.7222      0.153079E-03  0.130414E-04  0.222437E-05   0.00000      0.864243E-01   4.83968       0.00000    
   34.9791      0.150825E-03  0.128561E-04  0.218850E-05   0.00000      0.864652E-01   4.83042       0.00000    
   35.2379      0.148598E-03  0.126722E-04  0.215309E-05   0.00000      0.865005E-01   4.82143       0.00000    
   35.4986      0.146400E-03  0.124883E-04  0.211869E-05   0.00000      0.865215E-01   4.81437       0.00000    
   35.7612      0.144230E-03  0.123068E-04  0.208435E-05   0.00000      0.865426E-01   4.80636       0.00000    
   36.0258      0.142092E-03  0.121282E-04  0.204987E-05   0.00000      0.865653E-01   4.79664       0.00000    
   36.2924      0.139981E-03  0.119504E-04  0.201636E-05   0.00000      0.865787E-01   4.78858       0.00000    
   36.5609      0.137897E-03  0.117738E-04  0.198384E-05   0.00000      0.865847E-01   4.78216       0.00000    
   36.8314      0.135843E-03  0.116002E-04  0.195128E-05   0.00000      0.865940E-01   4.77420       0.00000    
   37.1039      0.133818E-03  0.114291E-04  0.191864E-05   0.00000      0.866032E-01   4.76476       0.00000    
   37.3784      0.131819E-03  0.112585E-04  0.188665E-05   0.00000      0.865992E-01   4.75652       0.00000    
   37.6550      0.129846E-03  0.110887E-04  0.185524E-05   0.00000      0.865861E-01   4.74905       0.00000    
   37.9336      0.127901E-03  0.109221E-04  0.182386E-05   0.00000      0.865776E-01   4.74010       0.00000    
   38.2142      0.125984E-03  0.107576E-04  0.179310E-05   0.00000      0.865670E-01   4.73157       0.00000    
   38.4969      0.124091E-03  0.105938E-04  0.176348E-05   0.00000      0.865457E-01   4.72550       0.00000    
   38.7818      0.122223E-03  0.104320E-04  0.173428E-05   0.00000      0.865230E-01   4.71946       0.00000    
   39.0687      0.120384E-03  0.102729E-04  0.170530E-05   0.00000      0.865026E-01   4.71256       0.00000    
   39.3578      0.118567E-03  0.101151E-04  0.167715E-05   0.00000      0.864758E-01   4.70719       0.00000    
   39.6490      0.116777E-03  0.995864E-05  0.164951E-05   0.00000      0.864413E-01   4.70242       0.00000    
   39.9423      0.115013E-03  0.980548E-05  0.162173E-05   0.00000      0.864135E-01   4.69558       0.00000    
   40.2378      0.113273E-03  0.965456E-05  0.159436E-05   0.00000      0.863872E-01   4.68862       0.00000    
   40.5355      0.111556E-03  0.950400E-05  0.156783E-05   0.00000      0.863462E-01   4.68372       0.00000    
   40.8354      0.109863E-03  0.935488E-05  0.154157E-05   0.00000      0.862990E-01   4.67877       0.00000    
   41.1376      0.108195E-03  0.920869E-05  0.151516E-05   0.00000      0.862566E-01   4.67175       0.00000    
   41.4419      0.106550E-03  0.906424E-05  0.148926E-05   0.00000      0.862112E-01   4.66519       0.00000    
   41.7485      0.104926E-03  0.892018E-05  0.146454E-05   0.00000      0.861522E-01   4.66189       0.00000    
   42.0574      0.103326E-03  0.877788E-05  0.144024E-05   0.00000      0.860894E-01   4.65893       0.00000    
   42.3686      0.101749E-03  0.863881E-05  0.141569E-05   0.00000      0.860359E-01   4.65334       0.00000    
   42.6821      0.100195E-03  0.850164E-05  0.139158E-05   0.00000      0.859800E-01   4.64797       0.00000    
   42.9978      0.986618E-04  0.836510E-05  0.136837E-05   0.00000      0.859125E-01   4.64511       0.00000    
   43.3160      0.971502E-04  0.823034E-05  0.134538E-05   0.00000      0.858421E-01   4.64190       0.00000    
   43.6365      0.956620E-04  0.809831E-05  0.132221E-05   0.00000      0.857764E-01   4.63642       0.00000    
   43.9593      0.941942E-04  0.796772E-05  0.129963E-05   0.00000      0.857061E-01   4.63200       0.00000    
   44.2845      0.927458E-04  0.783803E-05  0.127801E-05   0.00000      0.856269E-01   4.63036       0.00000    
   44.6122      0.913192E-04  0.771041E-05  0.125684E-05   0.00000      0.855480E-01   4.62904       0.00000    
   44.9423      0.899125E-04  0.758443E-05  0.123600E-05   0.00000      0.854662E-01   4.62794       0.00000    
   45.2748      0.885266E-04  0.745961E-05  0.121533E-05   0.00000      0.853750E-01   4.62672       0.00000    
   45.6097      0.871615E-04  0.733674E-05  0.119457E-05   0.00000      0.852826E-01   4.62389       0.00000    
   45.9472      0.858161E-04  0.721578E-05  0.117417E-05   0.00000      0.851902E-01   4.62114       0.00000    
   46.2871      0.844888E-04  0.709621E-05  0.115451E-05   0.00000      0.850944E-01   4.62037       0.00000    
   46.6296      0.831810E-04  0.697849E-05  0.113515E-05   0.00000      0.849979E-01   4.61952       0.00000    
   46.9746      0.818941E-04  0.686311E-05  0.111547E-05   0.00000      0.849043E-01   4.61580       0.00000    
   47.3221      0.806242E-04  0.674865E-05  0.109601E-05   0.00000      0.848017E-01   4.61228       0.00000    
   47.6723      0.793712E-04  0.663443E-05  0.107741E-05   0.00000      0.846824E-01   4.61207       0.00000    
   48.0250      0.781376E-04  0.652243E-05  0.105915E-05   0.00000      0.845670E-01   4.61176       0.00000    
   48.3803      0.769233E-04  0.641320E-05  0.104094E-05   0.00000      0.844625E-01   4.60970       0.00000    
   48.7382      0.757265E-04  0.630489E-05  0.102325E-05   0.00000      0.843481E-01   4.60920       0.00000    
   49.0988      0.745459E-04  0.619734E-05  0.100603E-05   0.00000      0.842229E-01   4.61025       0.00000    
   49.4621      0.733824E-04  0.609208E-05  0.988797E-06   0.00000      0.841047E-01   4.60960       0.00000    
   49.8281      0.722371E-04  0.598865E-05  0.971740E-06   0.00000      0.839870E-01   4.60835       0.00000    
   50.1967      0.711078E-04  0.588596E-05  0.955189E-06   0.00000      0.838580E-01   4.60888       0.00000    
   50.5681      0.699947E-04  0.578485E-05  0.938884E-06   0.00000      0.837285E-01   4.60938       0.00000    
   50.9423      0.688999E-04  0.568614E-05  0.922513E-06   0.00000      0.836067E-01   4.60766       0.00000    
   51.3192      0.678208E-04  0.558906E-05  0.906248E-06   0.00000      0.834855E-01   4.60509       0.00000    
   51.6988      0.667565E-04  0.549267E-05  0.890405E-06   0.00000      0.833533E-01   4.60399       0.00000    
   52.0813      0.657074E-04  0.539741E-05  0.874846E-06   0.00000      0.832151E-01   4.60339       0.00000    
   52.4667      0.646752E-04  0.530412E-05  0.859266E-06   0.00000      0.830809E-01   4.60097       0.00000    
   52.8549      0.636580E-04  0.521215E-05  0.844005E-06   0.00000      0.829438E-01   4.59904       0.00000    
   53.2459      0.626536E-04  0.512039E-05  0.829946E-06   0.00000      0.827920E-01   4.60340       0.00000    
   53.6399      0.616630E-04  0.502949E-05  0.817355E-06   0.00000      0.826342E-01   4.61529       0.00000    
   54.0367      0.606869E-04  0.494042E-05  0.805797E-06   0.00000      0.824840E-01   4.63177       0.00000    
   54.4365      0.597243E-04  0.485265E-05  0.795193E-06   0.00000      0.823345E-01   4.65311       0.00000    
   54.8393      0.587754E-04  0.476567E-05  0.785533E-06   0.00000      0.821767E-01   4.68000       0.00000    
   55.2450      0.578394E-04  0.467977E-05  0.776487E-06   0.00000      0.820158E-01   4.71046       0.00000    
   55.6538      0.569162E-04  0.459474E-05  0.767829E-06   0.00000      0.818477E-01   4.74353       0.00000    
   56.0655      0.560067E-04  0.451073E-05  0.759394E-06   0.00000      0.816725E-01   4.77815       0.00000    
   56.4803      0.551105E-04  0.442851E-05  0.751165E-06   0.00000      0.815047E-01   4.81345       0.00000    
   56.8982      0.542274E-04  0.434782E-05  0.743401E-06   0.00000      0.813412E-01   4.85137       0.00000    
   57.3192      0.533559E-04  0.426759E-05  0.736316E-06   0.00000      0.811653E-01   4.89462       0.00000    
   57.7433      0.524971E-04  0.418802E-05  0.729628E-06   0.00000      0.809779E-01   4.94138       0.00000    
   58.1705      0.516514E-04  0.411018E-05  0.722959E-06   0.00000      0.807970E-01   4.98799       0.00000    
   58.6009      0.508179E-04  0.403362E-05  0.716500E-06   0.00000      0.806166E-01   5.03625       0.00000    
   59.0344      0.499957E-04  0.395742E-05  0.710497E-06   0.00000      0.804207E-01   5.08909       0.00000    
   59.4712      0.491854E-04  0.388222E-05  0.704601E-06   0.00000      0.802197E-01   5.14345       0.00000    
   59.9112      0.483876E-04  0.380869E-05  0.698556E-06   0.00000      0.800251E-01   5.19659       0.00000    
   60.3545      0.476008E-04  0.373586E-05  0.692746E-06   0.00000      0.798209E-01   5.25257       0.00000    
   60.8010      0.468247E-04  0.366321E-05  0.687284E-06   0.00000      0.795974E-01   5.31310       0.00000    
   61.2509      0.460604E-04  0.359164E-05  0.681812E-06   0.00000      0.793692E-01   5.37437       0.00000    
   61.7040      0.453074E-04  0.352166E-05  0.676318E-06   0.00000      0.791485E-01   5.43551       0.00000    
   62.1606      0.445654E-04  0.345286E-05  0.671015E-06   0.00000      0.789279E-01   5.49878       0.00000    
   62.6205      0.438335E-04  0.338497E-05  0.665753E-06   0.00000      0.787027E-01   5.56344       0.00000    
   63.0838      0.431132E-04  0.331831E-05  0.660231E-06   0.00000      0.784761E-01   5.62648       0.00000    
   63.5505      0.424029E-04  0.325267E-05  0.654681E-06   0.00000      0.782470E-01   5.69008       0.00000    
   64.0207      0.417021E-04  0.318750E-05  0.649441E-06   0.00000      0.780053E-01   5.75809       0.00000    
   64.4944      0.410119E-04  0.312326E-05  0.644235E-06   0.00000      0.777582E-01   5.82748       0.00000    
   64.9715      0.403320E-04  0.306053E-05  0.638719E-06   0.00000      0.775182E-01   5.89410       0.00000    
   65.4522      0.396621E-04  0.299870E-05  0.633124E-06   0.00000      0.772728E-01   5.96097       0.00000    
   65.9365      0.390016E-04  0.293729E-05  0.627646E-06   0.00000      0.770123E-01   6.03084       0.00000    
   66.4243      0.383509E-04  0.287688E-05  0.621961E-06   0.00000      0.767479E-01   6.09959       0.00000    
   66.9158      0.377095E-04  0.281762E-05  0.615890E-06   0.00000      0.764833E-01   6.16503       0.00000    
   67.4109      0.370774E-04  0.275896E-05  0.609681E-06   0.00000      0.762062E-01   6.23054       0.00000    
   67.9096      0.364538E-04  0.270088E-05  0.603419E-06   0.00000      0.759169E-01   6.29699       0.00000    
   68.4121      0.358397E-04  0.264408E-05  0.596840E-06   0.00000      0.756315E-01   6.36000       0.00000    
   68.9182      0.352349E-04  0.258867E-05  0.589915E-06   0.00000      0.753523E-01   6.41878       0.00000    
   69.4281      0.346384E-04  0.253386E-05  0.582889E-06   0.00000      0.750624E-01   6.47746       0.00000    
   69.9418      0.340497E-04  0.247957E-05  0.575716E-06   0.00000      0.747590E-01   6.53578       0.00000    
   70.4593      0.334698E-04  0.242604E-05  0.568209E-06   0.00000      0.744459E-01   6.59090       0.00000    
   70.9806      0.328980E-04  0.237309E-05  0.560389E-06   0.00000      0.741188E-01   6.64329       0.00000    
   71.5057      0.323347E-04  0.232100E-05  0.552225E-06   0.00000      0.737842E-01   6.69165       0.00000    
   72.0348      0.317799E-04  0.227007E-05  0.543723E-06   0.00000      0.734513E-01   6.73482       0.00000    
   72.5677      0.312326E-04  0.221991E-05  0.535017E-06   0.00000      0.731120E-01   6.77517       0.00000    
   73.1046      0.306928E-04  0.217045E-05  0.526035E-06   0.00000      0.727626E-01   6.81180       0.00000    
   73.6455      0.301609E-04  0.212205E-05  0.516591E-06   0.00000      0.724122E-01   6.84098       0.00000    
   74.1904      0.296373E-04  0.207482E-05  0.506651E-06   0.00000      0.720641E-01   6.86126       0.00000    
   74.7393      0.291206E-04  0.202848E-05  0.496363E-06   0.00000      0.717131E-01   6.87495       0.00000    
   75.2923      0.286114E-04  0.198277E-05  0.485885E-06   0.00000      0.713506E-01   6.88458       0.00000    
   75.8493      0.281092E-04  0.193793E-05  0.475144E-06   0.00000      0.709848E-01   6.88805       0.00000    
   76.4105      0.276147E-04  0.189425E-05  0.463979E-06   0.00000      0.706234E-01   6.88155       0.00000    
   76.9758      0.271276E-04  0.185160E-05  0.452419E-06   0.00000      0.702632E-01   6.86528       0.00000    
   77.5454      0.266471E-04  0.180982E-05  0.440565E-06   0.00000      0.699014E-01   6.84072       0.00000    
   78.1191      0.261736E-04  0.176916E-05  0.428321E-06   0.00000      0.695460E-01   6.80485       0.00000    
   78.6971      0.257064E-04  0.172951E-05  0.415670E-06   0.00000      0.691954E-01   6.75706       0.00000    
   79.2793      0.252456E-04  0.169051E-05  0.402686E-06   0.00000      0.688361E-01   6.69919       0.00000    
   79.8659      0.247913E-04  0.165250E-05  0.389209E-06   0.00000      0.684802E-01   6.62659       0.00000    
   80.4568      0.243436E-04  0.161581E-05  0.375173E-06   0.00000      0.681408E-01   6.53590       0.00000    
   81.0521      0.239024E-04  0.157991E-05  0.360810E-06   0.00000      0.678001E-01   6.43211       0.00000    
   81.6517      0.234668E-04  0.154455E-05  0.346184E-06   0.00000      0.674515E-01   6.31653       0.00000    
   82.2558      0.230375E-04  0.151021E-05  0.331197E-06   0.00000      0.671123E-01   6.18474       0.00000    
   82.8644      0.226145E-04  0.147708E-05  0.315875E-06   0.00000      0.667925E-01   6.03546       0.00000    
   83.4775      0.221978E-04  0.144502E-05  0.300254E-06   0.00000      0.664877E-01   5.86911       0.00000    
   84.0951      0.217870E-04  0.141386E-05  0.284299E-06   0.00000      0.661935E-01   5.68472       0.00000    
   84.7173      0.213820E-04  0.138367E-05  0.267883E-06   0.00000      0.659134E-01   5.47856       0.00000    
   85.3441      0.209825E-04  0.135449E-05  0.251035E-06   0.00000      0.656528E-01   5.24989       0.00000    
   85.9755      0.205881E-04  0.132613E-05  0.233952E-06   0.00000      0.654071E-01   5.00250       0.00000    
   86.6116      0.201986E-04  0.129851E-05  0.216685E-06   0.00000      0.651761E-01   4.73688       0.00000    
   87.2525      0.198139E-04  0.127161E-05  0.199263E-06   0.00000      0.649608E-01   4.45295       0.00000    
   87.8980      0.194340E-04  0.124541E-05  0.181728E-06   0.00000      0.647628E-01   4.15093       0.00000    
   88.5483      0.190594E-04  0.122032E-05  0.163923E-06   0.00000      0.646025E-01   3.82530       0.00000    
   89.2035      0.186905E-04  0.119661E-05  0.145765E-06   0.00000      0.644957E-01   3.47262       0.00000    
   89.8635      0.183261E-04  0.117385E-05  0.127457E-06   0.00000      0.644302E-01   3.09844       0.00000    
   90.5283      0.179662E-04  0.115174E-05  0.109152E-06   0.00000      0.643933E-01   2.70692       0.00000    
   91.1981      0.176102E-04  0.113051E-05  0.908053E-07   0.00000      0.644032E-01   2.29614       0.00000    
   91.8729      0.172589E-04  0.111030E-05  0.723993E-07   0.00000      0.644687E-01   1.86540       0.00000    
   92.5526      0.169113E-04  0.109092E-05  0.540055E-07   0.00000      0.645872E-01   1.41705       0.00000    
   93.2374      0.165674E-04  0.107227E-05  0.357048E-07   0.00000      0.647573E-01  0.953577       0.00000    
   93.9272      0.162277E-04  0.105455E-05  0.175129E-07   0.00000      0.649939E-01  0.475710       0.00000    
   94.6221      0.158917E-04  0.103796E-05 -0.638988E-09   0.00000      0.653146E-01 -0.176362E-01   0.00000    
   95.3222      0.155594E-04  0.102217E-05 -0.186795E-07   0.00000      0.657058E-01 -0.523462       0.00000    
   96.0275      0.152300E-04  0.100685E-05 -0.363978E-07   0.00000      0.661530E-01  -1.03517       0.00000    
   96.7379      0.149038E-04  0.992393E-06 -0.537538E-07   0.00000      0.666843E-01  -1.55022       0.00000    
   97.4537      0.145810E-04  0.979072E-06 -0.708004E-07   0.00000      0.673226E-01  -2.06804       0.00000    
   98.1747      0.142614E-04  0.966880E-06 -0.874364E-07   0.00000      0.680738E-01  -2.58364       0.00000    
   98.9010      0.139455E-04  0.955927E-06 -0.103536E-06   0.00000      0.689484E-01  -3.09078       0.00000    
   99.6328      0.136334E-04  0.945911E-06 -0.119230E-06   0.00000      0.699308E-01  -3.59207       0.00000    
