   1.20444      0.770537E-01  0.310664E-02  0.345276E-05   0.00000      0.403179E-01  0.318396E-01   0.00000    
   1.21335      0.759284E-01  0.306174E-02  0.346284E-05   0.00000      0.403240E-01  0.324009E-01   0.00000    
   1.22233      0.748189E-01  0.301747E-02  0.347316E-05   0.00000      0.403304E-01  0.329742E-01   0.00000    
   1.23137      0.737274E-01  0.297393E-02  0.348494E-05   0.00000      0.403368E-01  0.335704E-01   0.00000    
   1.24048      0.726498E-01  0.293093E-02  0.349844E-05   0.00000      0.403434E-01  0.341948E-01   0.00000    
   1.24966      0.715901E-01  0.288866E-02  0.351226E-05   0.00000      0.403500E-01  0.348324E-01   0.00000    
   1.25891      0.705441E-01  0.284693E-02  0.352536E-05   0.00000      0.403569E-01  0.354747E-01   0.00000    
   1.26822      0.695146E-01  0.280587E-02  0.353832E-05   0.00000      0.403638E-01  0.361261E-01   0.00000    
   1.27760      0.684999E-01  0.276540E-02  0.355325E-05   0.00000      0.403709E-01  0.368094E-01   0.00000    
   1.28706      0.674990E-01  0.272549E-02  0.357125E-05   0.00000      0.403782E-01  0.375378E-01   0.00000    
   1.29658      0.665145E-01  0.268623E-02  0.359091E-05   0.00000      0.403856E-01  0.382961E-01   0.00000    
   1.30617      0.655436E-01  0.264752E-02  0.361066E-05   0.00000      0.403932E-01  0.390697E-01   0.00000    
   1.31583      0.645867E-01  0.260936E-02  0.362987E-05   0.00000      0.404009E-01  0.398519E-01   0.00000    
   1.32557      0.636436E-01  0.257175E-02  0.364791E-05   0.00000      0.404087E-01  0.406356E-01   0.00000    
   1.33538      0.627151E-01  0.253473E-02  0.366445E-05   0.00000      0.404166E-01  0.414161E-01   0.00000    
   1.34526      0.617993E-01  0.249820E-02  0.368016E-05   0.00000      0.404245E-01  0.422018E-01   0.00000    
   1.35521      0.608984E-01  0.246227E-02  0.369599E-05   0.00000      0.404325E-01  0.430019E-01   0.00000    
   1.36524      0.600086E-01  0.242677E-02  0.371244E-05   0.00000      0.404405E-01  0.438251E-01   0.00000    
   1.37534      0.591335E-01  0.239187E-02  0.372938E-05   0.00000      0.404486E-01  0.446676E-01   0.00000    
   1.38551      0.582710E-01  0.235746E-02  0.374617E-05   0.00000      0.404568E-01  0.455235E-01   0.00000    
   1.39576      0.574204E-01  0.232352E-02  0.376261E-05   0.00000      0.404651E-01  0.463911E-01   0.00000    
   1.40609      0.565822E-01  0.229008E-02  0.377881E-05   0.00000      0.404735E-01  0.472713E-01   0.00000    
   1.41649      0.557575E-01  0.225717E-02  0.379445E-05   0.00000      0.404819E-01  0.481589E-01   0.00000    
   1.42697      0.549437E-01  0.222469E-02  0.381017E-05   0.00000      0.404904E-01  0.490645E-01   0.00000    
   1.43753      0.541417E-01  0.219268E-02  0.382736E-05   0.00000      0.404990E-01  0.500053E-01   0.00000    
   1.44817      0.533523E-01  0.216117E-02  0.384633E-05   0.00000      0.405077E-01  0.509858E-01   0.00000    
   1.45888      0.525745E-01  0.213013E-02  0.386699E-05   0.00000      0.405164E-01  0.520067E-01   0.00000    
   1.46968      0.518071E-01  0.209950E-02  0.388924E-05   0.00000      0.405254E-01  0.530691E-01   0.00000    
   1.48055      0.510518E-01  0.206935E-02  0.391252E-05   0.00000      0.405344E-01  0.541645E-01   0.00000    
   1.49150      0.503072E-01  0.203962E-02  0.393580E-05   0.00000      0.405434E-01  0.552810E-01   0.00000    
   1.50254      0.495737E-01  0.201034E-02  0.395805E-05   0.00000      0.405526E-01  0.564032E-01   0.00000    
   1.51366      0.488509E-01  0.198148E-02  0.397983E-05   0.00000      0.405619E-01  0.575395E-01   0.00000    
   1.52486      0.481388E-01  0.195305E-02  0.400292E-05   0.00000      0.405714E-01  0.587158E-01   0.00000    
   1.53614      0.474366E-01  0.192502E-02  0.402764E-05   0.00000      0.405809E-01  0.599388E-01   0.00000    
   1.54750      0.467446E-01  0.189739E-02  0.405272E-05   0.00000      0.405907E-01  0.611902E-01   0.00000    
   1.55895      0.460641E-01  0.187024E-02  0.407713E-05   0.00000      0.406008E-01  0.624525E-01   0.00000    
   1.57049      0.453920E-01  0.184342E-02  0.410037E-05   0.00000      0.406113E-01  0.637220E-01   0.00000    
   1.58211      0.447306E-01  0.181705E-02  0.412206E-05   0.00000      0.406223E-01  0.649889E-01   0.00000    
   1.59381      0.440789E-01  0.179109E-02  0.414130E-05   0.00000      0.406338E-01  0.662388E-01   0.00000    
   1.60560      0.434364E-01  0.176550E-02  0.415631E-05   0.00000      0.406458E-01  0.674422E-01   0.00000    
   1.61748      0.428033E-01  0.174031E-02  0.416667E-05   0.00000      0.406584E-01  0.685889E-01   0.00000    
   1.62945      0.421801E-01  0.171551E-02  0.417428E-05   0.00000      0.406712E-01  0.697076E-01   0.00000    
   1.64151      0.415655E-01  0.169105E-02  0.418104E-05   0.00000      0.406842E-01  0.708302E-01   0.00000    
   1.65365      0.409598E-01  0.166696E-02  0.418731E-05   0.00000      0.406975E-01  0.719620E-01   0.00000    
   1.66588      0.403636E-01  0.164324E-02  0.419244E-05   0.00000      0.407111E-01  0.730899E-01   0.00000    
   1.67821      0.397753E-01  0.161985E-02  0.419594E-05   0.00000      0.407251E-01  0.742072E-01   0.00000    
   1.69063      0.391961E-01  0.159682E-02  0.419891E-05   0.00000      0.407394E-01  0.753307E-01   0.00000    
   1.70313      0.386253E-01  0.157413E-02  0.420237E-05   0.00000      0.407540E-01  0.764795E-01   0.00000    
   1.71574      0.380629E-01  0.155178E-02  0.420493E-05   0.00000      0.407691E-01  0.776280E-01   0.00000    
   1.72843      0.375089E-01  0.152978E-02  0.420465E-05   0.00000      0.407845E-01  0.787396E-01   0.00000    
   1.74122      0.369627E-01  0.150808E-02  0.420206E-05   0.00000      0.408003E-01  0.798231E-01   0.00000    
   1.75410      0.364252E-01  0.148674E-02  0.419875E-05   0.00000      0.408164E-01  0.809052E-01   0.00000    
   1.76708      0.358945E-01  0.146568E-02  0.419492E-05   0.00000      0.408330E-01  0.819930E-01   0.00000    
   1.78015      0.353719E-01  0.144494E-02  0.419047E-05   0.00000      0.408500E-01  0.830816E-01   0.00000    
   1.79332      0.348574E-01  0.142453E-02  0.418561E-05   0.00000      0.408674E-01  0.841743E-01   0.00000    
   1.80659      0.343499E-01  0.140440E-02  0.417969E-05   0.00000      0.408853E-01  0.852597E-01   0.00000    
   1.81996      0.338503E-01  0.138459E-02  0.417221E-05   0.00000      0.409036E-01  0.863249E-01   0.00000    
   1.83342      0.333579E-01  0.136507E-02  0.416364E-05   0.00000      0.409222E-01  0.873793E-01   0.00000    
   1.84699      0.328723E-01  0.134582E-02  0.415425E-05   0.00000      0.409412E-01  0.884292E-01   0.00000    
   1.86065      0.323945E-01  0.132689E-02  0.414403E-05   0.00000      0.409604E-01  0.894706E-01   0.00000    
   1.87442      0.319230E-01  0.130819E-02  0.413300E-05   0.00000      0.409799E-01  0.905075E-01   0.00000    
   1.88829      0.314592E-01  0.128980E-02  0.412151E-05   0.00000      0.409993E-01  0.915432E-01   0.00000    
   1.90226      0.310012E-01  0.127162E-02  0.411023E-05   0.00000      0.410187E-01  0.925974E-01   0.00000    
   1.91633      0.305510E-01  0.125375E-02  0.409983E-05   0.00000      0.410381E-01  0.936799E-01   0.00000    
   1.93051      0.301065E-01  0.123610E-02  0.409086E-05   0.00000      0.410577E-01  0.948097E-01   0.00000    
   1.94479      0.296689E-01  0.121871E-02  0.408298E-05   0.00000      0.410773E-01  0.959770E-01   0.00000    
   1.95918      0.292374E-01  0.120156E-02  0.407519E-05   0.00000      0.410970E-01  0.971610E-01   0.00000    
   1.97368      0.288130E-01  0.118469E-02  0.406710E-05   0.00000      0.411167E-01  0.983492E-01   0.00000    
   1.98828      0.283938E-01  0.116801E-02  0.405869E-05   0.00000      0.411365E-01  0.995471E-01   0.00000    
   2.00299      0.279817E-01  0.115162E-02  0.405022E-05   0.00000      0.411563E-01  0.100754       0.00000    
   2.01781      0.275750E-01  0.113542E-02  0.404286E-05   0.00000      0.411761E-01  0.102005       0.00000    
   2.03274      0.271743E-01  0.111946E-02  0.403809E-05   0.00000      0.411959E-01  0.103337       0.00000    
   2.04778      0.267798E-01  0.110374E-02  0.403625E-05   0.00000      0.412158E-01  0.104761       0.00000    
   2.06293      0.263907E-01  0.108824E-02  0.403601E-05   0.00000      0.412359E-01  0.106248       0.00000    
   2.07819      0.260078E-01  0.107297E-02  0.403694E-05   0.00000      0.412562E-01  0.107784       0.00000    
   2.09357      0.256299E-01  0.105790E-02  0.404078E-05   0.00000      0.412762E-01  0.109424       0.00000    
   2.10906      0.252579E-01  0.104305E-02  0.404810E-05   0.00000      0.412961E-01  0.111183       0.00000    
   2.12466      0.248914E-01  0.102841E-02  0.405755E-05   0.00000      0.413164E-01  0.113028       0.00000    
   2.14038      0.245300E-01  0.101399E-02  0.406881E-05   0.00000      0.413369E-01  0.114954       0.00000    
   2.15622      0.241742E-01  0.999782E-03  0.408241E-05   0.00000      0.413577E-01  0.116977       0.00000    
   2.17217      0.238234E-01  0.985777E-03  0.409862E-05   0.00000      0.413788E-01  0.119110       0.00000    
   2.18824      0.234777E-01  0.971975E-03  0.411865E-05   0.00000      0.414003E-01  0.121392       0.00000    
   2.20443      0.231374E-01  0.958386E-03  0.414416E-05   0.00000      0.414219E-01  0.123876       0.00000    
   2.22074      0.228017E-01  0.944992E-03  0.417343E-05   0.00000      0.414443E-01  0.126519       0.00000    
   2.23717      0.224713E-01  0.931844E-03  0.419883E-05   0.00000      0.414687E-01  0.129084       0.00000    
   2.25372      0.221455E-01  0.918941E-03  0.421375E-05   0.00000      0.414960E-01  0.131362       0.00000    
   2.27040      0.218248E-01  0.906275E-03  0.422038E-05   0.00000      0.415254E-01  0.133408       0.00000    
   2.28720      0.215089E-01  0.893810E-03  0.422407E-05   0.00000      0.415558E-01  0.135387       0.00000    
   2.30412      0.211972E-01  0.881517E-03  0.422647E-05   0.00000      0.415869E-01  0.137352       0.00000    
   2.32117      0.208906E-01  0.869435E-03  0.422777E-05   0.00000      0.416190E-01  0.139304       0.00000    
   2.33834      0.205883E-01  0.857534E-03  0.422906E-05   0.00000      0.416520E-01  0.141280       0.00000    
   2.35564      0.202904E-01  0.845816E-03  0.423086E-05   0.00000      0.416861E-01  0.143299       0.00000    
   2.37307      0.199970E-01  0.834289E-03  0.423257E-05   0.00000      0.417212E-01  0.145337       0.00000    
   2.39063      0.197076E-01  0.822925E-03  0.423333E-05   0.00000      0.417573E-01  0.147370       0.00000    
   2.40831      0.194227E-01  0.811750E-03  0.423263E-05   0.00000      0.417944E-01  0.149375       0.00000    
   2.42613      0.191419E-01  0.800742E-03  0.423094E-05   0.00000      0.418324E-01  0.151367       0.00000    
   2.44408      0.188653E-01  0.789904E-03  0.422898E-05   0.00000      0.418714E-01  0.153373       0.00000    
   2.46217      0.185926E-01  0.779223E-03  0.422692E-05   0.00000      0.419111E-01  0.155400       0.00000    
   2.48038      0.183242E-01  0.768713E-03  0.422501E-05   0.00000      0.419513E-01  0.157453       0.00000    
   2.49873      0.180594E-01  0.758342E-03  0.422342E-05   0.00000      0.419921E-01  0.159547       0.00000    
   2.51722      0.177986E-01  0.748121E-03  0.422183E-05   0.00000      0.420333E-01  0.161665       0.00000    
   2.53585      0.175418E-01  0.738054E-03  0.422033E-05   0.00000      0.420748E-01  0.163812       0.00000    
   2.55461      0.172886E-01  0.728126E-03  0.421910E-05   0.00000      0.421166E-01  0.165997       0.00000    
   2.57351      0.170391E-01  0.718337E-03  0.421761E-05   0.00000      0.421589E-01  0.168200       0.00000    
   2.59255      0.167934E-01  0.708693E-03  0.421636E-05   0.00000      0.422015E-01  0.170438       0.00000    
   2.61173      0.165511E-01  0.699175E-03  0.421725E-05   0.00000      0.422441E-01  0.172795       0.00000    
   2.63105      0.163124E-01  0.689788E-03  0.422008E-05   0.00000      0.422870E-01  0.175264       0.00000    
   2.65052      0.160774E-01  0.680548E-03  0.422332E-05   0.00000      0.423303E-01  0.177780       0.00000    
   2.67013      0.158457E-01  0.671435E-03  0.422735E-05   0.00000      0.423741E-01  0.180365       0.00000    
   2.68988      0.156173E-01  0.662445E-03  0.423334E-05   0.00000      0.424182E-01  0.183071       0.00000    
   2.70979      0.153927E-01  0.653598E-03  0.424112E-05   0.00000      0.424626E-01  0.185890       0.00000    
   2.72983      0.151708E-01  0.644855E-03  0.424986E-05   0.00000      0.425073E-01  0.188799       0.00000    
   2.75003      0.149526E-01  0.636249E-03  0.425948E-05   0.00000      0.425522E-01  0.191786       0.00000    
   2.77038      0.147375E-01  0.627762E-03  0.427039E-05   0.00000      0.425971E-01  0.194876       0.00000    
   2.79088      0.145253E-01  0.619374E-03  0.428286E-05   0.00000      0.426421E-01  0.198092       0.00000    
   2.81152      0.143166E-01  0.611116E-03  0.429775E-05   0.00000      0.426869E-01  0.201467       0.00000    
   2.83233      0.141106E-01  0.602948E-03  0.431931E-05   0.00000      0.427311E-01  0.205220       0.00000    
   2.85328      0.139078E-01  0.594884E-03  0.435160E-05   0.00000      0.427744E-01  0.209556       0.00000    
   2.87439      0.137080E-01  0.586935E-03  0.439138E-05   0.00000      0.428181E-01  0.214336       0.00000    
   2.89566      0.135110E-01  0.579114E-03  0.443285E-05   0.00000      0.428636E-01  0.219282       0.00000    
   2.91708      0.133172E-01  0.571434E-03  0.447424E-05   0.00000      0.429109E-01  0.224304       0.00000    
   2.93866      0.131259E-01  0.563867E-03  0.451712E-05   0.00000      0.429597E-01  0.229492       0.00000    
   2.96041      0.129377E-01  0.556423E-03  0.456390E-05   0.00000      0.430095E-01  0.234971       0.00000    
   2.98231      0.127521E-01  0.549098E-03  0.461433E-05   0.00000      0.430609E-01  0.240736       0.00000    
   3.00437      0.125695E-01  0.541920E-03  0.466320E-05   0.00000      0.431156E-01  0.246508       0.00000    
   3.02660      0.123895E-01  0.534889E-03  0.470530E-05   0.00000      0.431745E-01  0.252003       0.00000    
   3.04900      0.122122E-01  0.527989E-03  0.474207E-05   0.00000      0.432364E-01  0.257291       0.00000    
   3.07155      0.120377E-01  0.521213E-03  0.477751E-05   0.00000      0.433001E-01  0.262583       0.00000    
   3.09428      0.118656E-01  0.514532E-03  0.481271E-05   0.00000      0.433653E-01  0.267952       0.00000    
   3.11717      0.116961E-01  0.507955E-03  0.484839E-05   0.00000      0.434314E-01  0.273434       0.00000    
   3.14024      0.115292E-01  0.501478E-03  0.488569E-05   0.00000      0.434985E-01  0.279096       0.00000    
   3.16347      0.113651E-01  0.495110E-03  0.492393E-05   0.00000      0.435663E-01  0.284898       0.00000    
   3.18687      0.112037E-01  0.488832E-03  0.496238E-05   0.00000      0.436337E-01  0.290809       0.00000    
   3.21045      0.110450E-01  0.482647E-03  0.500183E-05   0.00000      0.437005E-01  0.296877       0.00000    
   3.23421      0.108888E-01  0.476559E-03  0.504230E-05   0.00000      0.437685E-01  0.303102       0.00000    
   3.25814      0.107346E-01  0.470566E-03  0.508285E-05   0.00000      0.438390E-01  0.309430       0.00000    
   3.28224      0.105824E-01  0.464660E-03  0.512386E-05   0.00000      0.439116E-01  0.315891       0.00000    
   3.30653      0.104325E-01  0.458853E-03  0.516567E-05   0.00000      0.439857E-01  0.322499       0.00000    
   3.33099      0.102848E-01  0.453133E-03  0.520749E-05   0.00000      0.440613E-01  0.329212       0.00000    
   3.35563      0.101392E-01  0.447499E-03  0.524928E-05   0.00000      0.441384E-01  0.336032       0.00000    
   3.38046      0.999582E-02  0.441956E-03  0.529220E-05   0.00000      0.442172E-01  0.343028       0.00000    
   3.40547      0.985466E-02  0.436505E-03  0.533737E-05   0.00000      0.442976E-01  0.350275       0.00000    
   3.43067      0.971527E-02  0.431125E-03  0.538462E-05   0.00000      0.443795E-01  0.357785       0.00000    
   3.45605      0.957825E-02  0.425842E-03  0.543251E-05   0.00000      0.444629E-01  0.365445       0.00000    
   3.48162      0.944303E-02  0.420631E-03  0.548118E-05   0.00000      0.445478E-01  0.373285       0.00000    
   3.50738      0.930994E-02  0.415503E-03  0.553485E-05   0.00000      0.446340E-01  0.381592       0.00000    
   3.53333      0.917878E-02  0.410450E-03  0.559950E-05   0.00000      0.447215E-01  0.390800       0.00000    
   3.55947      0.904949E-02  0.405470E-03  0.567862E-05   0.00000      0.448102E-01  0.401189       0.00000    
   3.58581      0.892235E-02  0.400568E-03  0.577219E-05   0.00000      0.448996E-01  0.412787       0.00000    
   3.61234      0.879687E-02  0.395728E-03  0.587887E-05   0.00000      0.449900E-01  0.425557       0.00000    
   3.63906      0.867331E-02  0.390962E-03  0.599675E-05   0.00000      0.450817E-01  0.439380       0.00000    
   3.66599      0.855158E-02  0.386267E-03  0.612365E-05   0.00000      0.451748E-01  0.454129       0.00000    
   3.69311      0.843166E-02  0.381640E-03  0.625834E-05   0.00000      0.452688E-01  0.469742       0.00000    
   3.72043      0.831330E-02  0.377074E-03  0.639966E-05   0.00000      0.453645E-01  0.486162       0.00000    
   3.74796      0.819694E-02  0.372590E-03  0.654630E-05   0.00000      0.454618E-01  0.503284       0.00000    
   3.77569      0.808219E-02  0.368168E-03  0.669772E-05   0.00000      0.455605E-01  0.521105       0.00000    
   3.80363      0.796914E-02  0.363805E-03  0.685447E-05   0.00000      0.456598E-01  0.539693       0.00000    
   3.83177      0.785778E-02  0.359501E-03  0.701721E-05   0.00000      0.457596E-01  0.559116       0.00000    
   3.86012      0.774808E-02  0.355260E-03  0.718484E-05   0.00000      0.458608E-01  0.579300       0.00000    
   3.88868      0.763992E-02  0.351079E-03  0.735600E-05   0.00000      0.459633E-01  0.600158       0.00000    
   3.91745      0.753341E-02  0.346960E-03  0.753072E-05   0.00000      0.460670E-01  0.621701       0.00000    
   3.94643      0.742851E-02  0.342900E-03  0.770958E-05   0.00000      0.461717E-01  0.643995       0.00000    
   3.97563      0.732509E-02  0.338894E-03  0.789213E-05   0.00000      0.462774E-01  0.667028       0.00000    
   4.00504      0.722326E-02  0.334949E-03  0.807668E-05   0.00000      0.463843E-01  0.690658       0.00000    
   4.03468      0.712289E-02  0.331058E-03  0.826235E-05   0.00000      0.464926E-01  0.714827       0.00000    
   4.06453      0.702411E-02  0.327228E-03  0.845022E-05   0.00000      0.466019E-01  0.739629       0.00000    
   4.09460      0.692666E-02  0.323447E-03  0.864144E-05   0.00000      0.467126E-01  0.765195       0.00000    
   4.12489      0.683078E-02  0.319727E-03  0.883495E-05   0.00000      0.468247E-01  0.791420       0.00000    
   4.15541      0.673622E-02  0.316056E-03  0.902920E-05   0.00000      0.469381E-01  0.818199       0.00000    
   4.18616      0.664318E-02  0.312439E-03  0.922474E-05   0.00000      0.470521E-01  0.845581       0.00000    
   4.21713      0.655140E-02  0.308864E-03  0.942250E-05   0.00000      0.471667E-01  0.873689       0.00000    
   4.24833      0.646099E-02  0.305338E-03  0.962144E-05   0.00000      0.472822E-01  0.902419       0.00000    
   4.27976      0.637200E-02  0.301867E-03  0.981983E-05   0.00000      0.473990E-01  0.931597       0.00000    
   4.31143      0.628430E-02  0.298443E-03  0.100176E-04   0.00000      0.475171E-01  0.961239       0.00000    
   4.34332      0.619788E-02  0.295065E-03  0.102152E-04   0.00000      0.476360E-01  0.991397       0.00000    
   4.37546      0.611274E-02  0.291732E-03  0.104116E-04   0.00000      0.477557E-01   1.02198       0.00000    
   4.40783      0.602887E-02  0.288446E-03  0.106064E-04   0.00000      0.478764E-01   1.05294       0.00000    
   4.44044      0.594632E-02  0.285207E-03  0.108006E-04   0.00000      0.479980E-01   1.08436       0.00000    
   4.47330      0.586485E-02  0.282007E-03  0.109944E-04   0.00000      0.481208E-01   1.11631       0.00000    
   4.50639      0.578475E-02  0.278858E-03  0.111867E-04   0.00000      0.482444E-01   1.14862       0.00000    
   4.53974      0.570570E-02  0.275750E-03  0.113767E-04   0.00000      0.483700E-01   1.18126       0.00000    
   4.57332      0.562798E-02  0.272696E-03  0.115648E-04   0.00000      0.484971E-01   1.21421       0.00000    
   4.60716      0.555129E-02  0.269679E-03  0.117514E-04   0.00000      0.486257E-01   1.24755       0.00000    
   4.64125      0.547577E-02  0.266703E-03  0.119354E-04   0.00000      0.487548E-01   1.28119       0.00000    
   4.67559      0.540144E-02  0.263764E-03  0.121165E-04   0.00000      0.488836E-01   1.31507       0.00000    
   4.71018      0.532809E-02  0.260855E-03  0.122946E-04   0.00000      0.490128E-01   1.34923       0.00000    
   4.74503      0.525594E-02  0.257994E-03  0.124690E-04   0.00000      0.491435E-01   1.38349       0.00000    
   4.78013      0.518486E-02  0.255178E-03  0.126391E-04   0.00000      0.492764E-01   1.41779       0.00000    
   4.81550      0.511473E-02  0.252396E-03  0.128050E-04   0.00000      0.494103E-01   1.45217       0.00000    
   4.85113      0.504572E-02  0.249649E-03  0.129670E-04   0.00000      0.495441E-01   1.48666       0.00000    
   4.88702      0.497776E-02  0.246941E-03  0.131248E-04   0.00000      0.496790E-01   1.52119       0.00000    
   4.92318      0.491075E-02  0.244269E-03  0.132781E-04   0.00000      0.498152E-01   1.55572       0.00000    
   4.95960      0.484482E-02  0.241637E-03  0.134266E-04   0.00000      0.499524E-01   1.59019       0.00000    
   4.99630      0.477977E-02  0.239042E-03  0.135699E-04   0.00000      0.500917E-01   1.62453       0.00000    
   5.03326      0.471577E-02  0.236488E-03  0.137073E-04   0.00000      0.502326E-01   1.65863       0.00000    
   5.07050      0.465268E-02  0.233967E-03  0.138384E-04   0.00000      0.503743E-01   1.69246       0.00000    
   5.10802      0.459055E-02  0.231477E-03  0.139628E-04   0.00000      0.505164E-01   1.72596       0.00000    
   5.14581      0.452934E-02  0.229021E-03  0.140804E-04   0.00000      0.506593E-01   1.75908       0.00000    
   5.18388      0.446906E-02  0.226600E-03  0.141918E-04   0.00000      0.508036E-01   1.79185       0.00000    
   5.22224      0.440965E-02  0.224214E-03  0.142974E-04   0.00000      0.509495E-01   1.82431       0.00000    
   5.26087      0.435113E-02  0.221864E-03  0.143962E-04   0.00000      0.510973E-01   1.85628       0.00000    
   5.29980      0.429346E-02  0.219551E-03  0.144871E-04   0.00000      0.512472E-01   1.88760       0.00000    
   5.33901      0.423671E-02  0.217271E-03  0.145705E-04   0.00000      0.513981E-01   1.91829       0.00000    
   5.37851      0.418077E-02  0.215019E-03  0.146460E-04   0.00000      0.515498E-01   1.94834       0.00000    
   5.41830      0.412564E-02  0.212802E-03  0.147124E-04   0.00000      0.517036E-01   1.97747       0.00000    
   5.45839      0.407133E-02  0.210621E-03  0.147697E-04   0.00000      0.518597E-01   2.00564       0.00000    
   5.49878      0.401784E-02  0.208472E-03  0.148193E-04   0.00000      0.520176E-01   2.03302       0.00000    
   5.53946      0.396512E-02  0.206356E-03  0.148613E-04   0.00000      0.521776E-01   2.05960       0.00000    
   5.58044      0.391321E-02  0.204274E-03  0.148942E-04   0.00000      0.523396E-01   2.08510       0.00000    
   5.62173      0.386204E-02  0.202224E-03  0.149172E-04   0.00000      0.525042E-01   2.10942       0.00000    
   5.66332      0.381170E-02  0.200210E-03  0.149313E-04   0.00000      0.526710E-01   2.13256       0.00000    
   5.70522      0.376202E-02  0.198224E-03  0.149367E-04   0.00000      0.528401E-01   2.15462       0.00000    
   5.74744      0.371308E-02  0.196270E-03  0.149321E-04   0.00000      0.530117E-01   2.17533       0.00000    
   5.78996      0.366492E-02  0.194352E-03  0.149172E-04   0.00000      0.531862E-01   2.19452       0.00000    
   5.83280      0.361748E-02  0.192466E-03  0.148922E-04   0.00000      0.533635E-01   2.21224       0.00000    
   5.87595      0.357067E-02  0.190608E-03  0.148568E-04   0.00000      0.535436E-01   2.22843       0.00000    
   5.91943      0.352459E-02  0.188785E-03  0.148101E-04   0.00000      0.537268E-01   2.24283       0.00000    
   5.96322      0.347917E-02  0.186997E-03  0.147524E-04   0.00000      0.539147E-01   2.25539       0.00000    
   6.00734      0.343442E-02  0.185248E-03  0.146845E-04   0.00000      0.541079E-01   2.26616       0.00000    
   6.05179      0.339028E-02  0.183532E-03  0.146061E-04   0.00000      0.543058E-01   2.27510       0.00000    
   6.09656      0.334676E-02  0.181850E-03  0.145167E-04   0.00000      0.545091E-01   2.28205       0.00000    
   6.14167      0.330378E-02  0.180203E-03  0.144169E-04   0.00000      0.547189E-01   2.28705       0.00000    
   6.18711      0.326119E-02  0.178595E-03  0.143074E-04   0.00000      0.549391E-01   2.29013       0.00000    
   6.23289      0.321837E-02  0.177019E-03  0.141879E-04   0.00000      0.551792E-01   2.29120       0.00000    
   6.27900      0.317575E-02  0.175480E-03  0.140577E-04   0.00000      0.554333E-01   2.29009       0.00000    
   6.32546      0.313425E-02  0.173975E-03  0.139170E-04   0.00000      0.556848E-01   2.28681       0.00000    
   6.37226      0.309415E-02  0.172506E-03  0.137657E-04   0.00000      0.559296E-01   2.28121       0.00000    
   6.41940      0.305533E-02  0.171079E-03  0.136045E-04   0.00000      0.561702E-01   2.27336       0.00000    
   6.46690      0.301754E-02  0.169682E-03  0.134349E-04   0.00000      0.564078E-01   2.26353       0.00000    
   6.51474      0.298114E-02  0.168328E-03  0.132565E-04   0.00000      0.566391E-01   2.25149       0.00000    
   6.56294      0.294595E-02  0.167014E-03  0.130690E-04   0.00000      0.568662E-01   2.23716       0.00000    
   6.61150      0.291105E-02  0.165742E-03  0.128738E-04   0.00000      0.571071E-01   2.22072       0.00000    
   6.66042      0.287558E-02  0.164511E-03  0.126720E-04   0.00000      0.573794E-01   2.20235       0.00000    
   6.70970      0.284010E-02  0.163331E-03  0.124634E-04   0.00000      0.576759E-01   2.18183       0.00000    
   6.75934      0.280501E-02  0.162192E-03  0.122501E-04   0.00000      0.579870E-01   2.15963       0.00000    
   6.80935      0.277034E-02  0.161094E-03  0.120380E-04   0.00000      0.583119E-01   2.13678       0.00000    
   6.85973      0.273617E-02  0.160045E-03  0.118297E-04   0.00000      0.586520E-01   2.11365       0.00000    
   6.91048      0.270233E-02  0.159034E-03  0.116228E-04   0.00000      0.590076E-01   2.08997       0.00000    
   6.96161      0.266890E-02  0.158051E-03  0.114153E-04   0.00000      0.593738E-01   2.06552       0.00000    
   7.01312      0.263578E-02  0.157075E-03  0.112063E-04   0.00000      0.597449E-01   2.04039       0.00000    
   7.06500      0.260316E-02  0.156098E-03  0.109944E-04   0.00000      0.601133E-01   2.01443       0.00000    
   7.11728      0.257102E-02  0.155105E-03  0.107762E-04   0.00000      0.604734E-01   1.98717       0.00000    
   7.16993      0.253932E-02  0.154071E-03  0.105473E-04   0.00000      0.608162E-01   1.95811       0.00000    
   7.22298      0.250803E-02  0.152970E-03  0.103075E-04   0.00000      0.611304E-01   1.92746       0.00000    
   7.27642      0.247718E-02  0.151791E-03  0.100616E-04   0.00000      0.614101E-01   1.89617       0.00000    
   7.33026      0.244671E-02  0.150531E-03  0.981557E-05   0.00000      0.616542E-01   1.86539       0.00000    
   7.38449      0.241652E-02  0.149188E-03  0.957394E-05   0.00000      0.618636E-01   1.83592       0.00000    
   7.43913      0.238634E-02  0.147766E-03  0.933788E-05   0.00000      0.620453E-01   1.80796       0.00000    
   7.49417      0.235610E-02  0.146278E-03  0.910792E-05   0.00000      0.622049E-01   1.78145       0.00000    
   7.54961      0.232565E-02  0.144727E-03  0.888579E-05   0.00000      0.623481E-01   1.75669       0.00000    
   7.60547      0.229430E-02  0.143114E-03  0.867290E-05   0.00000      0.624926E-01   1.73398       0.00000    
   7.66174      0.226098E-02  0.141439E-03  0.847006E-05   0.00000      0.626686E-01   1.71353       0.00000    
   7.71843      0.222544E-02  0.139698E-03  0.827835E-05   0.00000      0.628833E-01   1.69566       0.00000    
   7.77553      0.218154E-02  0.137892E-03  0.809906E-05   0.00000      0.633175E-01   1.68070       0.00000    
   7.83306      0.211667E-02  0.136020E-03  0.793357E-05   0.00000      0.643703E-01   1.66905       0.00000    
   7.89102      0.204629E-02  0.134083E-03  0.778361E-05   0.00000      0.656350E-01   1.66117       0.00000    
   7.94940      0.199955E-02  0.132079E-03  0.765155E-05   0.00000      0.661652E-01   1.65776       0.00000    
   8.00821      0.197028E-02  0.130015E-03  0.753993E-05   0.00000      0.660986E-01   1.65952       0.00000    
   8.06746      0.194281E-02  0.127890E-03  0.745089E-05   0.00000      0.659386E-01   1.66715       0.00000    
   8.12715      0.191571E-02  0.125713E-03  0.738712E-05   0.00000      0.657352E-01   1.68147       0.00000    
   8.18728      0.188892E-02  0.123483E-03  0.735299E-05   0.00000      0.654884E-01   1.70386       0.00000    
   8.24786      0.186242E-02  0.121209E-03  0.735356E-05   0.00000      0.652009E-01   1.73590       0.00000    
   8.30888      0.183623E-02  0.118905E-03  0.739377E-05   0.00000      0.648802E-01   1.77909       0.00000    
   8.37035      0.181037E-02  0.116601E-03  0.747658E-05   0.00000      0.645395E-01   1.83442       0.00000    
   8.43228      0.178493E-02  0.114358E-03  0.759723E-05   0.00000      0.642100E-01   1.90039       0.00000    
   8.49467      0.176004E-02  0.112280E-03  0.773939E-05   0.00000      0.639455E-01   1.97156       0.00000    
   8.55752      0.173578E-02  0.110421E-03  0.789116E-05   0.00000      0.637771E-01   2.04383       0.00000    
   8.62083      0.171203E-02  0.108755E-03  0.805305E-05   0.00000      0.636976E-01   2.11745       0.00000    
   8.68462      0.168797E-02  0.107304E-03  0.820928E-05   0.00000      0.637560E-01   2.18744       0.00000    
   8.74887      0.166207E-02  0.106114E-03  0.833423E-05   0.00000      0.640411E-01   2.24541       0.00000    
   8.81360      0.163602E-02  0.105145E-03  0.842278E-05   0.00000      0.644747E-01   2.28998       0.00000    
   8.87881      0.161299E-02  0.104310E-03  0.848540E-05   0.00000      0.648823E-01   2.32533       0.00000    
   8.94450      0.159218E-02  0.103524E-03  0.853784E-05   0.00000      0.652411E-01   2.35732       0.00000    
   9.01068      0.157184E-02  0.102752E-03  0.858929E-05   0.00000      0.655985E-01   2.38920       0.00000    
   9.07734      0.155178E-02  0.101991E-03  0.864056E-05   0.00000      0.659604E-01   2.42123       0.00000    
   9.14450      0.153202E-02  0.101240E-03  0.869206E-05   0.00000      0.663257E-01   2.45359       0.00000    
   9.21216      0.151253E-02  0.100495E-03  0.874371E-05   0.00000      0.666930E-01   2.48628       0.00000    
   9.28032      0.149331E-02  0.997593E-04  0.879503E-05   0.00000      0.670634E-01   2.51916       0.00000    
   9.34898      0.147437E-02  0.990354E-04  0.884651E-05   0.00000      0.674388E-01   2.55225       0.00000    
   9.41815      0.145571E-02  0.983236E-04  0.889935E-05   0.00000      0.678197E-01   2.58590       0.00000    
   9.48783      0.143731E-02  0.976226E-04  0.895363E-05   0.00000      0.682056E-01   2.62016       0.00000    
   9.55803      0.141917E-02  0.969322E-04  0.900810E-05   0.00000      0.685963E-01   2.65468       0.00000    
   9.62875      0.140129E-02  0.962495E-04  0.906223E-05   0.00000      0.689900E-01   2.68937       0.00000    
   9.69999      0.138365E-02  0.955715E-04  0.911653E-05   0.00000      0.693854E-01   2.72447       0.00000    
   9.77175      0.136626E-02  0.949008E-04  0.917088E-05   0.00000      0.697840E-01   2.75986       0.00000    
   9.84405      0.134913E-02  0.942406E-04  0.922472E-05   0.00000      0.701867E-01   2.79529       0.00000    
   9.91688      0.133223E-02  0.935873E-04  0.927865E-05   0.00000      0.705932E-01   2.83102       0.00000    
   9.99025      0.131555E-02  0.929405E-04  0.933312E-05   0.00000      0.710029E-01   2.86722       0.00000    
   10.0642      0.129913E-02  0.923026E-04  0.938766E-05   0.00000      0.714162E-01   2.90366       0.00000    
   10.1386      0.128293E-02  0.916727E-04  0.944214E-05   0.00000      0.718338E-01   2.94032       0.00000    
   10.2136      0.126695E-02  0.910491E-04  0.949670E-05   0.00000      0.722549E-01   2.97730       0.00000    
   10.2892      0.125119E-02  0.904321E-04  0.955092E-05   0.00000      0.726791E-01   3.01445       0.00000    
   10.3653      0.123566E-02  0.898240E-04  0.960429E-05   0.00000      0.731076E-01   3.05154       0.00000    
   10.4420      0.122034E-02  0.892232E-04  0.965736E-05   0.00000      0.735402E-01   3.08877       0.00000    
   10.5193      0.120523E-02  0.886273E-04  0.971060E-05   0.00000      0.739755E-01   3.12639       0.00000    
   10.5971      0.119034E-02  0.880387E-04  0.976359E-05   0.00000      0.744145E-01   3.16415       0.00000    
   10.6755      0.117564E-02  0.874560E-04  0.981645E-05   0.00000      0.748572E-01   3.20216       0.00000    
   10.7545      0.116114E-02  0.868770E-04  0.987009E-05   0.00000      0.753018E-01   3.24079       0.00000    
   10.8341      0.114685E-02  0.863048E-04  0.992436E-05   0.00000      0.757497E-01   3.27987       0.00000    
   10.9142      0.113276E-02  0.857401E-04  0.997812E-05   0.00000      0.762024E-01   3.31901       0.00000    
   10.9950      0.111885E-02  0.851805E-04  0.100310E-04   0.00000      0.766581E-01   3.35816       0.00000    
   11.0763      0.110513E-02  0.846252E-04  0.100837E-04   0.00000      0.771164E-01   3.39757       0.00000    
   11.1583      0.109161E-02  0.840762E-04  0.101363E-04   0.00000      0.775782E-01   3.43723       0.00000    
   11.2408      0.107827E-02  0.835341E-04  0.101882E-04   0.00000      0.780447E-01   3.47686       0.00000    
   11.3240      0.106510E-02  0.829971E-04  0.102394E-04   0.00000      0.785150E-01   3.51655       0.00000    
   11.4078      0.105211E-02  0.824618E-04  0.102905E-04   0.00000      0.789852E-01   3.55663       0.00000    
   11.4922      0.103929E-02  0.819283E-04  0.103413E-04   0.00000      0.794566E-01   3.59701       0.00000    
   11.5772      0.102666E-02  0.814023E-04  0.103910E-04   0.00000      0.799317E-01   3.63724       0.00000    
   11.6629      0.101418E-02  0.808806E-04  0.104402E-04   0.00000      0.804115E-01   3.67760       0.00000    
   11.7492      0.100187E-02  0.803626E-04  0.104894E-04   0.00000      0.808929E-01   3.71826       0.00000    
   11.8361      0.989736E-03  0.798498E-04  0.105379E-04   0.00000      0.813774E-01   3.75899       0.00000    
   11.9237      0.977766E-03  0.793411E-04  0.105857E-04   0.00000      0.818644E-01   3.79976       0.00000    
   12.0119      0.965935E-03  0.788340E-04  0.106331E-04   0.00000      0.823532E-01   3.84084       0.00000    
   12.1007      0.954271E-03  0.783315E-04  0.106803E-04   0.00000      0.828447E-01   3.88211       0.00000    
   12.1903      0.942755E-03  0.778331E-04  0.107271E-04   0.00000      0.833396E-01   3.92357       0.00000    
   12.2805      0.931406E-03  0.773379E-04  0.107737E-04   0.00000      0.838353E-01   3.96535       0.00000    
   12.3713      0.920186E-03  0.768457E-04  0.108201E-04   0.00000      0.843348E-01   4.00735       0.00000    
   12.4629      0.909134E-03  0.763592E-04  0.108653E-04   0.00000      0.848371E-01   4.04919       0.00000    
   12.5551      0.898214E-03  0.758751E-04  0.109096E-04   0.00000      0.853420E-01   4.09104       0.00000    
   12.6480      0.887437E-03  0.753936E-04  0.109532E-04   0.00000      0.858484E-01   4.13304       0.00000    
   12.7415      0.876809E-03  0.749166E-04  0.109957E-04   0.00000      0.863577E-01   4.17493       0.00000    
   12.8358      0.866308E-03  0.744428E-04  0.110370E-04   0.00000      0.868705E-01   4.21665       0.00000    
   12.9308      0.855947E-03  0.739702E-04  0.110775E-04   0.00000      0.873828E-01   4.25854       0.00000    
   13.0264      0.845718E-03  0.734977E-04  0.111172E-04   0.00000      0.878943E-01   4.30065       0.00000    
   13.1228      0.835610E-03  0.730276E-04  0.111552E-04   0.00000      0.884080E-01   4.34248       0.00000    
   13.2199      0.825651E-03  0.725629E-04  0.111913E-04   0.00000      0.889247E-01   4.38378       0.00000    
   13.3177      0.815819E-03  0.721013E-04  0.112267E-04   0.00000      0.894439E-01   4.42514       0.00000    
   13.4163      0.806092E-03  0.716407E-04  0.112620E-04   0.00000      0.899656E-01   4.46691       0.00000    
   13.5155      0.796504E-03  0.711842E-04  0.112967E-04   0.00000      0.904892E-01   4.50871       0.00000    
   13.6155      0.787040E-03  0.707307E-04  0.113304E-04   0.00000      0.910151E-01   4.55048       0.00000    
   13.7162      0.777687E-03  0.702789E-04  0.113634E-04   0.00000      0.915429E-01   4.59232       0.00000    
   13.8177      0.768449E-03  0.698302E-04  0.113950E-04   0.00000      0.920735E-01   4.63396       0.00000    
   13.9200      0.759342E-03  0.693845E-04  0.114248E-04   0.00000      0.926050E-01   4.67520       0.00000    
   14.0229      0.750333E-03  0.689385E-04  0.114530E-04   0.00000      0.931365E-01   4.71630       0.00000    
   14.1267      0.741440E-03  0.684932E-04  0.114795E-04   0.00000      0.936671E-01   4.75718       0.00000    
   14.2312      0.732660E-03  0.680508E-04  0.115039E-04   0.00000      0.941996E-01   4.79752       0.00000    
   14.3365      0.723988E-03  0.676112E-04  0.115264E-04   0.00000      0.947346E-01   4.83740       0.00000    
   14.4426      0.715416E-03  0.671720E-04  0.115482E-04   0.00000      0.952697E-01   4.87747       0.00000    
   14.5494      0.706960E-03  0.667342E-04  0.115695E-04   0.00000      0.958041E-01   4.91773       0.00000    
   14.6571      0.698592E-03  0.663000E-04  0.115891E-04   0.00000      0.963442E-01   4.95749       0.00000    
   14.7655      0.690354E-03  0.658701E-04  0.116065E-04   0.00000      0.968848E-01   4.99657       0.00000    
   14.8748      0.682186E-03  0.654384E-04  0.116226E-04   0.00000      0.974259E-01   5.03568       0.00000    
   14.9848      0.674139E-03  0.650084E-04  0.116374E-04   0.00000      0.979646E-01   5.07464       0.00000    
   15.0957      0.666174E-03  0.645818E-04  0.116507E-04   0.00000      0.985092E-01   5.11315       0.00000    
   15.2074      0.658327E-03  0.641594E-04  0.116627E-04   0.00000      0.990553E-01   5.15128       0.00000    
   15.3199      0.650550E-03  0.637364E-04  0.116740E-04   0.00000      0.996029E-01   5.18962       0.00000    
   15.4332      0.642881E-03  0.633156E-04  0.116836E-04   0.00000      0.100150       5.22760       0.00000    
   15.5474      0.635296E-03  0.628972E-04  0.116908E-04   0.00000      0.100700       5.26473       0.00000    
   15.6625      0.627799E-03  0.624786E-04  0.116958E-04   0.00000      0.101249       5.30144       0.00000    
   15.7783      0.620395E-03  0.620611E-04  0.116989E-04   0.00000      0.101797       5.33766       0.00000    
   15.8951      0.613086E-03  0.616467E-04  0.116994E-04   0.00000      0.102346       5.37292       0.00000    
   16.0127      0.605855E-03  0.612328E-04  0.116979E-04   0.00000      0.102896       5.40773       0.00000    
   16.1311      0.598705E-03  0.608186E-04  0.116952E-04   0.00000      0.103445       5.44244       0.00000    
   16.2505      0.591644E-03  0.604079E-04  0.116904E-04   0.00000      0.103996       5.47636       0.00000    
   16.3707      0.584668E-03  0.600010E-04  0.116832E-04   0.00000      0.104551       5.50928       0.00000    
   16.4918      0.577768E-03  0.595937E-04  0.116743E-04   0.00000      0.105105       5.54188       0.00000    
   16.6139      0.570944E-03  0.591867E-04  0.116636E-04   0.00000      0.105658       5.57405       0.00000    
   16.7368      0.564201E-03  0.587836E-04  0.116503E-04   0.00000      0.106216       5.60506       0.00000    
   16.8606      0.557540E-03  0.583827E-04  0.116348E-04   0.00000      0.106774       5.63525       0.00000    
   16.9854      0.550948E-03  0.579799E-04  0.116180E-04   0.00000      0.107329       5.66545       0.00000    
   17.1110      0.544429E-03  0.575765E-04  0.115999E-04   0.00000      0.107881       5.69541       0.00000    
   17.2376      0.537984E-03  0.571757E-04  0.115794E-04   0.00000      0.108435       5.72443       0.00000    
   17.3652      0.531615E-03  0.567767E-04  0.115569E-04   0.00000      0.108990       5.75269       0.00000    
   17.4936      0.525316E-03  0.563787E-04  0.115328E-04   0.00000      0.109546       5.78045       0.00000    
   17.6231      0.519090E-03  0.559834E-04  0.115066E-04   0.00000      0.110104       5.80732       0.00000    
   17.7535      0.512930E-03  0.555885E-04  0.114781E-04   0.00000      0.110661       5.83331       0.00000    
   17.8848      0.506841E-03  0.551927E-04  0.114476E-04   0.00000      0.111213       5.85882       0.00000    
   18.0171      0.500811E-03  0.547975E-04  0.114154E-04   0.00000      0.111767       5.88375       0.00000    
   18.1504      0.494852E-03  0.544053E-04  0.113810E-04   0.00000      0.112322       5.90766       0.00000    
   18.2847      0.488964E-03  0.540144E-04  0.113445E-04   0.00000      0.112877       5.93065       0.00000    
   18.4200      0.483131E-03  0.536214E-04  0.113066E-04   0.00000      0.113428       5.95348       0.00000    
   18.5563      0.477360E-03  0.532275E-04  0.112674E-04   0.00000      0.113975       5.97606       0.00000    
   18.6936      0.471653E-03  0.528363E-04  0.112257E-04   0.00000      0.114524       5.99738       0.00000    
   18.8319      0.466009E-03  0.524459E-04  0.111813E-04   0.00000      0.115072       6.01754       0.00000    
   18.9712      0.460420E-03  0.520533E-04  0.111352E-04   0.00000      0.115614       6.03736       0.00000    
   19.1116      0.454891E-03  0.516613E-04  0.110876E-04   0.00000      0.116155       6.05656       0.00000    
   19.2530      0.449420E-03  0.512713E-04  0.110383E-04   0.00000      0.116697       6.07494       0.00000    
   19.3954      0.444012E-03  0.508819E-04  0.109879E-04   0.00000      0.117237       6.09290       0.00000    
   19.5389      0.438656E-03  0.504935E-04  0.109360E-04   0.00000      0.117778       6.11027       0.00000    
   19.6835      0.433363E-03  0.501076E-04  0.108821E-04   0.00000      0.118320       6.12646       0.00000    
   19.8291      0.428126E-03  0.497217E-04  0.108263E-04   0.00000      0.118859       6.14190       0.00000    
   19.9758      0.422935E-03  0.493331E-04  0.107692E-04   0.00000      0.119391       6.15711       0.00000    
   20.1236      0.417800E-03  0.489442E-04  0.107102E-04   0.00000      0.119919       6.17157       0.00000    
   20.2725      0.412721E-03  0.485562E-04  0.106492E-04   0.00000      0.120445       6.18505       0.00000    
   20.4225      0.407691E-03  0.481674E-04  0.105871E-04   0.00000      0.120967       6.19818       0.00000    
   20.5736      0.402713E-03  0.477796E-04  0.105237E-04   0.00000      0.121488       6.21068       0.00000    
   20.7258      0.397787E-03  0.473937E-04  0.104584E-04   0.00000      0.122010       6.22203       0.00000    
   20.8792      0.392915E-03  0.470066E-04  0.103916E-04   0.00000      0.122524       6.23288       0.00000    
   21.0336      0.388082E-03  0.466167E-04  0.103240E-04   0.00000      0.123031       6.24373       0.00000    
   21.1893      0.383299E-03  0.462264E-04  0.102549E-04   0.00000      0.123533       6.25396       0.00000    
   21.3460      0.378571E-03  0.458379E-04  0.101840E-04   0.00000      0.124034       6.26308       0.00000    
   21.5040      0.373892E-03  0.454502E-04  0.101119E-04   0.00000      0.124532       6.27153       0.00000    
   21.6631      0.369257E-03  0.450616E-04  0.100392E-04   0.00000      0.125025       6.27983       0.00000    
   21.8233      0.364670E-03  0.446730E-04  0.996540E-05   0.00000      0.125514       6.28766       0.00000    
   21.9848      0.360133E-03  0.442863E-04  0.989023E-05   0.00000      0.126001       6.29450       0.00000    
   22.1475      0.355640E-03  0.438991E-04  0.981419E-05   0.00000      0.126484       6.30099       0.00000    
   22.3113      0.351190E-03  0.435093E-04  0.973791E-05   0.00000      0.126956       6.30779       0.00000    
   22.4764      0.346785E-03  0.431199E-04  0.966083E-05   0.00000      0.127425       6.31416       0.00000    
   22.6427      0.342425E-03  0.427327E-04  0.958259E-05   0.00000      0.127894       6.31960       0.00000    
   22.8102      0.338110E-03  0.423448E-04  0.950370E-05   0.00000      0.128355       6.32482       0.00000    
   22.9790      0.333834E-03  0.419552E-04  0.942407E-05   0.00000      0.128808       6.32990       0.00000    
   23.1490      0.329606E-03  0.415666E-04  0.934293E-05   0.00000      0.129256       6.33391       0.00000    
   23.3203      0.325421E-03  0.411777E-04  0.926052E-05   0.00000      0.129697       6.33724       0.00000    
   23.4928      0.321269E-03  0.407862E-04  0.917782E-05   0.00000      0.130128       6.34081       0.00000    
   23.6666      0.317162E-03  0.403950E-04  0.909497E-05   0.00000      0.130552       6.34430       0.00000    
   23.8417      0.313099E-03  0.400065E-04  0.901147E-05   0.00000      0.130977       6.34702       0.00000    
   24.0181      0.309081E-03  0.396194E-04  0.892737E-05   0.00000      0.131398       6.34914       0.00000    
   24.1958      0.305102E-03  0.392322E-04  0.884291E-05   0.00000      0.131813       6.35108       0.00000    
   24.3748      0.301166E-03  0.388452E-04  0.875780E-05   0.00000      0.132220       6.35256       0.00000    
   24.5552      0.297270E-03  0.384577E-04  0.867226E-05   0.00000      0.132618       6.35385       0.00000    
   24.7368      0.293408E-03  0.380692E-04  0.858682E-05   0.00000      0.133008       6.35542       0.00000    
   24.9199      0.289591E-03  0.376819E-04  0.850125E-05   0.00000      0.133391       6.35670       0.00000    
   25.1042      0.285814E-03  0.372958E-04  0.841533E-05   0.00000      0.133771       6.35757       0.00000    
   25.2900      0.282073E-03  0.369103E-04  0.832938E-05   0.00000      0.134144       6.35834       0.00000    
   25.4771      0.278376E-03  0.365258E-04  0.824342E-05   0.00000      0.134511       6.35894       0.00000    
   25.6656      0.274714E-03  0.361429E-04  0.815703E-05   0.00000      0.134874       6.35896       0.00000    
   25.8555      0.271092E-03  0.357610E-04  0.807016E-05   0.00000      0.135232       6.35844       0.00000    
   26.0468      0.267510E-03  0.353795E-04  0.798339E-05   0.00000      0.135580       6.35793       0.00000    
   26.2395      0.263963E-03  0.349988E-04  0.789676E-05   0.00000      0.135923       6.35735       0.00000    
   26.4336      0.260458E-03  0.346201E-04  0.780993E-05   0.00000      0.136260       6.35627       0.00000    
   26.6292      0.256985E-03  0.342414E-04  0.772327E-05   0.00000      0.136590       6.35529       0.00000    
   26.8262      0.253551E-03  0.338624E-04  0.763718E-05   0.00000      0.136907       6.35480       0.00000    
   27.0247      0.250153E-03  0.334846E-04  0.755120E-05   0.00000      0.137218       6.35417       0.00000    
   27.2246      0.246794E-03  0.331094E-04  0.746493E-05   0.00000      0.137525       6.35281       0.00000    
   27.4261      0.243473E-03  0.327359E-04  0.737873E-05   0.00000      0.137827       6.35114       0.00000    
   27.6290      0.240188E-03  0.323635E-04  0.729296E-05   0.00000      0.138121       6.34960       0.00000    
   27.8334      0.236939E-03  0.319928E-04  0.720735E-05   0.00000      0.138409       6.34785       0.00000    
   28.0393      0.233726E-03  0.316243E-04  0.712182E-05   0.00000      0.138694       6.34567       0.00000    
   28.2468      0.230550E-03  0.312569E-04  0.703694E-05   0.00000      0.138969       6.34380       0.00000    
   28.4558      0.227404E-03  0.308895E-04  0.695287E-05   0.00000      0.139234       6.34261       0.00000    
   28.6663      0.224297E-03  0.305249E-04  0.686889E-05   0.00000      0.139494       6.34090       0.00000    
   28.8784      0.221227E-03  0.301631E-04  0.678485E-05   0.00000      0.139751       6.33853       0.00000    
   29.0921      0.218191E-03  0.298021E-04  0.670135E-05   0.00000      0.139997       6.33642       0.00000    
   29.3073      0.215186E-03  0.294426E-04  0.661835E-05   0.00000      0.140238       6.33441       0.00000    
   29.5241      0.212219E-03  0.290858E-04  0.653548E-05   0.00000      0.140473       6.33192       0.00000    
   29.7426      0.209286E-03  0.287308E-04  0.645309E-05   0.00000      0.140700       6.32943       0.00000    
   29.9626      0.206385E-03  0.283772E-04  0.637166E-05   0.00000      0.140920       6.32750       0.00000    
   30.1843      0.203515E-03  0.280252E-04  0.629097E-05   0.00000      0.141133       6.32589       0.00000    
   30.4076      0.200681E-03  0.276754E-04  0.621070E-05   0.00000      0.141337       6.32418       0.00000    
   30.6326      0.197880E-03  0.273282E-04  0.613078E-05   0.00000      0.141538       6.32216       0.00000    
   30.8592      0.195114E-03  0.269843E-04  0.605103E-05   0.00000      0.141735       6.31953       0.00000    
   31.0876      0.192380E-03  0.266429E-04  0.597158E-05   0.00000      0.141927       6.31657       0.00000    
   31.3176      0.189679E-03  0.263033E-04  0.589277E-05   0.00000      0.142110       6.31379       0.00000    
   31.5493      0.187010E-03  0.259658E-04  0.581471E-05   0.00000      0.142286       6.31121       0.00000    
   31.7827      0.184370E-03  0.256309E-04  0.573716E-05   0.00000      0.142459       6.30849       0.00000    
   32.0178      0.181767E-03  0.252986E-04  0.566011E-05   0.00000      0.142623       6.30560       0.00000    
   32.2547      0.179192E-03  0.249684E-04  0.558388E-05   0.00000      0.142781       6.30303       0.00000    
   32.4934      0.176649E-03  0.246411E-04  0.550850E-05   0.00000      0.142935       6.30061       0.00000    
   32.7338      0.174138E-03  0.243172E-04  0.543357E-05   0.00000      0.143086       6.29781       0.00000    
   32.9760      0.171657E-03  0.239951E-04  0.535913E-05   0.00000      0.143229       6.29498       0.00000    
   33.2199      0.169206E-03  0.236747E-04  0.528553E-05   0.00000      0.143361       6.29264       0.00000    
   33.4657      0.166785E-03  0.233576E-04  0.521258E-05   0.00000      0.143491       6.29012       0.00000    
   33.7133      0.164397E-03  0.230444E-04  0.514001E-05   0.00000      0.143619       6.28695       0.00000    
   33.9628      0.162037E-03  0.227327E-04  0.506815E-05   0.00000      0.143737       6.28415       0.00000    
   34.2140      0.159705E-03  0.224228E-04  0.499716E-05   0.00000      0.143845       6.28184       0.00000    
   34.4672      0.157405E-03  0.221169E-04  0.492661E-05   0.00000      0.143954       6.27888       0.00000    
   34.7222      0.155135E-03  0.218147E-04  0.485654E-05   0.00000      0.144060       6.27544       0.00000    
   34.9791      0.152892E-03  0.215139E-04  0.478754E-05   0.00000      0.144155       6.27287       0.00000    
   35.2379      0.150675E-03  0.212151E-04  0.471972E-05   0.00000      0.144243       6.27117       0.00000    
   35.4986      0.148490E-03  0.209207E-04  0.465255E-05   0.00000      0.144332       6.26897       0.00000    
   35.7612      0.146333E-03  0.206300E-04  0.458572E-05   0.00000      0.144421       6.26609       0.00000    
   36.0258      0.144203E-03  0.203410E-04  0.451939E-05   0.00000      0.144498       6.26327       0.00000    
   36.2924      0.142100E-03  0.200538E-04  0.445374E-05   0.00000      0.144564       6.26076       0.00000    
   36.5609      0.140024E-03  0.197700E-04  0.438880E-05   0.00000      0.144627       6.25816       0.00000    
   36.8314      0.137976E-03  0.194896E-04  0.432476E-05   0.00000      0.144690       6.25562       0.00000    
   37.1039      0.135954E-03  0.192121E-04  0.426171E-05   0.00000      0.144748       6.25354       0.00000    
   37.3784      0.133959E-03  0.189375E-04  0.419940E-05   0.00000      0.144801       6.25152       0.00000    
   37.6550      0.131992E-03  0.186665E-04  0.413756E-05   0.00000      0.144854       6.24897       0.00000    
   37.9336      0.130049E-03  0.183982E-04  0.407636E-05   0.00000      0.144902       6.24640       0.00000    
   38.2142      0.128133E-03  0.181323E-04  0.401589E-05   0.00000      0.144941       6.24406       0.00000    
   38.4969      0.126242E-03  0.178698E-04  0.395590E-05   0.00000      0.144979       6.24122       0.00000    
   38.7818      0.124375E-03  0.176100E-04  0.389656E-05   0.00000      0.145012       6.23839       0.00000    
   39.0687      0.122533E-03  0.173520E-04  0.383814E-05   0.00000      0.145033       6.23630       0.00000    
   39.3578      0.120714E-03  0.170965E-04  0.378041E-05   0.00000      0.145049       6.23436       0.00000    
   39.6490      0.118921E-03  0.168447E-04  0.372329E-05   0.00000      0.145064       6.23203       0.00000    
   39.9423      0.117153E-03  0.165959E-04  0.366696E-05   0.00000      0.145077       6.22982       0.00000    
   40.2378      0.115408E-03  0.163500E-04  0.361136E-05   0.00000      0.145086       6.22772       0.00000    
   40.5355      0.113689E-03  0.161075E-04  0.355616E-05   0.00000      0.145093       6.22494       0.00000    
   40.8354      0.111992E-03  0.158676E-04  0.350155E-05   0.00000      0.145093       6.22210       0.00000    
   41.1376      0.110318E-03  0.156296E-04  0.344793E-05   0.00000      0.145085       6.22015       0.00000    
   41.4419      0.108666E-03  0.153949E-04  0.339511E-05   0.00000      0.145076       6.21833       0.00000    
   41.7485      0.107038E-03  0.151636E-04  0.334294E-05   0.00000      0.145067       6.21623       0.00000    
   42.0574      0.105432E-03  0.149346E-04  0.329165E-05   0.00000      0.145051       6.21475       0.00000    
   42.3686      0.103847E-03  0.147081E-04  0.324118E-05   0.00000      0.145031       6.21373       0.00000    
   42.6821      0.102285E-03  0.144851E-04  0.319115E-05   0.00000      0.145010       6.21207       0.00000    
   42.9978      0.100746E-03  0.142648E-04  0.314151E-05   0.00000      0.144985       6.20997       0.00000    
   43.3160      0.992259E-04  0.140463E-04  0.309259E-05   0.00000      0.144949       6.20839       0.00000    
   43.6365      0.977272E-04  0.138305E-04  0.304444E-05   0.00000      0.144909       6.20714       0.00000    
   43.9593      0.962503E-04  0.136181E-04  0.299685E-05   0.00000      0.144872       6.20544       0.00000    
   44.2845      0.947940E-04  0.134086E-04  0.294986E-05   0.00000      0.144832       6.20365       0.00000    
   44.6122      0.933577E-04  0.132012E-04  0.290361E-05   0.00000      0.144784       6.20235       0.00000    
   44.9423      0.919413E-04  0.129968E-04  0.285800E-05   0.00000      0.144737       6.20100       0.00000    
   45.2748      0.905467E-04  0.127959E-04  0.281291E-05   0.00000      0.144693       6.19904       0.00000    
   45.6097      0.891717E-04  0.125977E-04  0.276841E-05   0.00000      0.144645       6.19702       0.00000    
   45.9472      0.878153E-04  0.124014E-04  0.272454E-05   0.00000      0.144590       6.19538       0.00000    
   46.2871      0.864773E-04  0.122075E-04  0.268125E-05   0.00000      0.144529       6.19387       0.00000    
   46.6296      0.851588E-04  0.120162E-04  0.263856E-05   0.00000      0.144466       6.19232       0.00000    
   46.9746      0.838597E-04  0.118275E-04  0.259661E-05   0.00000      0.144398       6.19114       0.00000    
   47.3221      0.825771E-04  0.116407E-04  0.255539E-05   0.00000      0.144324       6.19065       0.00000    
   47.6723      0.813127E-04  0.114561E-04  0.251465E-05   0.00000      0.144243       6.19015       0.00000    
   48.0250      0.800671E-04  0.112740E-04  0.247432E-05   0.00000      0.144158       6.18926       0.00000    
   48.3803      0.788389E-04  0.110943E-04  0.243453E-05   0.00000      0.144070       6.18838       0.00000    
   48.7382      0.776291E-04  0.109174E-04  0.239527E-05   0.00000      0.143981       6.18729       0.00000    
   49.0988      0.764373E-04  0.107434E-04  0.235646E-05   0.00000      0.143893       6.18568       0.00000    
   49.4621      0.752610E-04  0.105714E-04  0.231832E-05   0.00000      0.143801       6.18461       0.00000    
   49.8281      0.741013E-04  0.104012E-04  0.228094E-05   0.00000      0.143700       6.18447       0.00000    
   50.1967      0.729587E-04  0.102338E-04  0.224441E-05   0.00000      0.143602       6.18498       0.00000    
   50.5681      0.718310E-04  0.100687E-04  0.220908E-05   0.00000      0.143506       6.18732       0.00000    
   50.9423      0.707188E-04  0.990526E-05  0.217494E-05   0.00000      0.143402       6.19206       0.00000    
   51.3192      0.696218E-04  0.974392E-05  0.214163E-05   0.00000      0.143296       6.19802       0.00000    
   51.6988      0.685410E-04  0.958512E-05  0.210900E-05   0.00000      0.143190       6.20449       0.00000    
   52.0813      0.674751E-04  0.942825E-05  0.207719E-05   0.00000      0.143080       6.21232       0.00000    
   52.4667      0.664239E-04  0.927304E-05  0.204623E-05   0.00000      0.142962       6.22186       0.00000    
   52.8549      0.653875E-04  0.911976E-05  0.201591E-05   0.00000      0.142839       6.23234       0.00000    
   53.2459      0.643662E-04  0.896890E-05  0.198612E-05   0.00000      0.142717       6.24320       0.00000    
   53.6399      0.633606E-04  0.882060E-05  0.195697E-05   0.00000      0.142598       6.25462       0.00000    
   54.0367      0.623695E-04  0.867439E-05  0.192846E-05   0.00000      0.142476       6.26698       0.00000    
   54.4365      0.613917E-04  0.852972E-05  0.190047E-05   0.00000      0.142346       6.28031       0.00000    
   54.8393      0.604280E-04  0.838657E-05  0.187290E-05   0.00000      0.142205       6.29439       0.00000    
   55.2450      0.594771E-04  0.824507E-05  0.184580E-05   0.00000      0.142057       6.30928       0.00000    
   55.6538      0.585395E-04  0.810554E-05  0.181923E-05   0.00000      0.141908       6.32500       0.00000    
   56.0655      0.576164E-04  0.796825E-05  0.179315E-05   0.00000      0.141757       6.34120       0.00000    
   56.4803      0.567065E-04  0.783299E-05  0.176754E-05   0.00000      0.141605       6.35800       0.00000    
   56.8982      0.558094E-04  0.769956E-05  0.174249E-05   0.00000      0.141451       6.37589       0.00000    
   57.3192      0.549254E-04  0.756820E-05  0.171789E-05   0.00000      0.141296       6.39438       0.00000    
   57.7433      0.540555E-04  0.743903E-05  0.169357E-05   0.00000      0.141140       6.41269       0.00000    
   58.1705      0.531974E-04  0.731124E-05  0.166957E-05   0.00000      0.140974       6.43165       0.00000    
   58.6009      0.523504E-04  0.718463E-05  0.164599E-05   0.00000      0.140797       6.45186       0.00000    
   59.0344      0.515161E-04  0.705989E-05  0.162279E-05   0.00000      0.140616       6.47259       0.00000    
   59.4712      0.506941E-04  0.693705E-05  0.159995E-05   0.00000      0.140434       6.49375       0.00000    
   59.9112      0.498834E-04  0.681573E-05  0.157754E-05   0.00000      0.140245       6.51599       0.00000    
   60.3545      0.490845E-04  0.669616E-05  0.155550E-05   0.00000      0.140053       6.53885       0.00000    
   60.8010      0.482977E-04  0.657856E-05  0.153369E-05   0.00000      0.139861       6.56160       0.00000    
   61.2509      0.475224E-04  0.646251E-05  0.151219E-05   0.00000      0.139662       6.58498       0.00000    
   61.7040      0.467573E-04  0.634780E-05  0.149106E-05   0.00000      0.139456       6.60939       0.00000    
   62.1606      0.460037E-04  0.623483E-05  0.147018E-05   0.00000      0.139246       6.63402       0.00000    
   62.6205      0.452611E-04  0.612358E-05  0.144955E-05   0.00000      0.139034       6.65886       0.00000    
   63.0838      0.445295E-04  0.601388E-05  0.142923E-05   0.00000      0.138815       6.68433       0.00000    
   63.5505      0.438080E-04  0.590577E-05  0.140916E-05   0.00000      0.138595       6.71015       0.00000    
   64.0207      0.430971E-04  0.579935E-05  0.138930E-05   0.00000      0.138372       6.73598       0.00000    
   64.4944      0.423968E-04  0.569451E-05  0.136969E-05   0.00000      0.138145       6.76220       0.00000    
   64.9715      0.417059E-04  0.559114E-05  0.135034E-05   0.00000      0.137916       6.78889       0.00000    
   65.4522      0.410252E-04  0.548934E-05  0.133113E-05   0.00000      0.137682       6.81537       0.00000    
   65.9365      0.403549E-04  0.538913E-05  0.131201E-05   0.00000      0.137444       6.84140       0.00000    
   66.4243      0.396939E-04  0.529002E-05  0.129307E-05   0.00000      0.137194       6.86788       0.00000    
   66.9158      0.390414E-04  0.519191E-05  0.127432E-05   0.00000      0.136932       6.89513       0.00000    
   67.4109      0.383990E-04  0.509550E-05  0.125565E-05   0.00000      0.136668       6.92159       0.00000    
   67.9096      0.377664E-04  0.500085E-05  0.123701E-05   0.00000      0.136406       6.94688       0.00000    
   68.4121      0.371424E-04  0.490742E-05  0.121856E-05   0.00000      0.136137       6.97251       0.00000    
   68.9182      0.365273E-04  0.481537E-05  0.120030E-05   0.00000      0.135863       6.99826       0.00000    
   69.4281      0.359218E-04  0.472511E-05  0.118209E-05   0.00000      0.135593       7.02277       0.00000    
   69.9418      0.353250E-04  0.463627E-05  0.116393E-05   0.00000      0.135319       7.04640       0.00000    
   70.4593      0.347365E-04  0.454845E-05  0.114587E-05   0.00000      0.135033       7.07003       0.00000    
   70.9806      0.341559E-04  0.446184E-05  0.112790E-05   0.00000      0.134741       7.09325       0.00000    
   71.5057      0.335838E-04  0.437669E-05  0.110992E-05   0.00000      0.134447       7.11506       0.00000    
   72.0348      0.330202E-04  0.429281E-05  0.109193E-05   0.00000      0.134145       7.13559       0.00000    
   72.5677      0.324641E-04  0.421000E-05  0.107396E-05   0.00000      0.133835       7.15539       0.00000    
   73.1046      0.319159E-04  0.412849E-05  0.105601E-05   0.00000      0.133520       7.17391       0.00000    
   73.6455      0.313758E-04  0.404848E-05  0.103805E-05   0.00000      0.133206       7.19054       0.00000    
   74.1904      0.308437E-04  0.396984E-05  0.102005E-05   0.00000      0.132889       7.20521       0.00000    
   74.7393      0.303184E-04  0.389223E-05  0.100198E-05   0.00000      0.132564       7.21810       0.00000    
   75.2923      0.298009E-04  0.381560E-05  0.983783E-06   0.00000      0.132224       7.22890       0.00000    
   75.8493      0.292903E-04  0.374004E-05  0.965496E-06   0.00000      0.131875       7.23747       0.00000    
   76.4105      0.287867E-04  0.366552E-05  0.947180E-06   0.00000      0.131516       7.24423       0.00000    
   76.9758      0.282905E-04  0.359216E-05  0.928820E-06   0.00000      0.131150       7.24869       0.00000    
   77.5454      0.278017E-04  0.352027E-05  0.910355E-06   0.00000      0.130786       7.24962       0.00000    
   78.1191      0.273200E-04  0.344978E-05  0.891854E-06   0.00000      0.130424       7.24751       0.00000    
   78.6971      0.268450E-04  0.338062E-05  0.873344E-06   0.00000      0.130065       7.24252       0.00000    
   79.2793      0.263776E-04  0.331301E-05  0.854713E-06   0.00000      0.129712       7.23305       0.00000    
   79.8659      0.259168E-04  0.324676E-05  0.835959E-06   0.00000      0.129362       7.21931       0.00000    
   80.4568      0.254620E-04  0.318152E-05  0.817160E-06   0.00000      0.129007       7.20240       0.00000    
   81.0521      0.250139E-04  0.311744E-05  0.798305E-06   0.00000      0.128649       7.18175       0.00000    
   81.6517      0.245721E-04  0.305451E-05  0.779373E-06   0.00000      0.128291       7.15695       0.00000    
   82.2558      0.241363E-04  0.299260E-05  0.760408E-06   0.00000      0.127928       7.12846       0.00000    
   82.8644      0.237065E-04  0.293189E-05  0.741441E-06   0.00000      0.127568       7.09595       0.00000    
   83.4775      0.232833E-04  0.287263E-05  0.722440E-06   0.00000      0.127219       7.05830       0.00000    
   84.0951      0.228664E-04  0.281481E-05  0.703369E-06   0.00000      0.126883       7.01493       0.00000    
   84.7173      0.224554E-04  0.275820E-05  0.684237E-06   0.00000      0.126553       6.96617       0.00000    
   85.3441      0.220498E-04  0.270265E-05  0.665038E-06   0.00000      0.126227       6.91203       0.00000    
   85.9755      0.216499E-04  0.264829E-05  0.645730E-06   0.00000      0.125907       6.85149       0.00000    
   86.6116      0.212556E-04  0.259511E-05  0.626366E-06   0.00000      0.125597       6.78479       0.00000    
   87.2525      0.208662E-04  0.254292E-05  0.607028E-06   0.00000      0.125292       6.71300       0.00000    
   87.8980      0.204822E-04  0.249186E-05  0.587695E-06   0.00000      0.124998       6.63524       0.00000    
   88.5483      0.201037E-04  0.244222E-05  0.568304E-06   0.00000      0.124727       6.54978       0.00000    
   89.2035      0.197308E-04  0.239398E-05  0.548878E-06   0.00000      0.124481       6.45664       0.00000    
   89.8635      0.193625E-04  0.234690E-05  0.529487E-06   0.00000      0.124255       6.35685       0.00000    
   90.5283      0.189994E-04  0.230103E-05  0.510129E-06   0.00000      0.124051       6.25004       0.00000    
   91.1981      0.186406E-04  0.225629E-05  0.490782E-06   0.00000      0.123872       6.13583       0.00000    
   91.8729      0.182867E-04  0.221268E-05  0.471430E-06   0.00000      0.123715       6.01376       0.00000    
   92.5526      0.179372E-04  0.217025E-05  0.452054E-06   0.00000      0.123589       5.88310       0.00000    
   93.2374      0.175923E-04  0.212907E-05  0.432676E-06   0.00000      0.123496       5.74371       0.00000    
   93.9272      0.172519E-04  0.208901E-05  0.413293E-06   0.00000      0.123436       5.59549       0.00000    
   94.6221      0.169152E-04  0.204999E-05  0.393910E-06   0.00000      0.123409       5.43847       0.00000    
   95.3222      0.165824E-04  0.201202E-05  0.374567E-06   0.00000      0.123419       5.27286       0.00000    
   96.0275      0.162536E-04  0.197520E-05  0.355250E-06   0.00000      0.123474       5.09798       0.00000    
   96.7379      0.159285E-04  0.193953E-05  0.335938E-06   0.00000      0.123578       4.91323       0.00000    
   97.4537      0.156076E-04  0.190524E-05  0.316598E-06   0.00000      0.123746       4.71738       0.00000    
   98.1747      0.152911E-04  0.187271E-05  0.297191E-06   0.00000      0.124003       4.50869       0.00000    
   98.9010      0.149794E-04  0.184189E-05  0.277735E-06   0.00000      0.124351       4.28747       0.00000    
   99.6328      0.146719E-04  0.181210E-05  0.258258E-06   0.00000      0.124756       4.05555       0.00000    
