   1.20444      0.111635      0.981467E-04  0.490422E-04   0.00000      0.982821E-03   13.2752       0.00000    
   1.21335      0.110018      0.985529E-04  0.492201E-04   0.00000      0.100130E-02   13.2694       0.00000    
   1.22233      0.108423      0.989598E-04  0.493979E-04   0.00000      0.102012E-02   13.2635       0.00000    
   1.23137      0.106853      0.993803E-04  0.495770E-04   0.00000      0.103937E-02   13.2564       0.00000    
   1.24048      0.105304      0.998166E-04  0.497562E-04   0.00000      0.105913E-02   13.2476       0.00000    
   1.24966      0.103781      0.100256E-03  0.499335E-04   0.00000      0.107922E-02   13.2381       0.00000    
   1.25891      0.102277      0.100696E-03  0.501098E-04   0.00000      0.109970E-02   13.2283       0.00000    
   1.26822      0.100798      0.101150E-03  0.502871E-04   0.00000      0.112067E-02   13.2172       0.00000    
   1.27760      0.993397E-01  0.101623E-03  0.504663E-04   0.00000      0.114218E-02   13.2045       0.00000    
   1.28706      0.979011E-01  0.102101E-03  0.506478E-04   0.00000      0.116416E-02   13.1920       0.00000    
   1.29658      0.964864E-01  0.102575E-03  0.508328E-04   0.00000      0.118648E-02   13.1808       0.00000    
   1.30617      0.950919E-01  0.103035E-03  0.510189E-04   0.00000      0.120909E-02   13.1714       0.00000    
   1.31583      0.937173E-01  0.103472E-03  0.512032E-04   0.00000      0.123188E-02   13.1642       0.00000    
   1.32557      0.923633E-01  0.103897E-03  0.513859E-04   0.00000      0.125493E-02   13.1582       0.00000    
   1.33538      0.910286E-01  0.104318E-03  0.515681E-04   0.00000      0.127837E-02   13.1524       0.00000    
   1.34526      0.897084E-01  0.104727E-03  0.517501E-04   0.00000      0.130216E-02   13.1480       0.00000    
   1.35521      0.884110E-01  0.105124E-03  0.519331E-04   0.00000      0.132622E-02   13.1451       0.00000    
   1.36524      0.871320E-01  0.105524E-03  0.521180E-04   0.00000      0.135074E-02   13.1423       0.00000    
   1.37534      0.858743E-01  0.105931E-03  0.523047E-04   0.00000      0.137573E-02   13.1392       0.00000    
   1.38551      0.846352E-01  0.106333E-03  0.524935E-04   0.00000      0.140112E-02   13.1371       0.00000    
   1.39576      0.834130E-01  0.106726E-03  0.526836E-04   0.00000      0.142689E-02   13.1363       0.00000    
   1.40609      0.822085E-01  0.107112E-03  0.528743E-04   0.00000      0.145303E-02   13.1363       0.00000    
   1.41649      0.810239E-01  0.107495E-03  0.530657E-04   0.00000      0.147956E-02   13.1368       0.00000    
   1.42697      0.798547E-01  0.107883E-03  0.532603E-04   0.00000      0.150666E-02   13.1375       0.00000    
   1.43753      0.787026E-01  0.108281E-03  0.534578E-04   0.00000      0.153436E-02   13.1376       0.00000    
   1.44817      0.775691E-01  0.108680E-03  0.536562E-04   0.00000      0.156253E-02   13.1379       0.00000    
   1.45888      0.764522E-01  0.109066E-03  0.538555E-04   0.00000      0.159103E-02   13.1398       0.00000    
   1.46968      0.753507E-01  0.109439E-03  0.540583E-04   0.00000      0.161993E-02   13.1437       0.00000    
   1.48055      0.742675E-01  0.109803E-03  0.542631E-04   0.00000      0.164916E-02   13.1490       0.00000    
   1.49150      0.731972E-01  0.110142E-03  0.544668E-04   0.00000      0.167866E-02   13.1566       0.00000    
   1.50254      0.721393E-01  0.110453E-03  0.546714E-04   0.00000      0.170841E-02   13.1671       0.00000    
   1.51366      0.710981E-01  0.110752E-03  0.548780E-04   0.00000      0.173848E-02   13.1793       0.00000    
   1.52486      0.700749E-01  0.111050E-03  0.550858E-04   0.00000      0.176899E-02   13.1918       0.00000    
   1.53614      0.690665E-01  0.111358E-03  0.552938E-04   0.00000      0.180015E-02   13.2032       0.00000    
   1.54750      0.680728E-01  0.111685E-03  0.555021E-04   0.00000      0.183209E-02   13.2126       0.00000    
   1.55895      0.670957E-01  0.112041E-03  0.557113E-04   0.00000      0.186492E-02   13.2192       0.00000    
   1.57049      0.661308E-01  0.112437E-03  0.559223E-04   0.00000      0.189890E-02   13.2221       0.00000    
   1.58211      0.651815E-01  0.112881E-03  0.561361E-04   0.00000      0.193413E-02   13.2206       0.00000    
   1.59381      0.642463E-01  0.113377E-03  0.563530E-04   0.00000      0.197069E-02   13.2146       0.00000    
   1.60560      0.633244E-01  0.113906E-03  0.565711E-04   0.00000      0.200840E-02   13.2055       0.00000    
   1.61748      0.624164E-01  0.114439E-03  0.567874E-04   0.00000      0.204680E-02   13.1959       0.00000    
   1.62945      0.615236E-01  0.114960E-03  0.570028E-04   0.00000      0.208564E-02   13.1873       0.00000    
   1.64151      0.606418E-01  0.115482E-03  0.572176E-04   0.00000      0.212527E-02   13.1784       0.00000    
   1.65365      0.597693E-01  0.116015E-03  0.574313E-04   0.00000      0.216587E-02   13.1684       0.00000    
   1.66588      0.589101E-01  0.116545E-03  0.576444E-04   0.00000      0.220712E-02   13.1588       0.00000    
   1.67821      0.580647E-01  0.117059E-03  0.578581E-04   0.00000      0.224882E-02   13.1508       0.00000    
   1.69063      0.572332E-01  0.117568E-03  0.580734E-04   0.00000      0.229113E-02   13.1436       0.00000    
   1.70313      0.564142E-01  0.118096E-03  0.582924E-04   0.00000      0.233450E-02   13.1355       0.00000    
   1.71574      0.556075E-01  0.118639E-03  0.585125E-04   0.00000      0.237887E-02   13.1262       0.00000    
   1.72843      0.548128E-01  0.119180E-03  0.587307E-04   0.00000      0.242398E-02   13.1168       0.00000    
   1.74122      0.540294E-01  0.119728E-03  0.589487E-04   0.00000      0.247001E-02   13.1068       0.00000    
   1.75410      0.532587E-01  0.120301E-03  0.591685E-04   0.00000      0.251723E-02   13.0948       0.00000    
   1.76708      0.524982E-01  0.120893E-03  0.593901E-04   0.00000      0.256568E-02   13.0815       0.00000    
   1.78015      0.517502E-01  0.121493E-03  0.596136E-04   0.00000      0.261507E-02   13.0680       0.00000    
   1.79332      0.510125E-01  0.122093E-03  0.598386E-04   0.00000      0.266539E-02   13.0549       0.00000    
   1.80659      0.502813E-01  0.122691E-03  0.600639E-04   0.00000      0.271680E-02   13.0421       0.00000    
   1.81996      0.495613E-01  0.123286E-03  0.602892E-04   0.00000      0.276905E-02   13.0298       0.00000    
   1.83342      0.488543E-01  0.123874E-03  0.605168E-04   0.00000      0.282199E-02   13.0186       0.00000    
   1.84699      0.481575E-01  0.124454E-03  0.607469E-04   0.00000      0.287573E-02   13.0087       0.00000    
   1.86065      0.474722E-01  0.125020E-03  0.609796E-04   0.00000      0.293012E-02   13.0006       0.00000    
   1.87442      0.467962E-01  0.125569E-03  0.612149E-04   0.00000      0.298518E-02   12.9947       0.00000    
   1.88829      0.461314E-01  0.126105E-03  0.614524E-04   0.00000      0.304090E-02   12.9903       0.00000    
   1.90226      0.454753E-01  0.126632E-03  0.616929E-04   0.00000      0.309752E-02   12.9873       0.00000    
   1.91633      0.448305E-01  0.127146E-03  0.619377E-04   0.00000      0.315476E-02   12.9863       0.00000    
   1.93051      0.441949E-01  0.127652E-03  0.621875E-04   0.00000      0.321290E-02   12.9869       0.00000    
   1.94479      0.435679E-01  0.128153E-03  0.624423E-04   0.00000      0.327205E-02   12.9888       0.00000    
   1.95918      0.429458E-01  0.128642E-03  0.627027E-04   0.00000      0.333233E-02   12.9928       0.00000    
   1.97368      0.423340E-01  0.129110E-03  0.629662E-04   0.00000      0.339315E-02   12.9991       0.00000    
   1.98828      0.417324E-01  0.129558E-03  0.632312E-04   0.00000      0.345450E-02   13.0074       0.00000    
   2.00299      0.411420E-01  0.129982E-03  0.634976E-04   0.00000      0.351617E-02   13.0180       0.00000    
   2.01781      0.405590E-01  0.130371E-03  0.637671E-04   0.00000      0.357825E-02   13.0321       0.00000    
   2.03274      0.399847E-01  0.130730E-03  0.640428E-04   0.00000      0.364075E-02   13.0498       0.00000    
   2.04778      0.394197E-01  0.131080E-03  0.643250E-04   0.00000      0.370404E-02   13.0693       0.00000    
   2.06293      0.388628E-01  0.131424E-03  0.646121E-04   0.00000      0.376833E-02   13.0901       0.00000    
   2.07819      0.383158E-01  0.131749E-03  0.649038E-04   0.00000      0.383311E-02   13.1131       0.00000    
   2.09357      0.377750E-01  0.132058E-03  0.651997E-04   0.00000      0.389879E-02   13.1382       0.00000    
   2.10906      0.372385E-01  0.132357E-03  0.654995E-04   0.00000      0.396570E-02   13.1647       0.00000    
   2.12466      0.367097E-01  0.132631E-03  0.658041E-04   0.00000      0.403321E-02   13.1940       0.00000    
   2.14038      0.361912E-01  0.132881E-03  0.661140E-04   0.00000      0.410099E-02   13.2261       0.00000    
   2.15622      0.356820E-01  0.133117E-03  0.664289E-04   0.00000      0.416937E-02   13.2602       0.00000    
   2.17217      0.351799E-01  0.133330E-03  0.667475E-04   0.00000      0.423834E-02   13.2967       0.00000    
   2.18824      0.346848E-01  0.133506E-03  0.670696E-04   0.00000      0.430754E-02   13.3368       0.00000    
   2.20443      0.341977E-01  0.133700E-03  0.673987E-04   0.00000      0.437827E-02   13.3765       0.00000    
   2.22074      0.337189E-01  0.134028E-03  0.677381E-04   0.00000      0.445368E-02   13.4061       0.00000    
   2.23717      0.332476E-01  0.134525E-03  0.680863E-04   0.00000      0.453487E-02   13.4226       0.00000    
   2.25372      0.327795E-01  0.135110E-03  0.684394E-04   0.00000      0.462042E-02   13.4321       0.00000    
   2.27040      0.323167E-01  0.135721E-03  0.687962E-04   0.00000      0.470845E-02   13.4401       0.00000    
   2.28720      0.318635E-01  0.136338E-03  0.691569E-04   0.00000      0.479780E-02   13.4481       0.00000    
   2.30412      0.314183E-01  0.136955E-03  0.695194E-04   0.00000      0.488853E-02   13.4563       0.00000    
   2.32117      0.309806E-01  0.137578E-03  0.698832E-04   0.00000      0.498082E-02   13.4643       0.00000    
   2.33834      0.305491E-01  0.138201E-03  0.702484E-04   0.00000      0.507479E-02   13.4722       0.00000    
   2.35564      0.301238E-01  0.138826E-03  0.706158E-04   0.00000      0.517045E-02   13.4804       0.00000    
   2.37307      0.297063E-01  0.139453E-03  0.709863E-04   0.00000      0.526761E-02   13.4888       0.00000    
   2.39063      0.292927E-01  0.140089E-03  0.713578E-04   0.00000      0.536708E-02   13.4965       0.00000    
   2.40831      0.288817E-01  0.140745E-03  0.717297E-04   0.00000      0.546955E-02   13.5026       0.00000    
   2.42613      0.284773E-01  0.141417E-03  0.721037E-04   0.00000      0.557419E-02   13.5077       0.00000    
   2.44408      0.280818E-01  0.142084E-03  0.724806E-04   0.00000      0.567996E-02   13.5136       0.00000    
   2.46217      0.276927E-01  0.142746E-03  0.728610E-04   0.00000      0.578730E-02   13.5204       0.00000    
   2.48038      0.273103E-01  0.143409E-03  0.732435E-04   0.00000      0.589633E-02   13.5274       0.00000    
   2.49873      0.269332E-01  0.144055E-03  0.736282E-04   0.00000      0.600671E-02   13.5361       0.00000    
   2.51722      0.265625E-01  0.144668E-03  0.740150E-04   0.00000      0.611774E-02   13.5476       0.00000    
   2.53585      0.261955E-01  0.145262E-03  0.744044E-04   0.00000      0.623040E-02   13.5609       0.00000    
   2.55461      0.258299E-01  0.145852E-03  0.747972E-04   0.00000      0.634585E-02   13.5751       0.00000    
   2.57351      0.254706E-01  0.146432E-03  0.751933E-04   0.00000      0.646275E-02   13.5903       0.00000    
   2.59255      0.251197E-01  0.146998E-03  0.755946E-04   0.00000      0.658034E-02   13.6074       0.00000    
   2.61173      0.247744E-01  0.147547E-03  0.760003E-04   0.00000      0.669927E-02   13.6263       0.00000    
   2.63105      0.244348E-01  0.148081E-03  0.764100E-04   0.00000      0.681948E-02   13.6469       0.00000    
   2.65052      0.241015E-01  0.148595E-03  0.768236E-04   0.00000      0.694064E-02   13.6695       0.00000    
   2.67013      0.237723E-01  0.149088E-03  0.772404E-04   0.00000      0.706323E-02   13.6940       0.00000    
   2.68988      0.234438E-01  0.149563E-03  0.776615E-04   0.00000      0.718845E-02   13.7204       0.00000    
   2.70979      0.231189E-01  0.150019E-03  0.780869E-04   0.00000      0.731547E-02   13.7488       0.00000    
   2.72983      0.228008E-01  0.150460E-03  0.785180E-04   0.00000      0.744340E-02   13.7789       0.00000    
   2.75003      0.224903E-01  0.150891E-03  0.789544E-04   0.00000      0.757213E-02   13.8105       0.00000    
   2.77038      0.221846E-01  0.151302E-03  0.793935E-04   0.00000      0.770207E-02   13.8438       0.00000    
   2.79088      0.218837E-01  0.151669E-03  0.798344E-04   0.00000      0.783221E-02   13.8805       0.00000    
   2.81152      0.215878E-01  0.151954E-03  0.802770E-04   0.00000      0.796076E-02   13.9237       0.00000    
   2.83233      0.212916E-01  0.152152E-03  0.807224E-04   0.00000      0.808952E-02   13.9738       0.00000    
   2.85328      0.209978E-01  0.152332E-03  0.811741E-04   0.00000      0.822040E-02   14.0260       0.00000    
   2.87439      0.207115E-01  0.152555E-03  0.816341E-04   0.00000      0.835396E-02   14.0759       0.00000    
   2.89566      0.204315E-01  0.152811E-03  0.821008E-04   0.00000      0.849031E-02   14.1239       0.00000    
   2.91708      0.201563E-01  0.153059E-03  0.825709E-04   0.00000      0.862816E-02   14.1727       0.00000    
   2.93866      0.198862E-01  0.153286E-03  0.830428E-04   0.00000      0.876663E-02   14.2233       0.00000    
   2.96041      0.196186E-01  0.153540E-03  0.835201E-04   0.00000      0.890920E-02   14.2723       0.00000    
   2.98231      0.193506E-01  0.153901E-03  0.840068E-04   0.00000      0.906097E-02   14.3140       0.00000    
   3.00437      0.190879E-01  0.154381E-03  0.845018E-04   0.00000      0.922020E-02   14.3473       0.00000    
   3.02660      0.188318E-01  0.154916E-03  0.850016E-04   0.00000      0.938324E-02   14.3767       0.00000    
   3.04900      0.185809E-01  0.155456E-03  0.855039E-04   0.00000      0.954845E-02   14.4058       0.00000    
   3.07155      0.183354E-01  0.155994E-03  0.860064E-04   0.00000      0.971522E-02   14.4350       0.00000    
   3.09428      0.180915E-01  0.156525E-03  0.865063E-04   0.00000      0.988523E-02   14.4640       0.00000    
   3.11717      0.178475E-01  0.157052E-03  0.870053E-04   0.00000      0.100598E-01   14.4930       0.00000    
   3.14024      0.176071E-01  0.157581E-03  0.875055E-04   0.00000      0.102371E-01   14.5218       0.00000    
   3.16347      0.173733E-01  0.158109E-03  0.880048E-04   0.00000      0.104154E-01   14.5503       0.00000    
   3.18687      0.171440E-01  0.158633E-03  0.885013E-04   0.00000      0.105955E-01   14.5786       0.00000    
   3.21045      0.169195E-01  0.159143E-03  0.889958E-04   0.00000      0.107768E-01   14.6073       0.00000    
   3.23421      0.166964E-01  0.159643E-03  0.894897E-04   0.00000      0.109613E-01   14.6367       0.00000    
   3.25814      0.164724E-01  0.160142E-03  0.899832E-04   0.00000      0.111514E-01   14.6658       0.00000    
   3.28224      0.162533E-01  0.160642E-03  0.904753E-04   0.00000      0.113434E-01   14.6943       0.00000    
   3.30653      0.160406E-01  0.161144E-03  0.909648E-04   0.00000      0.115361E-01   14.7222       0.00000    
   3.33099      0.158319E-01  0.161646E-03  0.914518E-04   0.00000      0.117309E-01   14.7495       0.00000    
   3.35563      0.156260E-01  0.162139E-03  0.919368E-04   0.00000      0.119282E-01   14.7772       0.00000    
   3.38046      0.154196E-01  0.162620E-03  0.924206E-04   0.00000      0.121305E-01   14.8053       0.00000    
   3.40547      0.152154E-01  0.163102E-03  0.929041E-04   0.00000      0.123366E-01   14.8331       0.00000    
   3.43067      0.150165E-01  0.163581E-03  0.933859E-04   0.00000      0.125436E-01   14.8607       0.00000    
   3.45605      0.148236E-01  0.164056E-03  0.938650E-04   0.00000      0.127507E-01   14.8880       0.00000    
   3.48162      0.146334E-01  0.164528E-03  0.943414E-04   0.00000      0.129606E-01   14.9151       0.00000    
   3.50738      0.144422E-01  0.164992E-03  0.948133E-04   0.00000      0.131763E-01   14.9420       0.00000    
   3.53333      0.142516E-01  0.165445E-03  0.952809E-04   0.00000      0.133964E-01   14.9689       0.00000    
   3.55947      0.140671E-01  0.165895E-03  0.957462E-04   0.00000      0.136163E-01   14.9957       0.00000    
   3.58581      0.138887E-01  0.166346E-03  0.962105E-04   0.00000      0.138361E-01   15.0220       0.00000    
   3.61234      0.137124E-01  0.166798E-03  0.966732E-04   0.00000      0.140595E-01   15.0479       0.00000    
   3.63906      0.135344E-01  0.167237E-03  0.971319E-04   0.00000      0.142893E-01   15.0741       0.00000    
   3.66599      0.133575E-01  0.167654E-03  0.975854E-04   0.00000      0.145227E-01   15.1011       0.00000    
   3.69311      0.131868E-01  0.168070E-03  0.980345E-04   0.00000      0.147550E-01   15.1274       0.00000    
   3.72043      0.130217E-01  0.168502E-03  0.984800E-04   0.00000      0.149880E-01   15.1520       0.00000    
   3.74796      0.128578E-01  0.168935E-03  0.989207E-04   0.00000      0.152255E-01   15.1756       0.00000    
   3.77569      0.126914E-01  0.169350E-03  0.993550E-04   0.00000      0.154707E-01   15.1997       0.00000    
   3.80363      0.125277E-01  0.169743E-03  0.997835E-04   0.00000      0.157172E-01   15.2246       0.00000    
   3.83177      0.123711E-01  0.170127E-03  0.100206E-03   0.00000      0.159603E-01   15.2492       0.00000    
   3.86012      0.122182E-01  0.170517E-03  0.100625E-03   0.00000      0.162047E-01   15.2728       0.00000    
   3.88868      0.120635E-01  0.170914E-03  0.101040E-03   0.00000      0.164584E-01   15.2952       0.00000    
   3.91745      0.119085E-01  0.171303E-03  0.101448E-03   0.00000      0.167182E-01   15.3172       0.00000    
   3.94643      0.117594E-01  0.171672E-03  0.101847E-03   0.00000      0.169745E-01   15.3395       0.00000    
   3.97563      0.116155E-01  0.172034E-03  0.102238E-03   0.00000      0.172287E-01   15.3613       0.00000    
   4.00504      0.114709E-01  0.172401E-03  0.102622E-03   0.00000      0.174906E-01   15.3817       0.00000    
   4.03468      0.113251E-01  0.172768E-03  0.103000E-03   0.00000      0.177606E-01   15.4012       0.00000    
   4.06453      0.111843E-01  0.173119E-03  0.103370E-03   0.00000      0.180281E-01   15.4208       0.00000    
   4.09460      0.110485E-01  0.173464E-03  0.103731E-03   0.00000      0.182933E-01   15.4397       0.00000    
   4.12489      0.109122E-01  0.173817E-03  0.104085E-03   0.00000      0.185661E-01   15.4570       0.00000    
   4.15541      0.107750E-01  0.174168E-03  0.104433E-03   0.00000      0.188471E-01   15.4736       0.00000    
   4.18616      0.106431E-01  0.174500E-03  0.104771E-03   0.00000      0.191238E-01   15.4905       0.00000    
   4.21713      0.105151E-01  0.174815E-03  0.105100E-03   0.00000      0.193984E-01   15.5073       0.00000    
   4.24833      0.103852E-01  0.175126E-03  0.105419E-03   0.00000      0.196825E-01   15.5232       0.00000    
   4.27976      0.102563E-01  0.175443E-03  0.105733E-03   0.00000      0.199721E-01   15.5379       0.00000    
   4.31143      0.101337E-01  0.175764E-03  0.106039E-03   0.00000      0.202565E-01   15.5513       0.00000    
   4.34332      0.100126E-01  0.176072E-03  0.106331E-03   0.00000      0.205430E-01   15.5640       0.00000    
   4.37546      0.988845E-02  0.176366E-03  0.106610E-03   0.00000      0.208409E-01   15.5760       0.00000    
   4.40783      0.976846E-02  0.176657E-03  0.106879E-03   0.00000      0.211366E-01   15.5871       0.00000    
   4.44044      0.965415E-02  0.176948E-03  0.107139E-03   0.00000      0.214266E-01   15.5971       0.00000    
   4.47330      0.953765E-02  0.177226E-03  0.107384E-03   0.00000      0.217266E-01   15.6062       0.00000    
   4.50639      0.942106E-02  0.177491E-03  0.107617E-03   0.00000      0.220323E-01   15.6148       0.00000    
   4.53974      0.931032E-02  0.177763E-03  0.107842E-03   0.00000      0.223319E-01   15.6218       0.00000    
   4.57332      0.920099E-02  0.178051E-03  0.108056E-03   0.00000      0.226361E-01   15.6264       0.00000    
   4.60716      0.908939E-02  0.178332E-03  0.108256E-03   0.00000      0.229519E-01   15.6299       0.00000    
   4.64125      0.898256E-02  0.178592E-03  0.108445E-03   0.00000      0.232605E-01   15.6335       0.00000    
   4.67559      0.887823E-02  0.178843E-03  0.108623E-03   0.00000      0.235684E-01   15.6365       0.00000    
   4.71018      0.877185E-02  0.179094E-03  0.108788E-03   0.00000      0.238884E-01   15.6380       0.00000    
   4.74503      0.866965E-02  0.179344E-03  0.108936E-03   0.00000      0.242036E-01   15.6375       0.00000    
   4.78013      0.856948E-02  0.179592E-03  0.109072E-03   0.00000      0.245195E-01   15.6357       0.00000    
   4.81550      0.846783E-02  0.179833E-03  0.109194E-03   0.00000      0.248456E-01   15.6330       0.00000    
   4.85113      0.837039E-02  0.180063E-03  0.109300E-03   0.00000      0.251650E-01   15.6291       0.00000    
   4.88702      0.827407E-02  0.180286E-03  0.109393E-03   0.00000      0.254867E-01   15.6242       0.00000    
   4.92318      0.817698E-02  0.180507E-03  0.109473E-03   0.00000      0.258175E-01   15.6179       0.00000    
   4.95960      0.808414E-02  0.180733E-03  0.109538E-03   0.00000      0.261421E-01   15.6095       0.00000    
   4.99630      0.799129E-02  0.180964E-03  0.109587E-03   0.00000      0.264737E-01   15.5990       0.00000    
   5.03326      0.789918E-02  0.181191E-03  0.109622E-03   0.00000      0.268093E-01   15.5871       0.00000    
   5.07050      0.781021E-02  0.181411E-03  0.109639E-03   0.00000      0.271400E-01   15.5737       0.00000    
   5.10802      0.772081E-02  0.181629E-03  0.109642E-03   0.00000      0.274785E-01   15.5588       0.00000    
   5.14581      0.763336E-02  0.181843E-03  0.109633E-03   0.00000      0.278168E-01   15.5428       0.00000    
   5.18388      0.754762E-02  0.182050E-03  0.109610E-03   0.00000      0.281547E-01   15.5258       0.00000    
   5.22224      0.746251E-02  0.182257E-03  0.109572E-03   0.00000      0.284969E-01   15.5071       0.00000    
   5.26087      0.737901E-02  0.182471E-03  0.109521E-03   0.00000      0.288406E-01   15.4863       0.00000    
   5.29980      0.729625E-02  0.182680E-03  0.109451E-03   0.00000      0.291874E-01   15.4638       0.00000    
   5.33901      0.721538E-02  0.182883E-03  0.109364E-03   0.00000      0.295325E-01   15.4397       0.00000    
   5.37851      0.713509E-02  0.183096E-03  0.109261E-03   0.00000      0.298830E-01   15.4131       0.00000    
   5.41830      0.705624E-02  0.183313E-03  0.109141E-03   0.00000      0.302348E-01   15.3843       0.00000    
   5.45839      0.697871E-02  0.183526E-03  0.109004E-03   0.00000      0.305867E-01   15.3539       0.00000    
   5.49878      0.690179E-02  0.183740E-03  0.108852E-03   0.00000      0.309431E-01   15.3217       0.00000    
   5.53946      0.682643E-02  0.183959E-03  0.108684E-03   0.00000      0.312998E-01   15.2873       0.00000    
   5.58044      0.675191E-02  0.184173E-03  0.108498E-03   0.00000      0.316586E-01   15.2514       0.00000    
   5.62173      0.667851E-02  0.184379E-03  0.108296E-03   0.00000      0.320178E-01   15.2140       0.00000    
   5.66332      0.660627E-02  0.184591E-03  0.108076E-03   0.00000      0.323787E-01   15.1743       0.00000    
   5.70522      0.653491E-02  0.184818E-03  0.107841E-03   0.00000      0.327441E-01   15.1317       0.00000    
   5.74744      0.646463E-02  0.185048E-03  0.107588E-03   0.00000      0.331112E-01   15.0870       0.00000    
   5.78996      0.639544E-02  0.185272E-03  0.107317E-03   0.00000      0.334783E-01   15.0406       0.00000    
   5.83280      0.632722E-02  0.185498E-03  0.107028E-03   0.00000      0.338474E-01   14.9919       0.00000    
   5.87595      0.625967E-02  0.185731E-03  0.106720E-03   0.00000      0.342203E-01   14.9407       0.00000    
   5.91943      0.619354E-02  0.185962E-03  0.106394E-03   0.00000      0.345919E-01   14.8876       0.00000    
   5.96322      0.612791E-02  0.186199E-03  0.106052E-03   0.00000      0.349683E-01   14.8322       0.00000    
   6.00734      0.606333E-02  0.186451E-03  0.105694E-03   0.00000      0.353478E-01   14.7739       0.00000    
   6.05179      0.599995E-02  0.186712E-03  0.105320E-03   0.00000      0.357284E-01   14.7131       0.00000    
   6.09656      0.593667E-02  0.186978E-03  0.104930E-03   0.00000      0.361159E-01   14.6503       0.00000    
   6.14167      0.587459E-02  0.187252E-03  0.104525E-03   0.00000      0.365047E-01   14.5852       0.00000    
   6.18711      0.581337E-02  0.187537E-03  0.104106E-03   0.00000      0.368969E-01   14.5178       0.00000    
   6.23289      0.575106E-02  0.187831E-03  0.103672E-03   0.00000      0.373048E-01   14.4480       0.00000    
   6.27900      0.568914E-02  0.188139E-03  0.103224E-03   0.00000      0.377202E-01   14.3758       0.00000    
   6.32546      0.562923E-02  0.188461E-03  0.102764E-03   0.00000      0.381327E-01   14.3014       0.00000    
   6.37226      0.557112E-02  0.188785E-03  0.102292E-03   0.00000      0.385411E-01   14.2254       0.00000    
   6.41940      0.551452E-02  0.189112E-03  0.101808E-03   0.00000      0.389472E-01   14.1479       0.00000    
   6.46690      0.545933E-02  0.189463E-03  0.101314E-03   0.00000      0.393548E-01   14.0677       0.00000    
   6.51474      0.540621E-02  0.189834E-03  0.100809E-03   0.00000      0.397580E-01   13.9850       0.00000    
   6.56294      0.535480E-02  0.190210E-03  0.100293E-03   0.00000      0.401567E-01   13.9009       0.00000    
   6.61150      0.530380E-02  0.190600E-03  0.997706E-04   0.00000      0.405622E-01   13.8150       0.00000    
   6.66042      0.525182E-02  0.191022E-03  0.992418E-04   0.00000      0.409884E-01   13.7266       0.00000    
   6.70970      0.519978E-02  0.191467E-03  0.987079E-04   0.00000      0.414275E-01   13.6363       0.00000    
   6.75934      0.514828E-02  0.191919E-03  0.981731E-04   0.00000      0.418725E-01   13.5456       0.00000    
   6.80935      0.509724E-02  0.192391E-03  0.976456E-04   0.00000      0.423272E-01   13.4548       0.00000    
   6.85973      0.504691E-02  0.192897E-03  0.971284E-04   0.00000      0.427926E-01   13.3632       0.00000    
   6.91048      0.499708E-02  0.193414E-03  0.966182E-04   0.00000      0.432660E-01   13.2720       0.00000    
   6.96161      0.494773E-02  0.193910E-03  0.961134E-04   0.00000      0.437419E-01   13.1829       0.00000    
   7.01312      0.489876E-02  0.194377E-03  0.956129E-04   0.00000      0.442193E-01   13.0962       0.00000    
   7.06500      0.485053E-02  0.194799E-03  0.951143E-04   0.00000      0.446918E-01   13.0124       0.00000    
   7.11728      0.480301E-02  0.195137E-03  0.946127E-04   0.00000      0.451517E-01   12.9333       0.00000    
   7.16993      0.475605E-02  0.195347E-03  0.941017E-04   0.00000      0.455905E-01   12.8604       0.00000    
   7.22298      0.470960E-02  0.195390E-03  0.935788E-04   0.00000      0.460003E-01   12.7957       0.00000    
   7.27642      0.466379E-02  0.195236E-03  0.930502E-04   0.00000      0.463736E-01   12.7413       0.00000    
   7.33026      0.461843E-02  0.194883E-03  0.925249E-04   0.00000      0.467112E-01   12.6985       0.00000    
   7.38449      0.457313E-02  0.194357E-03  0.920082E-04   0.00000      0.470214E-01   12.6664       0.00000    
   7.43913      0.452721E-02  0.193674E-03  0.915030E-04   0.00000      0.473143E-01   12.6444       0.00000    
   7.49417      0.447976E-02  0.192837E-03  0.910126E-04   0.00000      0.475998E-01   12.6329       0.00000    
   7.54961      0.442778E-02  0.191844E-03  0.905403E-04   0.00000      0.479103E-01   12.6324       0.00000    
   7.60547      0.436850E-02  0.190693E-03  0.900879E-04   0.00000      0.482780E-01   12.6436       0.00000    
   7.66174      0.430107E-02  0.189382E-03  0.896560E-04   0.00000      0.487162E-01   12.6668       0.00000    
   7.71843      0.418033E-02  0.187902E-03  0.892449E-04   0.00000      0.497613E-01   12.7028       0.00000    
   7.77553      0.398220E-02  0.186250E-03  0.888554E-04   0.00000      0.518205E-01   12.7523       0.00000    
   7.83306      0.380882E-02  0.184422E-03  0.884889E-04   0.00000      0.537051E-01   12.8162       0.00000    
   7.89102      0.372513E-02  0.182403E-03  0.881459E-04   0.00000      0.543833E-01   12.8960       0.00000    
   7.94940      0.367858E-02  0.180183E-03  0.878265E-04   0.00000      0.544907E-01   12.9930       0.00000    
   8.00821      0.363306E-02  0.177771E-03  0.875319E-04   0.00000      0.545415E-01   13.1075       0.00000    
   8.06746      0.358788E-02  0.175164E-03  0.872631E-04   0.00000      0.545439E-01   13.2408       0.00000    
   8.12715      0.354313E-02  0.172341E-03  0.870201E-04   0.00000      0.544899E-01   13.3953       0.00000    
   8.18728      0.349877E-02  0.169301E-03  0.868033E-04   0.00000      0.543781E-01   13.5725       0.00000    
   8.24786      0.345483E-02  0.166064E-03  0.866144E-04   0.00000      0.542124E-01   13.7727       0.00000    
   8.30888      0.341147E-02  0.162706E-03  0.864556E-04   0.00000      0.540089E-01   13.9922       0.00000    
   8.37035      0.336918E-02  0.159458E-03  0.863423E-04   0.00000      0.538212E-01   14.2172       0.00000    
   8.43228      0.332840E-02  0.156581E-03  0.862999E-04   0.00000      0.537160E-01   14.4307       0.00000    
   8.49467      0.328906E-02  0.154084E-03  0.863316E-04   0.00000      0.536996E-01   14.6307       0.00000    
   8.55752      0.325079E-02  0.151957E-03  0.864219E-04   0.00000      0.537755E-01   14.8140       0.00000    
   8.62083      0.320827E-02  0.150434E-03  0.865646E-04   0.00000      0.540985E-01   14.9587       0.00000    
   8.68462      0.315843E-02  0.149629E-03  0.867530E-04   0.00000      0.547610E-01   15.0523       0.00000    
   8.74887      0.311233E-02  0.149357E-03  0.869705E-04   0.00000      0.555320E-01   15.1061       0.00000    
   8.81360      0.307681E-02  0.149346E-03  0.871986E-04   0.00000      0.562071E-01   15.1397       0.00000    
   8.87881      0.304574E-02  0.149391E-03  0.874259E-04   0.00000      0.568312E-01   15.1684       0.00000    
   8.94450      0.301513E-02  0.149434E-03  0.876500E-04   0.00000      0.574580E-01   15.1968       0.00000    
   9.01068      0.298494E-02  0.149473E-03  0.878717E-04   0.00000      0.580877E-01   15.2252       0.00000    
   9.07734      0.295513E-02  0.149499E-03  0.880913E-04   0.00000      0.587191E-01   15.2542       0.00000    
   9.14450      0.292571E-02  0.149518E-03  0.883089E-04   0.00000      0.593529E-01   15.2835       0.00000    
   9.21216      0.289668E-02  0.149535E-03  0.885233E-04   0.00000      0.599905E-01   15.3126       0.00000    
   9.28032      0.286801E-02  0.149545E-03  0.887337E-04   0.00000      0.606304E-01   15.3416       0.00000    
   9.34898      0.283972E-02  0.149545E-03  0.889411E-04   0.00000      0.612717E-01   15.3709       0.00000    
   9.41815      0.281180E-02  0.149539E-03  0.891466E-04   0.00000      0.619158E-01   15.4005       0.00000    
   9.48783      0.278423E-02  0.149532E-03  0.893503E-04   0.00000      0.625644E-01   15.4298       0.00000    
   9.55803      0.275702E-02  0.149520E-03  0.895516E-04   0.00000      0.632155E-01   15.4593       0.00000    
   9.62875      0.273014E-02  0.149494E-03  0.897502E-04   0.00000      0.638671E-01   15.4894       0.00000    
   9.69999      0.270359E-02  0.149461E-03  0.899449E-04   0.00000      0.645212E-01   15.5196       0.00000    
   9.77175      0.267736E-02  0.149422E-03  0.901347E-04   0.00000      0.651771E-01   15.5497       0.00000    
   9.84405      0.265148E-02  0.149370E-03  0.903197E-04   0.00000      0.658326E-01   15.5800       0.00000    
   9.91688      0.262591E-02  0.149312E-03  0.905008E-04   0.00000      0.664907E-01   15.6104       0.00000    
   9.99025      0.260064E-02  0.149250E-03  0.906784E-04   0.00000      0.671517E-01   15.6406       0.00000    
   10.0642      0.257571E-02  0.149181E-03  0.908517E-04   0.00000      0.678136E-01   15.6708       0.00000    
   10.1386      0.255108E-02  0.149104E-03  0.910202E-04   0.00000      0.684770E-01   15.7010       0.00000    
   10.2136      0.252673E-02  0.149021E-03  0.911841E-04   0.00000      0.691427E-01   15.7310       0.00000    
   10.2892      0.250267E-02  0.148928E-03  0.913429E-04   0.00000      0.698090E-01   15.7611       0.00000    
   10.3653      0.247890E-02  0.148821E-03  0.914959E-04   0.00000      0.704739E-01   15.7917       0.00000    
   10.4420      0.245541E-02  0.148705E-03  0.916427E-04   0.00000      0.711391E-01   15.8222       0.00000    
   10.5193      0.243220E-02  0.148588E-03  0.917833E-04   0.00000      0.718072E-01   15.8519       0.00000    
   10.5971      0.240930E-02  0.148464E-03  0.919177E-04   0.00000      0.724756E-01   15.8813       0.00000    
   10.6755      0.238663E-02  0.148325E-03  0.920462E-04   0.00000      0.731427E-01   15.9113       0.00000    
   10.7545      0.236423E-02  0.148179E-03  0.921702E-04   0.00000      0.738110E-01   15.9412       0.00000    
   10.8341      0.234211E-02  0.148031E-03  0.922900E-04   0.00000      0.744815E-01   15.9707       0.00000    
   10.9142      0.232024E-02  0.147873E-03  0.924045E-04   0.00000      0.751517E-01   16.0005       0.00000    
   10.9950      0.229860E-02  0.147699E-03  0.925123E-04   0.00000      0.758201E-01   16.0306       0.00000    
   11.0763      0.227720E-02  0.147519E-03  0.926136E-04   0.00000      0.764895E-01   16.0604       0.00000    
   11.1583      0.225605E-02  0.147338E-03  0.927087E-04   0.00000      0.771606E-01   16.0896       0.00000    
   11.2408      0.223515E-02  0.147145E-03  0.927976E-04   0.00000      0.778304E-01   16.1189       0.00000    
   11.3240      0.221446E-02  0.146938E-03  0.928800E-04   0.00000      0.784985E-01   16.1486       0.00000    
   11.4078      0.219402E-02  0.146726E-03  0.929557E-04   0.00000      0.791666E-01   16.1778       0.00000    
   11.4922      0.217380E-02  0.146509E-03  0.930239E-04   0.00000      0.798354E-01   16.2065       0.00000    
   11.5772      0.215382E-02  0.146278E-03  0.930845E-04   0.00000      0.805007E-01   16.2354       0.00000    
   11.6629      0.213401E-02  0.146037E-03  0.931378E-04   0.00000      0.811661E-01   16.2642       0.00000    
   11.7492      0.211444E-02  0.145791E-03  0.931841E-04   0.00000      0.818311E-01   16.2926       0.00000    
   11.8361      0.209508E-02  0.145534E-03  0.932231E-04   0.00000      0.824941E-01   16.3210       0.00000    
   11.9237      0.207592E-02  0.145264E-03  0.932543E-04   0.00000      0.831542E-01   16.3495       0.00000    
   12.0119      0.205693E-02  0.144988E-03  0.932777E-04   0.00000      0.838149E-01   16.3776       0.00000    
   12.1007      0.203815E-02  0.144704E-03  0.932941E-04   0.00000      0.844744E-01   16.4054       0.00000    
   12.1903      0.201956E-02  0.144409E-03  0.933034E-04   0.00000      0.851318E-01   16.4333       0.00000    
   12.2805      0.200120E-02  0.144109E-03  0.933049E-04   0.00000      0.857871E-01   16.4607       0.00000    
   12.3713      0.198301E-02  0.143804E-03  0.932981E-04   0.00000      0.864435E-01   16.4874       0.00000    
   12.4629      0.196501E-02  0.143486E-03  0.932828E-04   0.00000      0.870953E-01   16.5143       0.00000    
   12.5551      0.194717E-02  0.143155E-03  0.932592E-04   0.00000      0.877440E-01   16.5413       0.00000    
   12.6480      0.192952E-02  0.142821E-03  0.932281E-04   0.00000      0.883927E-01   16.5675       0.00000    
   12.7415      0.191207E-02  0.142486E-03  0.931890E-04   0.00000      0.890414E-01   16.5928       0.00000    
   12.8358      0.189477E-02  0.142139E-03  0.931410E-04   0.00000      0.896874E-01   16.6181       0.00000    
   12.9308      0.187764E-02  0.141778E-03  0.930839E-04   0.00000      0.903285E-01   16.6434       0.00000    
   13.0264      0.186068E-02  0.141412E-03  0.930175E-04   0.00000      0.909678E-01   16.6680       0.00000    
   13.1228      0.184387E-02  0.141039E-03  0.929417E-04   0.00000      0.916059E-01   16.6920       0.00000    
   13.2199      0.182723E-02  0.140657E-03  0.928568E-04   0.00000      0.922396E-01   16.7157       0.00000    
   13.3177      0.181075E-02  0.140266E-03  0.927637E-04   0.00000      0.928710E-01   16.7391       0.00000    
   13.4163      0.179439E-02  0.139871E-03  0.926623E-04   0.00000      0.935024E-01   16.7619       0.00000    
   13.5155      0.177821E-02  0.139469E-03  0.925518E-04   0.00000      0.941306E-01   16.7841       0.00000    
   13.6155      0.176219E-02  0.139061E-03  0.924315E-04   0.00000      0.947558E-01   16.8057       0.00000    
   13.7162      0.174630E-02  0.138648E-03  0.923022E-04   0.00000      0.953801E-01   16.8264       0.00000    
   13.8177      0.173055E-02  0.138230E-03  0.921637E-04   0.00000      0.960024E-01   16.8465       0.00000    
   13.9200      0.171496E-02  0.137798E-03  0.920146E-04   0.00000      0.966176E-01   16.8665       0.00000    
   14.0229      0.169948E-02  0.137353E-03  0.918544E-04   0.00000      0.972279E-01   16.8862       0.00000    
   14.1267      0.168414E-02  0.136905E-03  0.916840E-04   0.00000      0.978355E-01   16.9049       0.00000    
   14.2312      0.166895E-02  0.136452E-03  0.915037E-04   0.00000      0.984408E-01   16.9227       0.00000    
   14.3365      0.165388E-02  0.135989E-03  0.913142E-04   0.00000      0.990413E-01   16.9404       0.00000    
   14.4426      0.163892E-02  0.135516E-03  0.911161E-04   0.00000      0.996388E-01   16.9577       0.00000    
   14.5494      0.162411E-02  0.135043E-03  0.909089E-04   0.00000      0.100235       16.9739       0.00000    
   14.6571      0.160939E-02  0.134565E-03  0.906920E-04   0.00000      0.100829       16.9893       0.00000    
   14.7655      0.159482E-02  0.134075E-03  0.904647E-04   0.00000      0.101416       17.0044       0.00000    
   14.8748      0.158033E-02  0.133578E-03  0.902272E-04   0.00000      0.102001       17.0188       0.00000    
   14.9848      0.156600E-02  0.133082E-03  0.899806E-04   0.00000      0.102584       17.0319       0.00000    
   15.0957      0.155176E-02  0.132579E-03  0.897254E-04   0.00000      0.103165       17.0445       0.00000    
   15.2074      0.153764E-02  0.132064E-03  0.894614E-04   0.00000      0.103738       17.0571       0.00000    
   15.3199      0.152361E-02  0.131546E-03  0.891882E-04   0.00000      0.104312       17.0686       0.00000    
   15.4332      0.150972E-02  0.131026E-03  0.889050E-04   0.00000      0.104881       17.0790       0.00000    
   15.5474      0.149591E-02  0.130496E-03  0.886112E-04   0.00000      0.105446       17.0889       0.00000    
   15.6625      0.148221E-02  0.129965E-03  0.883069E-04   0.00000      0.106009       17.0974       0.00000    
   15.7783      0.146864E-02  0.129433E-03  0.879923E-04   0.00000      0.106568       17.1045       0.00000    
   15.8951      0.145515E-02  0.128887E-03  0.876678E-04   0.00000      0.107121       17.1116       0.00000    
   16.0127      0.144174E-02  0.128333E-03  0.873342E-04   0.00000      0.107669       17.1182       0.00000    
   16.1311      0.142844E-02  0.127782E-03  0.869910E-04   0.00000      0.108218       17.1231       0.00000    
   16.2505      0.141524E-02  0.127227E-03  0.866377E-04   0.00000      0.108762       17.1268       0.00000    
   16.3707      0.140212E-02  0.126660E-03  0.862747E-04   0.00000      0.109300       17.1304       0.00000    
   16.4918      0.138909E-02  0.126087E-03  0.859022E-04   0.00000      0.109834       17.1331       0.00000    
   16.6139      0.137614E-02  0.125514E-03  0.855201E-04   0.00000      0.110366       17.1345       0.00000    
   16.7368      0.136328E-02  0.124933E-03  0.851279E-04   0.00000      0.110894       17.1350       0.00000    
   16.8606      0.135050E-02  0.124343E-03  0.847262E-04   0.00000      0.111414       17.1351       0.00000    
   16.9854      0.133779E-02  0.123748E-03  0.843158E-04   0.00000      0.111932       17.1343       0.00000    
   17.1110      0.132518E-02  0.123152E-03  0.838970E-04   0.00000      0.112448       17.1323       0.00000    
   17.2376      0.131264E-02  0.122548E-03  0.834694E-04   0.00000      0.112958       17.1297       0.00000    
   17.3652      0.130018E-02  0.121937E-03  0.830331E-04   0.00000      0.113464       17.1265       0.00000    
   17.4936      0.128779E-02  0.121326E-03  0.825884E-04   0.00000      0.113968       17.1219       0.00000    
   17.6231      0.127549E-02  0.120712E-03  0.821355E-04   0.00000      0.114470       17.1162       0.00000    
   17.7535      0.126324E-02  0.120088E-03  0.816743E-04   0.00000      0.114966       17.1103       0.00000    
   17.8848      0.125107E-02  0.119455E-03  0.812045E-04   0.00000      0.115456       17.1037       0.00000    
   18.0171      0.123896E-02  0.118823E-03  0.807263E-04   0.00000      0.115945       17.0957       0.00000    
   18.1504      0.122693E-02  0.118188E-03  0.802398E-04   0.00000      0.116430       17.0867       0.00000    
   18.2847      0.121497E-02  0.117541E-03  0.797454E-04   0.00000      0.116908       17.0774       0.00000    
   18.4200      0.120306E-02  0.116887E-03  0.792438E-04   0.00000      0.117382       17.0676       0.00000    
   18.5563      0.119122E-02  0.116234E-03  0.787355E-04   0.00000      0.117855       17.0566       0.00000    
   18.6936      0.117944E-02  0.115573E-03  0.782197E-04   0.00000      0.118323       17.0450       0.00000    
   18.8319      0.116773E-02  0.114901E-03  0.776958E-04   0.00000      0.118782       17.0332       0.00000    
   18.9712      0.115607E-02  0.114227E-03  0.771648E-04   0.00000      0.119238       17.0203       0.00000    
   19.1116      0.114449E-02  0.113548E-03  0.766270E-04   0.00000      0.119691       17.0066       0.00000    
   19.2530      0.113295E-02  0.112860E-03  0.760830E-04   0.00000      0.120138       16.9926       0.00000    
   19.3954      0.112148E-02  0.112168E-03  0.755336E-04   0.00000      0.120582       16.9781       0.00000    
   19.5389      0.111006E-02  0.111475E-03  0.749792E-04   0.00000      0.121024       16.9626       0.00000    
   19.6835      0.109870E-02  0.110774E-03  0.744190E-04   0.00000      0.121462       16.9468       0.00000    
   19.8291      0.108740E-02  0.110065E-03  0.738522E-04   0.00000      0.121892       16.9306       0.00000    
   19.9758      0.107615E-02  0.109352E-03  0.732794E-04   0.00000      0.122320       16.9135       0.00000    
   20.1236      0.106496E-02  0.108632E-03  0.727010E-04   0.00000      0.122742       16.8960       0.00000    
   20.2725      0.105381E-02  0.107901E-03  0.721173E-04   0.00000      0.123155       16.8787       0.00000    
   20.4225      0.104273E-02  0.107166E-03  0.715288E-04   0.00000      0.123566       16.8607       0.00000    
   20.5736      0.103171E-02  0.106434E-03  0.709360E-04   0.00000      0.123975       16.8413       0.00000    
   20.7258      0.102075E-02  0.105696E-03  0.703385E-04   0.00000      0.124381       16.8215       0.00000    
   20.8792      0.100983E-02  0.104947E-03  0.697363E-04   0.00000      0.124777       16.8018       0.00000    
   21.0336      0.998971E-03  0.104194E-03  0.691296E-04   0.00000      0.125170       16.7815       0.00000    
   21.1893      0.988173E-03  0.103438E-03  0.685187E-04   0.00000      0.125558       16.7606       0.00000    
   21.3460      0.977428E-03  0.102671E-03  0.679044E-04   0.00000      0.125937       16.7399       0.00000    
   21.5040      0.966720E-03  0.101895E-03  0.672874E-04   0.00000      0.126311       16.7196       0.00000    
   21.6631      0.956072E-03  0.101118E-03  0.666680E-04   0.00000      0.126682       16.6986       0.00000    
   21.8233      0.945487E-03  0.100339E-03  0.660455E-04   0.00000      0.127050       16.6769       0.00000    
   21.9848      0.934948E-03  0.995506E-04  0.654205E-04   0.00000      0.127411       16.6556       0.00000    
   22.1475      0.924456E-03  0.987537E-04  0.647938E-04   0.00000      0.127764       16.6347       0.00000    
   22.3113      0.914029E-03  0.979554E-04  0.641657E-04   0.00000      0.128115       16.6134       0.00000    
   22.4764      0.903666E-03  0.971552E-04  0.635359E-04   0.00000      0.128461       16.5916       0.00000    
   22.6427      0.893350E-03  0.963485E-04  0.629051E-04   0.00000      0.128802       16.5701       0.00000    
   22.8102      0.883097E-03  0.955396E-04  0.622733E-04   0.00000      0.129140       16.5483       0.00000    
   22.9790      0.872912E-03  0.947325E-04  0.616400E-04   0.00000      0.129476       16.5255       0.00000    
   23.1490      0.862785E-03  0.939193E-04  0.610045E-04   0.00000      0.129804       16.5027       0.00000    
   23.3203      0.852698E-03  0.930953E-04  0.603669E-04   0.00000      0.130122       16.4805       0.00000    
   23.4928      0.842661E-03  0.922671E-04  0.597285E-04   0.00000      0.130435       16.4584       0.00000    
   23.6666      0.832695E-03  0.914371E-04  0.590903E-04   0.00000      0.130743       16.4361       0.00000    
   23.8417      0.822783E-03  0.906009E-04  0.584521E-04   0.00000      0.131043       16.4142       0.00000    
   24.0181      0.812932E-03  0.897612E-04  0.578139E-04   0.00000      0.131338       16.3925       0.00000    
   24.1958      0.803151E-03  0.889222E-04  0.571761E-04   0.00000      0.131629       16.3703       0.00000    
   24.3748      0.793431E-03  0.880788E-04  0.565389E-04   0.00000      0.131913       16.3485       0.00000    
   24.5552      0.783774E-03  0.872310E-04  0.559027E-04   0.00000      0.132190       16.3271       0.00000    
   24.7368      0.774184E-03  0.863856E-04  0.552680E-04   0.00000      0.132465       16.3052       0.00000    
   24.9199      0.764666E-03  0.855401E-04  0.546343E-04   0.00000      0.132736       16.2832       0.00000    
   25.1042      0.755200E-03  0.846896E-04  0.540018E-04   0.00000      0.133000       16.2617       0.00000    
   25.2900      0.745795E-03  0.838373E-04  0.533708E-04   0.00000      0.133259       16.2404       0.00000    
   25.4771      0.736465E-03  0.829875E-04  0.527417E-04   0.00000      0.133515       16.2188       0.00000    
   25.6656      0.727194E-03  0.821376E-04  0.521145E-04   0.00000      0.133768       16.1971       0.00000    
   25.8555      0.717985E-03  0.812856E-04  0.514891E-04   0.00000      0.134015       16.1758       0.00000    
   26.0468      0.708852E-03  0.804334E-04  0.508659E-04   0.00000      0.134256       16.1546       0.00000    
   26.2395      0.699788E-03  0.795814E-04  0.502452E-04   0.00000      0.134492       16.1335       0.00000    
   26.4336      0.690796E-03  0.787269E-04  0.496268E-04   0.00000      0.134719       16.1130       0.00000    
   26.6292      0.681862E-03  0.778698E-04  0.490111E-04   0.00000      0.134939       16.0931       0.00000    
   26.8262      0.673013E-03  0.770164E-04  0.483986E-04   0.00000      0.135155       16.0730       0.00000    
   27.0247      0.664234E-03  0.761663E-04  0.477897E-04   0.00000      0.135370       16.0529       0.00000    
   27.2246      0.655516E-03  0.753139E-04  0.471840E-04   0.00000      0.135578       16.0335       0.00000    
   27.4261      0.646867E-03  0.744621E-04  0.465813E-04   0.00000      0.135780       16.0144       0.00000    
   27.6290      0.638295E-03  0.736153E-04  0.459816E-04   0.00000      0.135981       15.9949       0.00000    
   27.8334      0.629793E-03  0.727702E-04  0.453847E-04   0.00000      0.136176       15.9753       0.00000    
   28.0393      0.621352E-03  0.719241E-04  0.447908E-04   0.00000      0.136365       15.9563       0.00000    
   28.2468      0.612991E-03  0.710810E-04  0.442008E-04   0.00000      0.136549       15.9374       0.00000    
   28.4558      0.604712E-03  0.702434E-04  0.436151E-04   0.00000      0.136731       15.9184       0.00000    
   28.6663      0.596515E-03  0.694066E-04  0.430336E-04   0.00000      0.136904       15.8999       0.00000    
   28.8784      0.588382E-03  0.685681E-04  0.424563E-04   0.00000      0.137068       15.8826       0.00000    
   29.0921      0.580326E-03  0.677341E-04  0.418833E-04   0.00000      0.137229       15.8653       0.00000    
   29.3073      0.572347E-03  0.669071E-04  0.413146E-04   0.00000      0.137390       15.8475       0.00000    
   29.5241      0.564446E-03  0.660825E-04  0.407503E-04   0.00000      0.137545       15.8302       0.00000    
   29.7426      0.556617E-03  0.652600E-04  0.401907E-04   0.00000      0.137694       15.8135       0.00000    
   29.9626      0.548865E-03  0.644423E-04  0.396355E-04   0.00000      0.137840       15.7969       0.00000    
   30.1843      0.541180E-03  0.636270E-04  0.390845E-04   0.00000      0.137981       15.7807       0.00000    
   30.4076      0.533571E-03  0.628150E-04  0.385378E-04   0.00000      0.138116       15.7648       0.00000    
   30.6326      0.526039E-03  0.620105E-04  0.379955E-04   0.00000      0.138251       15.7485       0.00000    
   30.8592      0.518590E-03  0.612105E-04  0.374576E-04   0.00000      0.138379       15.7322       0.00000    
   31.0876      0.511214E-03  0.604115E-04  0.369241E-04   0.00000      0.138498       15.7168       0.00000    
   31.3176      0.503916E-03  0.596170E-04  0.363957E-04   0.00000      0.138612       15.7019       0.00000    
   31.5493      0.496701E-03  0.588304E-04  0.358726E-04   0.00000      0.138725       15.6866       0.00000    
   31.7827      0.489556E-03  0.580480E-04  0.353544E-04   0.00000      0.138834       15.6719       0.00000    
   32.0178      0.482485E-03  0.572680E-04  0.348412E-04   0.00000      0.138935       15.6579       0.00000    
   32.2547      0.475489E-03  0.564956E-04  0.343332E-04   0.00000      0.139035       15.6438       0.00000    
   32.4934      0.468577E-03  0.557328E-04  0.338303E-04   0.00000      0.139138       15.6290       0.00000    
   32.7338      0.461739E-03  0.549749E-04  0.333322E-04   0.00000      0.139236       15.6146       0.00000    
   32.9760      0.454968E-03  0.542196E-04  0.328391E-04   0.00000      0.139326       15.6010       0.00000    
   33.2199      0.448280E-03  0.534704E-04  0.323510E-04   0.00000      0.139412       15.5875       0.00000    
   33.4657      0.441671E-03  0.527276E-04  0.318681E-04   0.00000      0.139493       15.5742       0.00000    
   33.7133      0.435133E-03  0.519879E-04  0.313901E-04   0.00000      0.139566       15.5617       0.00000    
   33.9628      0.428666E-03  0.512526E-04  0.309174E-04   0.00000      0.139633       15.5499       0.00000    
   34.2140      0.422281E-03  0.505266E-04  0.304499E-04   0.00000      0.139700       15.5377       0.00000    
   34.4672      0.415973E-03  0.498087E-04  0.299875E-04   0.00000      0.139767       15.5251       0.00000    
   34.7222      0.409733E-03  0.490946E-04  0.295303E-04   0.00000      0.139826       15.5134       0.00000    
   34.9791      0.403563E-03  0.483864E-04  0.290788E-04   0.00000      0.139884       15.5023       0.00000    
   35.2379      0.397468E-03  0.476890E-04  0.286329E-04   0.00000      0.139947       15.4905       0.00000    
   35.4986      0.391453E-03  0.469988E-04  0.281920E-04   0.00000      0.140006       15.4786       0.00000    
   35.7612      0.385507E-03  0.463107E-04  0.277554E-04   0.00000      0.140052       15.4678       0.00000    
   36.0258      0.379637E-03  0.456281E-04  0.273235E-04   0.00000      0.140091       15.4572       0.00000    
   36.2924      0.373842E-03  0.449541E-04  0.268966E-04   0.00000      0.140129       15.4463       0.00000    
   36.5609      0.368116E-03  0.442856E-04  0.264748E-04   0.00000      0.140162       15.4359       0.00000    
   36.8314      0.362455E-03  0.436219E-04  0.260581E-04   0.00000      0.140190       15.4263       0.00000    
   37.1039      0.356865E-03  0.429675E-04  0.256468E-04   0.00000      0.140220       15.4163       0.00000    
   37.3784      0.351350E-03  0.423237E-04  0.252409E-04   0.00000      0.140256       15.4054       0.00000    
   37.6550      0.345903E-03  0.416867E-04  0.248400E-04   0.00000      0.140289       15.3948       0.00000    
   37.9336      0.340525E-03  0.410536E-04  0.244440E-04   0.00000      0.140312       15.3851       0.00000    
   38.2142      0.335218E-03  0.404255E-04  0.240529E-04   0.00000      0.140326       15.3762       0.00000    
   38.4969      0.329979E-03  0.398029E-04  0.236664E-04   0.00000      0.140334       15.3677       0.00000    
   38.7818      0.324805E-03  0.391869E-04  0.232845E-04   0.00000      0.140338       15.3592       0.00000    
   39.0687      0.319705E-03  0.385795E-04  0.229074E-04   0.00000      0.140341       15.3503       0.00000    
   39.3578      0.314670E-03  0.379795E-04  0.225353E-04   0.00000      0.140344       15.3415       0.00000    
   39.6490      0.309698E-03  0.373865E-04  0.221683E-04   0.00000      0.140346       15.3329       0.00000    
   39.9423      0.304794E-03  0.368021E-04  0.218063E-04   0.00000      0.140349       15.3240       0.00000    
   40.2378      0.299960E-03  0.362251E-04  0.214489E-04   0.00000      0.140348       15.3149       0.00000    
   40.5355      0.295192E-03  0.356519E-04  0.210962E-04   0.00000      0.140335       15.3070       0.00000    
   40.8354      0.290483E-03  0.350826E-04  0.207482E-04   0.00000      0.140314       15.3002       0.00000    
   41.1376      0.285838E-03  0.345215E-04  0.204052E-04   0.00000      0.140293       15.2934       0.00000    
   41.4419      0.281257E-03  0.339687E-04  0.200672E-04   0.00000      0.140275       15.2863       0.00000    
   41.7485      0.276735E-03  0.334227E-04  0.197339E-04   0.00000      0.140256       15.2796       0.00000    
   42.0574      0.272276E-03  0.328844E-04  0.194053E-04   0.00000      0.140237       15.2725       0.00000    
   42.3686      0.267883E-03  0.323546E-04  0.190808E-04   0.00000      0.140218       15.2648       0.00000    
   42.6821      0.263556E-03  0.318299E-04  0.187604E-04   0.00000      0.140187       15.2575       0.00000    
   42.9978      0.259282E-03  0.313082E-04  0.184440E-04   0.00000      0.140145       15.2514       0.00000    
   43.3160      0.255065E-03  0.307922E-04  0.181318E-04   0.00000      0.140098       15.2457       0.00000    
   43.6365      0.250909E-03  0.302849E-04  0.178243E-04   0.00000      0.140054       15.2395       0.00000    
   43.9593      0.246810E-03  0.297854E-04  0.175212E-04   0.00000      0.140013       15.2330       0.00000    
   44.2845      0.242764E-03  0.292918E-04  0.172224E-04   0.00000      0.139970       15.2269       0.00000    
   44.6122      0.238778E-03  0.288048E-04  0.169280E-04   0.00000      0.139923       15.2209       0.00000    
   44.9423      0.234855E-03  0.283248E-04  0.166377E-04   0.00000      0.139873       15.2148       0.00000    
   45.2748      0.230989E-03  0.278502E-04  0.163514E-04   0.00000      0.139814       15.2090       0.00000    
   45.6097      0.227175E-03  0.273810E-04  0.160690E-04   0.00000      0.139751       15.2036       0.00000    
   45.9472      0.223415E-03  0.269186E-04  0.157903E-04   0.00000      0.139687       15.1978       0.00000    
   46.2871      0.219707E-03  0.264639E-04  0.155158E-04   0.00000      0.139627       15.1915       0.00000    
   46.6296      0.216051E-03  0.260154E-04  0.152454E-04   0.00000      0.139565       15.1855       0.00000    
   46.9746      0.212452E-03  0.255710E-04  0.149789E-04   0.00000      0.139491       15.1803       0.00000    
   47.3221      0.208906E-03  0.251317E-04  0.147160E-04   0.00000      0.139408       15.1757       0.00000    
   47.6723      0.205412E-03  0.246985E-04  0.144572E-04   0.00000      0.139323       15.1712       0.00000    
   48.0250      0.201965E-03  0.242709E-04  0.142021E-04   0.00000      0.139236       15.1670       0.00000    
   48.3803      0.198567E-03  0.238510E-04  0.139508E-04   0.00000      0.139154       15.1620       0.00000    
   48.7382      0.195219E-03  0.234382E-04  0.137033E-04   0.00000      0.139075       15.1564       0.00000    
   49.0988      0.191920E-03  0.230293E-04  0.134592E-04   0.00000      0.138984       15.1518       0.00000    
   49.4621      0.188673E-03  0.226251E-04  0.132186E-04   0.00000      0.138883       15.1477       0.00000    
   49.8281      0.185477E-03  0.222272E-04  0.129815E-04   0.00000      0.138779       15.1433       0.00000    
   50.1967      0.182326E-03  0.218351E-04  0.127478E-04   0.00000      0.138675       15.1386       0.00000    
   50.5681      0.179216E-03  0.214491E-04  0.125174E-04   0.00000      0.138573       15.1336       0.00000    
   50.9423      0.176154E-03  0.210697E-04  0.122903E-04   0.00000      0.138472       15.1279       0.00000    
   51.3192      0.173142E-03  0.206953E-04  0.120666E-04   0.00000      0.138361       15.1224       0.00000    
   51.6988      0.170175E-03  0.203243E-04  0.118462E-04   0.00000      0.138239       15.1181       0.00000    
   52.0813      0.167249E-03  0.199584E-04  0.116293E-04   0.00000      0.138114       15.1142       0.00000    
   52.4667      0.164367E-03  0.195994E-04  0.114158E-04   0.00000      0.137994       15.1095       0.00000    
   52.8549      0.161528E-03  0.192468E-04  0.112056E-04   0.00000      0.137878       15.1042       0.00000    
   53.2459      0.158731E-03  0.188983E-04  0.109983E-04   0.00000      0.137753       15.0991       0.00000    
   53.6399      0.155981E-03  0.185542E-04  0.107939E-04   0.00000      0.137616       15.0943       0.00000    
   54.0367      0.153276E-03  0.182162E-04  0.105927E-04   0.00000      0.137479       15.0890       0.00000    
   54.4365      0.150609E-03  0.178837E-04  0.103946E-04   0.00000      0.137343       15.0833       0.00000    
   54.8393      0.147978E-03  0.175557E-04  0.101994E-04   0.00000      0.137206       15.0777       0.00000    
   55.2450      0.145386E-03  0.172327E-04  0.100071E-04   0.00000      0.137066       15.0719       0.00000    
   55.6538      0.142838E-03  0.169140E-04  0.981737E-05   0.00000      0.136915       15.0660       0.00000    
   56.0655      0.140328E-03  0.165987E-04  0.963020E-05   0.00000      0.136751       15.0607       0.00000    
   56.4803      0.137853E-03  0.162881E-04  0.944592E-05   0.00000      0.136587       15.0553       0.00000    
   56.8982      0.135415E-03  0.159842E-04  0.926477E-05   0.00000      0.136434       15.0488       0.00000    
   57.3192      0.133016E-03  0.156857E-04  0.908649E-05   0.00000      0.136280       15.0416       0.00000    
   57.7433      0.130658E-03  0.153905E-04  0.891065E-05   0.00000      0.136110       15.0348       0.00000    
   58.1705      0.128336E-03  0.150991E-04  0.873725E-05   0.00000      0.135931       15.0282       0.00000    
   58.6009      0.126046E-03  0.148136E-04  0.856660E-05   0.00000      0.135762       15.0202       0.00000    
   59.0344      0.123790E-03  0.145333E-04  0.839863E-05   0.00000      0.135597       15.0116       0.00000    
   59.4712      0.121570E-03  0.142557E-04  0.823307E-05   0.00000      0.135414       15.0038       0.00000    
   59.9112      0.119388E-03  0.139818E-04  0.807002E-05   0.00000      0.135220       14.9964       0.00000    
   60.3545      0.117238E-03  0.137132E-04  0.790961E-05   0.00000      0.135032       14.9879       0.00000    
   60.8010      0.115115E-03  0.134487E-04  0.775174E-05   0.00000      0.134846       14.9794       0.00000    
   61.2509      0.113027E-03  0.131880E-04  0.759626E-05   0.00000      0.134652       14.9710       0.00000    
   61.7040      0.110975E-03  0.129312E-04  0.744297E-05   0.00000      0.134446       14.9620       0.00000    
   62.1606      0.108957E-03  0.126784E-04  0.729180E-05   0.00000      0.134234       14.9524       0.00000    
   62.6205      0.106963E-03  0.124299E-04  0.714306E-05   0.00000      0.134029       14.9423       0.00000    
   63.0838      0.105002E-03  0.121861E-04  0.699677E-05   0.00000      0.133826       14.9314       0.00000    
   63.5505      0.103074E-03  0.119461E-04  0.685254E-05   0.00000      0.133612       14.9197       0.00000    
   64.0207      0.101177E-03  0.117095E-04  0.671054E-05   0.00000      0.133391       14.9082       0.00000    
   64.4944      0.993038E-04  0.114770E-04  0.657096E-05   0.00000      0.133176       14.8963       0.00000    
   64.9715      0.974582E-04  0.112484E-04  0.643336E-05   0.00000      0.132961       14.8834       0.00000    
   65.4522      0.956461E-04  0.110230E-04  0.629750E-05   0.00000      0.132729       14.8698       0.00000    
   65.9365      0.938631E-04  0.108011E-04  0.616372E-05   0.00000      0.132491       14.8558       0.00000    
   66.4243      0.921040E-04  0.105829E-04  0.603209E-05   0.00000      0.132256       14.8412       0.00000    
   66.9158      0.903733E-04  0.103685E-04  0.590217E-05   0.00000      0.132016       14.8251       0.00000    
   67.4109      0.886739E-04  0.101572E-04  0.577375E-05   0.00000      0.131759       14.8078       0.00000    
   67.9096      0.869984E-04  0.994922E-05  0.564725E-05   0.00000      0.131499       14.7898       0.00000    
   68.4121      0.853466E-04  0.974530E-05  0.552286E-05   0.00000      0.131247       14.7706       0.00000    
   68.9182      0.837235E-04  0.954452E-05  0.540009E-05   0.00000      0.130982       14.7501       0.00000    
   69.4281      0.821264E-04  0.934644E-05  0.527893E-05   0.00000      0.130703       14.7290       0.00000    
   69.9418      0.805508E-04  0.915201E-05  0.515970E-05   0.00000      0.130430       14.7067       0.00000    
   70.4593      0.790017E-04  0.896125E-05  0.504215E-05   0.00000      0.130154       14.6824       0.00000    
   70.9806      0.774796E-04  0.877350E-05  0.492602E-05   0.00000      0.129864       14.6564       0.00000    
   71.5057      0.759785E-04  0.858870E-05  0.481162E-05   0.00000      0.129572       14.6294       0.00000    
   72.0348      0.744990E-04  0.840705E-05  0.469889E-05   0.00000      0.129278       14.6009       0.00000    
   72.5677      0.730472E-04  0.822845E-05  0.458745E-05   0.00000      0.128969       14.5701       0.00000    
   73.1046      0.716182E-04  0.805328E-05  0.447755E-05   0.00000      0.128659       14.5368       0.00000    
   73.6455      0.702090E-04  0.788144E-05  0.436933E-05   0.00000      0.128353       14.5016       0.00000    
   74.1904      0.688248E-04  0.771201E-05  0.426228E-05   0.00000      0.128028       14.4643       0.00000    
   74.7393      0.674614E-04  0.754539E-05  0.415649E-05   0.00000      0.127695       14.4244       0.00000    
   75.2923      0.661178E-04  0.738164E-05  0.405214E-05   0.00000      0.127359       14.3822       0.00000    
   75.8493      0.647968E-04  0.721991E-05  0.394888E-05   0.00000      0.127001       14.3381       0.00000    
   76.4105      0.634964E-04  0.706121E-05  0.384693E-05   0.00000      0.126639       14.2907       0.00000    
   76.9758      0.622154E-04  0.690586E-05  0.374642E-05   0.00000      0.126281       14.2399       0.00000    
   77.5454      0.609561E-04  0.675307E-05  0.364707E-05   0.00000      0.125910       14.1859       0.00000    
   78.1191      0.597167E-04  0.660364E-05  0.354906E-05   0.00000      0.125542       14.1277       0.00000    
   78.6971      0.584970E-04  0.645764E-05  0.345238E-05   0.00000      0.125178       14.0649       0.00000    
   79.2793      0.572969E-04  0.631399E-05  0.335682E-05   0.00000      0.124803       13.9986       0.00000    
   79.8659      0.561132E-04  0.617277E-05  0.326252E-05   0.00000      0.124425       13.9290       0.00000    
   80.4568      0.549504E-04  0.603472E-05  0.316941E-05   0.00000      0.124046       13.8541       0.00000    
   81.0521      0.538078E-04  0.589988E-05  0.307763E-05   0.00000      0.123669       13.7742       0.00000    
   81.6517      0.526814E-04  0.576719E-05  0.298709E-05   0.00000      0.123286       13.6909       0.00000    
   82.2558      0.515730E-04  0.563673E-05  0.289767E-05   0.00000      0.122892       13.6031       0.00000    
   82.8644      0.504826E-04  0.550948E-05  0.280952E-05   0.00000      0.122507       13.5095       0.00000    
   83.4775      0.494099E-04  0.538505E-05  0.272262E-05   0.00000      0.122125       13.4103       0.00000    
   84.0951      0.483531E-04  0.526304E-05  0.263699E-05   0.00000      0.121744       13.3063       0.00000    
   84.7173      0.473132E-04  0.514366E-05  0.255253E-05   0.00000      0.121365       13.1964       0.00000    
   85.3441      0.462897E-04  0.502700E-05  0.246915E-05   0.00000      0.120992       13.0796       0.00000    
   85.9755      0.452813E-04  0.491264E-05  0.238688E-05   0.00000      0.120619       12.9567       0.00000    
   86.6116      0.442871E-04  0.480028E-05  0.230572E-05   0.00000      0.120245       12.8282       0.00000    
   87.2525      0.433082E-04  0.469050E-05  0.222573E-05   0.00000      0.119880       12.6926       0.00000    
   87.8980      0.423451E-04  0.458352E-05  0.214692E-05   0.00000      0.119528       12.5492       0.00000    
   88.5483      0.413960E-04  0.447880E-05  0.206928E-05   0.00000      0.119183       12.3989       0.00000    
   89.2035      0.404608E-04  0.437620E-05  0.199273E-05   0.00000      0.118844       12.2413       0.00000    
   89.8635      0.395392E-04  0.427614E-05  0.191728E-05   0.00000      0.118523       12.0749       0.00000    
   90.5283      0.386315E-04  0.417839E-05  0.184298E-05   0.00000      0.118214       11.9005       0.00000    
   91.1981      0.377364E-04  0.408267E-05  0.176987E-05   0.00000      0.117918       11.7185       0.00000    
   91.8729      0.368551E-04  0.398924E-05  0.169788E-05   0.00000      0.117637       11.5276       0.00000    
   92.5526      0.359865E-04  0.389825E-05  0.162696E-05   0.00000      0.117381       11.3268       0.00000    
   93.2374      0.351295E-04  0.380937E-05  0.155721E-05   0.00000      0.117148       11.1170       0.00000    
   93.9272      0.342843E-04  0.372208E-05  0.148846E-05   0.00000      0.116924       10.8983       0.00000    
   94.6221      0.334502E-04  0.363661E-05  0.142076E-05   0.00000      0.116720       10.6699       0.00000    
   95.3222      0.326273E-04  0.355329E-05  0.135420E-05   0.00000      0.116546       10.4312       0.00000    
   96.0275      0.318161E-04  0.347192E-05  0.128864E-05   0.00000      0.116399       10.1815       0.00000    
   96.7379      0.310157E-04  0.339268E-05  0.122424E-05   0.00000      0.116290       9.92096       0.00000    
   97.4537      0.302258E-04  0.331577E-05  0.116097E-05   0.00000      0.116230       9.64847       0.00000    
   98.1747      0.294476E-04  0.324134E-05  0.109855E-05   0.00000      0.116221       9.36124       0.00000    
   98.9010      0.286821E-04  0.316960E-05  0.103699E-05   0.00000      0.116272       9.05824       0.00000    
   99.6328      0.279262E-04  0.309974E-05  0.976150E-06   0.00000      0.116371       8.73997       0.00000    
