   1.20444      0.444411     -0.438220E-02  0.476131E-05   0.00000      0.986070E-02   89.9689       0.00000    
   1.21335      0.437927     -0.431699E-02  0.482121E-05   0.00000      0.985781E-02   89.9680       0.00000    
   1.22233      0.431534     -0.425267E-02  0.487197E-05   0.00000      0.985478E-02   89.9672       0.00000    
   1.23137      0.425245     -0.418939E-02  0.491087E-05   0.00000      0.985170E-02   89.9664       0.00000    
   1.24048      0.419037     -0.412688E-02  0.492994E-05   0.00000      0.984851E-02   89.9658       0.00000    
   1.24966      0.412931     -0.406533E-02  0.493111E-05   0.00000      0.984505E-02   89.9652       0.00000    
   1.25891      0.406904     -0.400447E-02  0.490756E-05   0.00000      0.984131E-02   89.9649       0.00000    
   1.26822      0.400972     -0.394452E-02  0.485990E-05   0.00000      0.983740E-02   89.9647       0.00000    
   1.27760      0.395125     -0.388543E-02  0.482731E-05   0.00000      0.983342E-02   89.9644       0.00000    
   1.28706      0.389358     -0.382716E-02  0.482013E-05   0.00000      0.982940E-02   89.9639       0.00000    
   1.29658      0.383685     -0.376990E-02  0.483555E-05   0.00000      0.982551E-02   89.9633       0.00000    
   1.30617      0.378091     -0.371365E-02  0.489849E-05   0.00000      0.982210E-02   89.9622       0.00000    
   1.31583      0.372578     -0.365852E-02  0.500831E-05   0.00000      0.981949E-02   89.9608       0.00000    
   1.32557      0.367143     -0.360448E-02  0.515491E-05   0.00000      0.981765E-02   89.9590       0.00000    
   1.33538      0.361793     -0.355145E-02  0.533184E-05   0.00000      0.981625E-02   89.9570       0.00000    
   1.34526      0.356516     -0.349915E-02  0.553534E-05   0.00000      0.981486E-02   89.9547       0.00000    
   1.35521      0.351325     -0.344759E-02  0.577555E-05   0.00000      0.981310E-02   89.9520       0.00000    
   1.36524      0.346200     -0.339646E-02  0.603750E-05   0.00000      0.981070E-02   89.9491       0.00000    
   1.37534      0.341159     -0.334595E-02  0.630139E-05   0.00000      0.980763E-02   89.9461       0.00000    
   1.38551      0.336191     -0.329602E-02  0.656210E-05   0.00000      0.980403E-02   89.9430       0.00000    
   1.39576      0.331292     -0.324669E-02  0.680305E-05   0.00000      0.980008E-02   89.9400       0.00000    
   1.40609      0.326465     -0.319805E-02  0.703527E-05   0.00000      0.979604E-02   89.9370       0.00000    
   1.41649      0.321714     -0.315025E-02  0.728439E-05   0.00000      0.979210E-02   89.9338       0.00000    
   1.42697      0.317026     -0.310307E-02  0.752818E-05   0.00000      0.978808E-02   89.9305       0.00000    
   1.43753      0.312408     -0.305657E-02  0.775194E-05   0.00000      0.978393E-02   89.9273       0.00000    
   1.44817      0.307861     -0.301082E-02  0.799155E-05   0.00000      0.977985E-02   89.9240       0.00000    
   1.45888      0.303382     -0.296576E-02  0.825675E-05   0.00000      0.977570E-02   89.9202       0.00000    
   1.46968      0.298962     -0.292124E-02  0.852519E-05   0.00000      0.977133E-02   89.9164       0.00000    
   1.48055      0.294612     -0.287745E-02  0.879608E-05   0.00000      0.976698E-02   89.9124       0.00000    
   1.49150      0.290322     -0.283433E-02  0.906795E-05   0.00000      0.976274E-02   89.9083       0.00000    
   1.50254      0.286098     -0.279185E-02  0.933887E-05   0.00000      0.975842E-02   89.9042       0.00000    
   1.51366      0.281935     -0.274998E-02  0.961725E-05   0.00000      0.975401E-02   89.8998       0.00000    
   1.52486      0.277834     -0.270876E-02  0.990108E-05   0.00000      0.974963E-02   89.8953       0.00000    
   1.53614      0.273790     -0.266814E-02  0.101872E-04   0.00000      0.974526E-02   89.8906       0.00000    
   1.54750      0.269805     -0.262809E-02  0.104565E-04   0.00000      0.974078E-02   89.8860       0.00000    
   1.55895      0.265885     -0.258867E-02  0.106823E-04   0.00000      0.973614E-02   89.8818       0.00000    
   1.57049      0.262013     -0.254975E-02  0.108744E-04   0.00000      0.973147E-02   89.8778       0.00000    
   1.58211      0.258204     -0.251146E-02  0.110605E-04   0.00000      0.972674E-02   89.8738       0.00000    
   1.59381      0.254450     -0.247367E-02  0.112421E-04   0.00000      0.972172E-02   89.8698       0.00000    
   1.60560      0.250750     -0.243638E-02  0.114049E-04   0.00000      0.971650E-02   89.8659       0.00000    
   1.61748      0.247103     -0.239966E-02  0.115468E-04   0.00000      0.971130E-02   89.8621       0.00000    
   1.62945      0.243512     -0.236354E-02  0.116618E-04   0.00000      0.970616E-02   89.8587       0.00000    
   1.64151      0.239972     -0.232792E-02  0.117348E-04   0.00000      0.970092E-02   89.8556       0.00000    
   1.65365      0.236482     -0.229278E-02  0.117642E-04   0.00000      0.969548E-02   89.8530       0.00000    
   1.66588      0.233047     -0.225816E-02  0.117541E-04   0.00000      0.968982E-02   89.8509       0.00000    
   1.67821      0.229659     -0.222393E-02  0.117099E-04   0.00000      0.968377E-02   89.8492       0.00000    
   1.69063      0.226322     -0.219019E-02  0.116511E-04   0.00000      0.967746E-02   89.8476       0.00000    
   1.70313      0.223032     -0.215692E-02  0.115758E-04   0.00000      0.967104E-02   89.8463       0.00000    
   1.71574      0.219792     -0.212409E-02  0.114512E-04   0.00000      0.966422E-02   89.8456       0.00000    
   1.72843      0.216600     -0.209163E-02  0.112638E-04   0.00000      0.965678E-02   89.8457       0.00000    
   1.74122      0.213453     -0.205955E-02  0.110304E-04   0.00000      0.964888E-02   89.8466       0.00000    
   1.75410      0.210356     -0.202793E-02  0.107719E-04   0.00000      0.964062E-02   89.8478       0.00000    
   1.76708      0.207297     -0.199662E-02  0.104846E-04   0.00000      0.963179E-02   89.8496       0.00000    
   1.78015      0.204285     -0.196563E-02  0.101518E-04   0.00000      0.962213E-02   89.8520       0.00000    
   1.79332      0.201320     -0.193499E-02  0.980143E-05   0.00000      0.961163E-02   89.8549       0.00000    
   1.80659      0.198395     -0.190464E-02  0.948465E-05   0.00000      0.960032E-02   89.8573       0.00000    
   1.81996      0.195516     -0.187466E-02  0.920016E-05   0.00000      0.958838E-02   89.8594       0.00000    
   1.83342      0.192678     -0.184520E-02  0.893844E-05   0.00000      0.957673E-02   89.8612       0.00000    
   1.84699      0.189879     -0.181655E-02  0.873011E-05   0.00000      0.956700E-02   89.8623       0.00000    
   1.86065      0.187124     -0.178901E-02  0.860747E-05   0.00000      0.956069E-02   89.8622       0.00000    
   1.87442      0.184406     -0.176265E-02  0.860099E-05   0.00000      0.955862E-02   89.8602       0.00000    
   1.88829      0.181732     -0.173754E-02  0.876229E-05   0.00000      0.956114E-02   89.8555       0.00000    
   1.90226      0.179092     -0.171327E-02  0.910249E-05   0.00000      0.956654E-02   89.8478       0.00000    
   1.91633      0.176497     -0.168898E-02  0.949147E-05   0.00000      0.956958E-02   89.8390       0.00000    
   1.93051      0.173938     -0.166394E-02  0.979102E-05   0.00000      0.956644E-02   89.8314       0.00000    
   1.94479      0.171420     -0.163860E-02  0.100158E-04   0.00000      0.955916E-02   89.8249       0.00000    
   1.95918      0.168937     -0.161345E-02  0.102159E-04   0.00000      0.955084E-02   89.8186       0.00000    
   1.97368      0.166495     -0.158868E-02  0.104003E-04   0.00000      0.954212E-02   89.8125       0.00000    
   1.98828      0.164082     -0.156417E-02  0.105872E-04   0.00000      0.953313E-02   89.8061       0.00000    
   2.00299      0.161710     -0.154013E-02  0.107941E-04   0.00000      0.952424E-02   89.7992       0.00000    
   2.01781      0.159371     -0.151645E-02  0.110244E-04   0.00000      0.951547E-02   89.7917       0.00000    
   2.03274      0.157065     -0.149309E-02  0.112570E-04   0.00000      0.950646E-02   89.7840       0.00000    
   2.04778      0.154795     -0.147007E-02  0.114689E-04   0.00000      0.949716E-02   89.7765       0.00000    
   2.06293      0.152556     -0.144739E-02  0.116850E-04   0.00000      0.948791E-02   89.7687       0.00000    
   2.07819      0.150352     -0.142508E-02  0.119185E-04   0.00000      0.947863E-02   89.7604       0.00000    
   2.09357      0.148179     -0.140308E-02  0.121364E-04   0.00000      0.946917E-02   89.7522       0.00000    
   2.10906      0.146039     -0.138142E-02  0.123371E-04   0.00000      0.945967E-02   89.7442       0.00000    
   2.12466      0.143930     -0.136006E-02  0.125302E-04   0.00000      0.944990E-02   89.7361       0.00000    
   2.14038      0.141850     -0.133897E-02  0.126957E-04   0.00000      0.943978E-02   89.7284       0.00000    
   2.15622      0.139804     -0.131824E-02  0.128303E-04   0.00000      0.942966E-02   89.7212       0.00000    
   2.17217      0.137786     -0.129781E-02  0.129349E-04   0.00000      0.941951E-02   89.7145       0.00000    
   2.18824      0.135797     -0.127767E-02  0.130135E-04   0.00000      0.940920E-02   89.7082       0.00000    
   2.20443      0.133839     -0.125784E-02  0.130921E-04   0.00000      0.939873E-02   89.7018       0.00000    
   2.22074      0.131908     -0.123828E-02  0.131663E-04   0.00000      0.938802E-02   89.6954       0.00000    
   2.23717      0.130007     -0.121903E-02  0.132075E-04   0.00000      0.937720E-02   89.6896       0.00000    
   2.25372      0.128132     -0.120002E-02  0.132294E-04   0.00000      0.936611E-02   89.6842       0.00000    
   2.27040      0.126285     -0.118131E-02  0.132568E-04   0.00000      0.935493E-02   89.6785       0.00000    
   2.28720      0.124466     -0.116296E-02  0.132727E-04   0.00000      0.934424E-02   89.6731       0.00000    
   2.30412      0.122671     -0.114484E-02  0.132489E-04   0.00000      0.933323E-02   89.6685       0.00000    
   2.32117      0.120905     -0.112676E-02  0.131616E-04   0.00000      0.931997E-02   89.6654       0.00000    
   2.33834      0.119164     -0.110848E-02  0.129822E-04   0.00000      0.930279E-02   89.6645       0.00000    
   2.35564      0.117449     -0.108994E-02  0.126809E-04   0.00000      0.928080E-02   89.6667       0.00000    
   2.37307      0.115760     -0.107123E-02  0.122397E-04   0.00000      0.925454E-02   89.6727       0.00000    
   2.39063      0.114093     -0.105252E-02  0.116743E-04   0.00000      0.922571E-02   89.6823       0.00000    
   2.40831      0.112452     -0.103414E-02  0.110477E-04   0.00000      0.919685E-02   89.6940       0.00000    
   2.42613      0.110833     -0.101668E-02  0.105179E-04   0.00000      0.917354E-02   89.7036       0.00000    
   2.44408      0.109238     -0.100051E-02  0.102060E-04   0.00000      0.915952E-02   89.7078       0.00000    
   2.46217      0.107664     -0.985090E-03  0.100316E-04   0.00000      0.915011E-02   89.7083       0.00000    
   2.48038      0.106117     -0.969854E-03  0.988048E-05   0.00000      0.913998E-02   89.7082       0.00000    
   2.49873      0.104591     -0.954839E-03  0.974367E-05   0.00000      0.912975E-02   89.7077       0.00000    
   2.51722      0.103088     -0.940417E-03  0.967323E-05   0.00000      0.912298E-02   89.7053       0.00000    
   2.53585      0.101607     -0.926842E-03  0.972993E-05   0.00000      0.912232E-02   89.6993       0.00000    
   2.55461      0.100149     -0.913831E-03  0.991355E-05   0.00000      0.912530E-02   89.6892       0.00000    
   2.57351      0.987122E-01 -0.900556E-03  0.101300E-04   0.00000      0.912362E-02   89.6778       0.00000    
   2.59255      0.972990E-01 -0.886555E-03  0.102897E-04   0.00000      0.911227E-02   89.6675       0.00000    
   2.61173      0.959063E-01 -0.872215E-03  0.103992E-04   0.00000      0.909510E-02   89.6584       0.00000    
   2.63105      0.945346E-01 -0.858038E-03  0.104830E-04   0.00000      0.907712E-02   89.6500       0.00000    
   2.65052      0.931845E-01 -0.844107E-03  0.105350E-04   0.00000      0.905915E-02   89.6425       0.00000    
   2.67013      0.918529E-01 -0.830340E-03  0.105783E-04   0.00000      0.904062E-02   89.6351       0.00000    
   2.68988      0.905404E-01 -0.816758E-03  0.106495E-04   0.00000      0.902169E-02   89.6265       0.00000    
   2.70979      0.892501E-01 -0.803393E-03  0.107545E-04   0.00000      0.900240E-02   89.6165       0.00000    
   2.72983      0.879754E-01 -0.790161E-03  0.108752E-04   0.00000      0.898247E-02   89.6057       0.00000    
   2.75003      0.867217E-01 -0.777156E-03  0.109756E-04   0.00000      0.896239E-02   89.5954       0.00000    
   2.77038      0.854869E-01 -0.764376E-03  0.110448E-04   0.00000      0.894237E-02   89.5861       0.00000    
   2.79088      0.842680E-01 -0.751716E-03  0.111053E-04   0.00000      0.892151E-02   89.5768       0.00000    
   2.81152      0.830697E-01 -0.739215E-03  0.111659E-04   0.00000      0.889976E-02   89.5673       0.00000    
   2.83233      0.818875E-01 -0.726907E-03  0.112338E-04   0.00000      0.887796E-02   89.5573       0.00000    
   2.85328      0.807234E-01 -0.714803E-03  0.113184E-04   0.00000      0.885608E-02   89.5464       0.00000    
   2.87439      0.795764E-01 -0.702837E-03  0.114011E-04   0.00000      0.883339E-02   89.5353       0.00000    
   2.89566      0.784462E-01 -0.691027E-03  0.114726E-04   0.00000      0.881014E-02   89.5244       0.00000    
   2.91708      0.773334E-01 -0.679397E-03  0.115522E-04   0.00000      0.878657E-02   89.5129       0.00000    
   2.93866      0.762357E-01 -0.667900E-03  0.116477E-04   0.00000      0.876232E-02   89.5005       0.00000    
   2.96041      0.751555E-01 -0.656583E-03  0.117441E-04   0.00000      0.873772E-02   89.4876       0.00000    
   2.98231      0.740906E-01 -0.645447E-03  0.118262E-04   0.00000      0.871304E-02   89.4752       0.00000    
   3.00437      0.730421E-01 -0.634472E-03  0.119032E-04   0.00000      0.868791E-02   89.4626       0.00000    
   3.02660      0.720089E-01 -0.623610E-03  0.119940E-04   0.00000      0.866177E-02   89.4491       0.00000    
   3.04900      0.709905E-01 -0.612867E-03  0.120973E-04   0.00000      0.863477E-02   89.4346       0.00000    
   3.07155      0.699886E-01 -0.602308E-03  0.122014E-04   0.00000      0.860756E-02   89.4197       0.00000    
   3.09428      0.690003E-01 -0.591885E-03  0.123024E-04   0.00000      0.857986E-02   89.4046       0.00000    
   3.11717      0.680266E-01 -0.581582E-03  0.123918E-04   0.00000      0.855128E-02   89.3897       0.00000    
   3.14024      0.670675E-01 -0.571458E-03  0.124758E-04   0.00000      0.852266E-02   89.3747       0.00000    
   3.16347      0.661237E-01 -0.561541E-03  0.125831E-04   0.00000      0.849441E-02   89.3582       0.00000    
   3.18687      0.651925E-01 -0.551732E-03  0.127098E-04   0.00000      0.846536E-02   89.3402       0.00000    
   3.21045      0.642754E-01 -0.541999E-03  0.128279E-04   0.00000      0.843482E-02   89.3221       0.00000    
   3.23421      0.633726E-01 -0.532389E-03  0.129384E-04   0.00000      0.840340E-02   89.3039       0.00000    
   3.25814      0.624832E-01 -0.522933E-03  0.130540E-04   0.00000      0.837178E-02   89.2850       0.00000    
   3.28224      0.616059E-01 -0.513598E-03  0.131767E-04   0.00000      0.833957E-02   89.2652       0.00000    
   3.30653      0.607426E-01 -0.504397E-03  0.133029E-04   0.00000      0.830673E-02   89.2446       0.00000    
   3.33099      0.598923E-01 -0.495329E-03  0.134185E-04   0.00000      0.827338E-02   89.2241       0.00000    
   3.35563      0.590539E-01 -0.486335E-03  0.135313E-04   0.00000      0.823863E-02   89.2031       0.00000    
   3.38046      0.582284E-01 -0.477442E-03  0.136613E-04   0.00000      0.820282E-02   89.1805       0.00000    
   3.40547      0.574159E-01 -0.468744E-03  0.138091E-04   0.00000      0.816755E-02   89.1563       0.00000    
   3.43067      0.566138E-01 -0.460180E-03  0.139572E-04   0.00000      0.813213E-02   89.1314       0.00000    
   3.45605      0.558255E-01 -0.451695E-03  0.140754E-04   0.00000      0.809511E-02   89.1076       0.00000    
   3.48162      0.550476E-01 -0.443282E-03  0.141698E-04   0.00000      0.805682E-02   89.0846       0.00000    
   3.50738      0.542822E-01 -0.435012E-03  0.142827E-04   0.00000      0.801821E-02   89.0597       0.00000    
   3.53333      0.535280E-01 -0.426858E-03  0.144286E-04   0.00000      0.797903E-02   89.0320       0.00000    
   3.55947      0.527846E-01 -0.418784E-03  0.145929E-04   0.00000      0.793865E-02   89.0021       0.00000    
   3.58581      0.520533E-01 -0.410829E-03  0.147818E-04   0.00000      0.789758E-02   88.9697       0.00000    
   3.61234      0.513318E-01 -0.402990E-03  0.149972E-04   0.00000      0.785612E-02   88.9344       0.00000    
   3.63906      0.506217E-01 -0.395237E-03  0.151887E-04   0.00000      0.781342E-02   88.8996       0.00000    
   3.66599      0.499225E-01 -0.387563E-03  0.153290E-04   0.00000      0.776937E-02   88.8675       0.00000    
   3.69311      0.492338E-01 -0.380033E-03  0.154794E-04   0.00000      0.772534E-02   88.8338       0.00000    
   3.72043      0.485543E-01 -0.372621E-03  0.156809E-04   0.00000      0.768111E-02   88.7951       0.00000    
   3.74796      0.478864E-01 -0.365278E-03  0.159005E-04   0.00000      0.763524E-02   88.7537       0.00000    
   3.77569      0.472280E-01 -0.358000E-03  0.161158E-04   0.00000      0.758792E-02   88.7113       0.00000    
   3.80363      0.465795E-01 -0.350846E-03  0.163159E-04   0.00000      0.754034E-02   88.6687       0.00000    
   3.83177      0.459410E-01 -0.343792E-03  0.164908E-04   0.00000      0.749194E-02   88.6269       0.00000    
   3.86012      0.453122E-01 -0.336789E-03  0.166583E-04   0.00000      0.744172E-02   88.5842       0.00000    
   3.88868      0.446925E-01 -0.329880E-03  0.168431E-04   0.00000      0.739072E-02   88.5386       0.00000    
   3.91745      0.440823E-01 -0.323115E-03  0.170598E-04   0.00000      0.734003E-02   88.4889       0.00000    
   3.94643      0.434816E-01 -0.316408E-03  0.173032E-04   0.00000      0.728769E-02   88.4349       0.00000    
   3.97563      0.428897E-01 -0.309716E-03  0.175455E-04   0.00000      0.723280E-02   88.3788       0.00000    
   4.00504      0.423071E-01 -0.303137E-03  0.177811E-04   0.00000      0.717747E-02   88.3215       0.00000    
   4.03468      0.417330E-01 -0.296682E-03  0.180240E-04   0.00000      0.712216E-02   88.2617       0.00000    
   4.06453      0.411685E-01 -0.290268E-03  0.182783E-04   0.00000      0.706470E-02   88.1984       0.00000    
   4.09460      0.406118E-01 -0.283870E-03  0.185601E-04   0.00000      0.700476E-02   88.1296       0.00000    
   4.12489      0.400643E-01 -0.277628E-03  0.188846E-04   0.00000      0.694557E-02   88.0543       0.00000    
   4.15541      0.395246E-01 -0.271532E-03  0.192294E-04   0.00000      0.688716E-02   87.9746       0.00000    
   4.18616      0.389938E-01 -0.265484E-03  0.195528E-04   0.00000      0.682682E-02   87.8939       0.00000    
   4.21713      0.384706E-01 -0.259485E-03  0.198649E-04   0.00000      0.676477E-02   87.8111       0.00000    
   4.24833      0.379556E-01 -0.253568E-03  0.202186E-04   0.00000      0.670186E-02   87.7205       0.00000    
   4.27976      0.374489E-01 -0.247691E-03  0.206059E-04   0.00000      0.663697E-02   87.6222       0.00000    
   4.31143      0.369500E-01 -0.241869E-03  0.209833E-04   0.00000      0.657043E-02   87.5209       0.00000    
   4.34332      0.364589E-01 -0.236160E-03  0.213478E-04   0.00000      0.650383E-02   87.4174       0.00000    
   4.37546      0.359755E-01 -0.230536E-03  0.217109E-04   0.00000      0.643648E-02   87.3100       0.00000    
   4.40783      0.354998E-01 -0.224921E-03  0.220896E-04   0.00000      0.636632E-02   87.1955       0.00000    
   4.44044      0.350320E-01 -0.219355E-03  0.225096E-04   0.00000      0.629443E-02   87.0705       0.00000    
   4.47330      0.345708E-01 -0.213907E-03  0.229686E-04   0.00000      0.622306E-02   86.9356       0.00000    
   4.50639      0.341179E-01 -0.208558E-03  0.234517E-04   0.00000      0.615140E-02   86.7921       0.00000    
   4.53974      0.336714E-01 -0.203233E-03  0.239646E-04   0.00000      0.607758E-02   86.6375       0.00000    
   4.57332      0.332332E-01 -0.197979E-03  0.245146E-04   0.00000      0.600277E-02   86.4707       0.00000    
   4.60716      0.328013E-01 -0.192787E-03  0.250898E-04   0.00000      0.592699E-02   86.2925       0.00000    
   4.64125      0.323767E-01 -0.187602E-03  0.256718E-04   0.00000      0.584835E-02   86.1040       0.00000    
   4.67559      0.319594E-01 -0.182442E-03  0.262645E-04   0.00000      0.576740E-02   85.9040       0.00000    
   4.71018      0.315485E-01 -0.177397E-03  0.269014E-04   0.00000      0.568728E-02   85.6885       0.00000    
   4.74503      0.311451E-01 -0.172473E-03  0.276107E-04   0.00000      0.560825E-02   85.4524       0.00000    
   4.78013      0.307484E-01 -0.167578E-03  0.283689E-04   0.00000      0.552752E-02   85.1958       0.00000    
   4.81550      0.303579E-01 -0.162736E-03  0.291431E-04   0.00000      0.544587E-02   84.9235       0.00000    
   4.85113      0.299745E-01 -0.158009E-03  0.299462E-04   0.00000      0.536530E-02   84.6342       0.00000    
   4.88702      0.295979E-01 -0.153342E-03  0.307925E-04   0.00000      0.528428E-02   84.3228       0.00000    
   4.92318      0.292277E-01 -0.148678E-03  0.316767E-04   0.00000      0.520105E-02   83.9863       0.00000    
   4.95960      0.288646E-01 -0.144068E-03  0.326015E-04   0.00000      0.511738E-02   83.6246       0.00000    
   4.99630      0.285074E-01 -0.139567E-03  0.335769E-04   0.00000      0.503551E-02   83.2364       0.00000    
   5.03326      0.281570E-01 -0.135147E-03  0.346001E-04   0.00000      0.495457E-02   82.8198       0.00000    
   5.07050      0.278130E-01 -0.130749E-03  0.356675E-04   0.00000      0.487279E-02   82.3707       0.00000    
   5.10802      0.274753E-01 -0.126452E-03  0.368016E-04   0.00000      0.479333E-02   81.8867       0.00000    
   5.14581      0.271440E-01 -0.122296E-03  0.380103E-04   0.00000      0.471805E-02   81.3672       0.00000    
   5.18388      0.268191E-01 -0.118178E-03  0.392636E-04   0.00000      0.464334E-02   80.8107       0.00000    
   5.22224      0.265003E-01 -0.114086E-03  0.405517E-04   0.00000      0.456896E-02   80.2161       0.00000    
   5.26087      0.261877E-01 -0.110132E-03  0.418988E-04   0.00000      0.449956E-02   79.5855       0.00000    
   5.29980      0.258811E-01 -0.106332E-03  0.433229E-04   0.00000      0.443639E-02   78.9162       0.00000    
   5.33901      0.255811E-01 -0.102602E-03  0.448208E-04   0.00000      0.437686E-02   78.2012       0.00000    
   5.37851      0.252871E-01 -0.989506E-04  0.463730E-04   0.00000      0.432150E-02   77.4450       0.00000    
   5.41830      0.249989E-01 -0.954220E-04  0.479627E-04   0.00000      0.427210E-02   76.6571       0.00000    
   5.45839      0.247169E-01 -0.919902E-04  0.495926E-04   0.00000      0.422814E-02   75.8353       0.00000    
   5.49878      0.244409E-01 -0.886875E-04  0.512707E-04   0.00000      0.419138E-02   74.9838       0.00000    
   5.53946      0.241706E-01 -0.855479E-04  0.529924E-04   0.00000      0.416337E-02   74.1120       0.00000    
   5.58044      0.239065E-01 -0.825299E-04  0.547496E-04   0.00000      0.414276E-02   73.2200       0.00000    
   5.62173      0.236480E-01 -0.796094E-04  0.565302E-04   0.00000      0.412884E-02   72.3108       0.00000    
   5.66332      0.233957E-01 -0.768621E-04  0.583165E-04   0.00000      0.412388E-02   71.4059       0.00000    
   5.70522      0.231488E-01 -0.742900E-04  0.600925E-04   0.00000      0.412772E-02   70.5155       0.00000    
   5.74744      0.229077E-01 -0.717922E-04  0.618458E-04   0.00000      0.413650E-02   69.6283       0.00000    
   5.78996      0.226726E-01 -0.693668E-04  0.635714E-04   0.00000      0.414998E-02   68.7481       0.00000    
   5.83280      0.224432E-01 -0.671252E-04  0.652619E-04   0.00000      0.417147E-02   67.9032       0.00000    
   5.87595      0.222190E-01 -0.650511E-04  0.668845E-04   0.00000      0.419917E-02   67.1019       0.00000    
   5.91943      0.220008E-01 -0.630383E-04  0.683888E-04   0.00000      0.422757E-02   66.3344       0.00000    
   5.96322      0.217880E-01 -0.610565E-04  0.697567E-04   0.00000      0.425477E-02   65.5975       0.00000    
   6.00734      0.215810E-01 -0.590925E-04  0.709897E-04   0.00000      0.427997E-02   64.8872       0.00000    
   6.05179      0.213793E-01 -0.570475E-04  0.720520E-04   0.00000      0.429862E-02   64.1853       0.00000    
   6.09656      0.211831E-01 -0.548345E-04  0.728842E-04   0.00000      0.430569E-02   63.4780       0.00000    
   6.14167      0.209910E-01 -0.524858E-04  0.734485E-04   0.00000      0.430061E-02   62.7747       0.00000    
   6.18711      0.208031E-01 -0.500921E-04  0.737268E-04   0.00000      0.428464E-02   62.0967       0.00000    
   6.23289      0.206181E-01 -0.476858E-04  0.737027E-04   0.00000      0.425760E-02   61.4515       0.00000    
   6.27900      0.204216E-01 -0.454458E-04  0.733840E-04   0.00000      0.422673E-02   60.8847       0.00000    
   6.32546      0.202060E-01 -0.435201E-04  0.727917E-04   0.00000      0.419723E-02   60.4370       0.00000    
   6.37226      0.200038E-01 -0.417184E-04  0.719040E-04   0.00000      0.415571E-02   60.0611       0.00000    
   6.41940      0.198464E-01 -0.397732E-04  0.706743E-04   0.00000      0.408625E-02   59.6847       0.00000    
   6.46690      0.197394E-01 -0.375555E-04  0.690748E-04   0.00000      0.398311E-02   59.2663       0.00000    
   6.51474      0.196418E-01 -0.349931E-04  0.670885E-04   0.00000      0.385231E-02   58.7732       0.00000    
   6.56294      0.194767E-01 -0.319860E-04  0.647033E-04   0.00000      0.370584E-02   58.1527       0.00000    
   6.61150      0.192401E-01 -0.284583E-04  0.619169E-04   0.00000      0.354176E-02   57.3423       0.00000    
   6.66042      0.187456E-01 -0.243122E-04  0.587380E-04   0.00000      0.339123E-02   56.2426       0.00000    
   6.70970      0.177203E-01 -0.194347E-04  0.551896E-04   0.00000      0.330195E-02   54.6997       0.00000    
   6.75934      0.166273E-01 -0.137397E-04  0.513256E-04   0.00000      0.319552E-02   52.4933       0.00000    
   6.80935      0.160670E-01 -0.731418E-05  0.472890E-04   0.00000      0.297823E-02   49.3961       0.00000    
   6.85973      0.158278E-01 -0.241440E-06  0.433919E-04   0.00000      0.274154E-02   45.1594       0.00000    
   6.91048      0.156053E-01  0.752560E-05  0.399674E-04   0.00000      0.260615E-02   39.6682       0.00000    
   6.96161      0.153854E-01  0.156016E-04  0.370508E-04   0.00000      0.261298E-02   33.5824       0.00000    
   7.01312      0.151647E-01  0.229571E-04  0.343513E-04   0.00000      0.272450E-02   28.1225       0.00000    
   7.06500      0.149423E-01  0.281582E-04  0.314199E-04   0.00000      0.282361E-02   24.0668       0.00000    
   7.11728      0.147219E-01  0.295363E-04  0.279629E-04   0.00000      0.276277E-02   21.7163       0.00000    
   7.16993      0.145084E-01  0.257299E-04  0.242000E-04   0.00000      0.243461E-02   21.6225       0.00000    
   7.22298      0.143045E-01  0.164666E-04  0.207143E-04   0.00000      0.184990E-02   25.7588       0.00000    
   7.27642      0.141096E-01  0.377665E-05  0.181852E-04   0.00000      0.131635E-02   39.1339       0.00000    
   7.33026      0.139200E-01 -0.873416E-05  0.170899E-04   0.00000      0.137877E-02   58.5352       0.00000    
   7.38449      0.137359E-01 -0.192612E-04  0.172170E-04   0.00000      0.188080E-02   69.1037       0.00000    
   7.43913      0.135295E-01 -0.273826E-04  0.178725E-04   0.00000      0.241687E-02   73.4339       0.00000    
   7.49417      0.132658E-01 -0.322487E-04  0.185361E-04   0.00000      0.280393E-02   75.0552       0.00000    
   7.54961      0.129992E-01 -0.336438E-04  0.189890E-04   0.00000      0.297193E-02   75.2796       0.00000    
   7.60547      0.127984E-01 -0.326706E-04  0.192086E-04   0.00000      0.296124E-02   74.7734       0.00000    
   7.66174      0.126371E-01 -0.309342E-04  0.193238E-04   0.00000      0.288625E-02   74.0040       0.00000    
   7.71843      0.124795E-01 -0.291908E-04  0.194120E-04   0.00000      0.280909E-02   73.1880       0.00000    
   7.77553      0.123244E-01 -0.274535E-04  0.194742E-04   0.00000      0.273110E-02   72.3250       0.00000    
   7.83306      0.121716E-01 -0.257425E-04  0.195388E-04   0.00000      0.265519E-02   71.4006       0.00000    
   7.89102      0.120210E-01 -0.240820E-04  0.196231E-04   0.00000      0.258420E-02   70.4126       0.00000    
   7.94940      0.118724E-01 -0.224415E-04  0.197292E-04   0.00000      0.251682E-02   69.3400       0.00000    
   8.00821      0.117264E-01 -0.208036E-04  0.198605E-04   0.00000      0.245273E-02   68.1643       0.00000    
   8.06746      0.115821E-01 -0.191916E-04  0.200016E-04   0.00000      0.239332E-02   66.9081       0.00000    
   8.12715      0.114401E-01 -0.176107E-04  0.201307E-04   0.00000      0.233796E-02   65.5900       0.00000    
   8.18728      0.113003E-01 -0.160118E-04  0.202500E-04   0.00000      0.228450E-02   64.1668       0.00000    
   8.24786      0.111624E-01 -0.144093E-04  0.203690E-04   0.00000      0.223521E-02   62.6380       0.00000    
   8.30888      0.110265E-01 -0.128596E-04  0.204878E-04   0.00000      0.219372E-02   61.0576       0.00000    
   8.37035      0.108927E-01 -0.113448E-04  0.205931E-04   0.00000      0.215845E-02   59.4252       0.00000    
   8.43228      0.107609E-01 -0.983361E-05  0.206835E-04   0.00000      0.212827E-02   57.7140       0.00000    
   8.49467      0.106309E-01 -0.836084E-05  0.207891E-04   0.00000      0.210775E-02   55.9544       0.00000    
   8.55752      0.105029E-01 -0.692120E-05  0.209281E-04   0.00000      0.209874E-02   54.1499       0.00000    
   8.62083      0.103767E-01 -0.548691E-05  0.210856E-04   0.00000      0.209970E-02   52.2930       0.00000    
   8.68462      0.102523E-01 -0.408966E-05  0.212407E-04   0.00000      0.210985E-02   50.4492       0.00000    
   8.74887      0.101296E-01 -0.272172E-05  0.213818E-04   0.00000      0.212785E-02   48.6271       0.00000    
   8.81360      0.100089E-01 -0.133359E-05  0.215182E-04   0.00000      0.215403E-02   46.7732       0.00000    
   8.87881      0.988983E-02  0.626852E-07  0.216616E-04   0.00000      0.219030E-02   44.9171       0.00000    
   8.94450      0.977248E-02  0.139919E-05  0.218061E-04   0.00000      0.223597E-02   43.1643       0.00000    
   9.01068      0.965687E-02  0.268080E-05  0.219502E-04   0.00000      0.228991E-02   41.5185       0.00000    
   9.07734      0.954293E-02  0.398501E-05  0.220960E-04   0.00000      0.235278E-02   39.8883       0.00000    
   9.14450      0.943069E-02  0.530619E-05  0.222425E-04   0.00000      0.242471E-02   38.2911       0.00000    
   9.21216      0.931998E-02  0.657139E-05  0.223951E-04   0.00000      0.250423E-02   36.8234       0.00000    
   9.28032      0.921076E-02  0.780561E-05  0.225465E-04   0.00000      0.259039E-02   35.4521       0.00000    
   9.34898      0.910318E-02  0.907240E-05  0.226811E-04   0.00000      0.268349E-02   34.0993       0.00000    
   9.41815      0.899722E-02  0.103243E-04  0.228103E-04   0.00000      0.278286E-02   32.8239       0.00000    
   9.48783      0.889274E-02  0.115103E-04  0.229524E-04   0.00000      0.288739E-02   31.6835       0.00000    
   9.55803      0.878979E-02  0.126776E-04  0.231051E-04   0.00000      0.299832E-02   30.6233       0.00000    
   9.62875      0.868830E-02  0.138709E-04  0.232666E-04   0.00000      0.311771E-02   29.5989       0.00000    
   9.69999      0.858813E-02  0.150379E-04  0.234378E-04   0.00000      0.324253E-02   28.6577       0.00000    
   9.77175      0.848934E-02  0.161385E-04  0.236146E-04   0.00000      0.336923E-02   27.8254       0.00000    
   9.84405      0.839211E-02  0.172431E-04  0.237989E-04   0.00000      0.350198E-02   27.0377       0.00000    
   9.91688      0.829623E-02  0.183850E-04  0.239885E-04   0.00000      0.364304E-02   26.2665       0.00000    
   9.99025      0.820162E-02  0.194892E-04  0.241804E-04   0.00000      0.378665E-02   25.5658       0.00000    
   10.0642      0.810844E-02  0.205432E-04  0.243703E-04   0.00000      0.393093E-02   24.9352       0.00000    
   10.1386      0.801661E-02  0.216199E-04  0.245439E-04   0.00000      0.408004E-02   24.3122       0.00000    
   10.2136      0.792602E-02  0.227006E-04  0.247046E-04   0.00000      0.423295E-02   23.7104       0.00000    
   10.2892      0.783663E-02  0.237227E-04  0.248744E-04   0.00000      0.438620E-02   23.1788       0.00000    
   10.3653      0.774850E-02  0.247147E-04  0.250678E-04   0.00000      0.454313E-02   22.7032       0.00000    
   10.4420      0.766158E-02  0.257064E-04  0.252770E-04   0.00000      0.470556E-02   22.2587       0.00000    
   10.5193      0.757581E-02  0.266765E-04  0.254847E-04   0.00000      0.486987E-02   21.8456       0.00000    
   10.5971      0.749134E-02  0.276534E-04  0.256843E-04   0.00000      0.503797E-02   21.4429       0.00000    
   10.6755      0.740807E-02  0.286572E-04  0.258746E-04   0.00000      0.521188E-02   21.0394       0.00000    
   10.7545      0.732586E-02  0.296172E-04  0.260655E-04   0.00000      0.538553E-02   20.6752       0.00000    
   10.8341      0.724479E-02  0.305170E-04  0.262727E-04   0.00000      0.555825E-02   20.3629       0.00000    
   10.9142      0.716484E-02  0.314283E-04  0.264902E-04   0.00000      0.573679E-02   20.0633       0.00000    
   10.9950      0.708600E-02  0.323584E-04  0.267045E-04   0.00000      0.592078E-02   19.7660       0.00000    
   11.0763      0.700818E-02  0.332469E-04  0.269182E-04   0.00000      0.610399E-02   19.4976       0.00000    
   11.1583      0.693147E-02  0.340984E-04  0.271353E-04   0.00000      0.628695E-02   19.2563       0.00000    
   11.2408      0.685588E-02  0.349785E-04  0.273554E-04   0.00000      0.647694E-02   19.0138       0.00000    
   11.3240      0.678125E-02  0.358770E-04  0.275839E-04   0.00000      0.667358E-02   18.7774       0.00000    
   11.4078      0.670758E-02  0.367150E-04  0.278290E-04   0.00000      0.686835E-02   18.5805       0.00000    
   11.4922      0.663478E-02  0.375071E-04  0.280870E-04   0.00000      0.706246E-02   18.4138       0.00000    
   11.5772      0.656314E-02  0.383301E-04  0.283468E-04   0.00000      0.726378E-02   18.2423       0.00000    
   11.6629      0.649235E-02  0.391617E-04  0.286057E-04   0.00000      0.746981E-02   18.0732       0.00000    
   11.7492      0.642252E-02  0.399392E-04  0.288660E-04   0.00000      0.767279E-02   17.9288       0.00000    
   11.8361      0.635362E-02  0.407017E-04  0.291266E-04   0.00000      0.787737E-02   17.7940       0.00000    
   11.9237      0.628568E-02  0.414929E-04  0.293883E-04   0.00000      0.808922E-02   17.6545       0.00000    
   12.0119      0.621851E-02  0.422601E-04  0.296586E-04   0.00000      0.830245E-02   17.5308       0.00000    
   12.1007      0.615227E-02  0.429743E-04  0.299370E-04   0.00000      0.851293E-02   17.4310       0.00000    
   12.1903      0.608690E-02  0.437036E-04  0.302181E-04   0.00000      0.872911E-02   17.3306       0.00000    
   12.2805      0.602249E-02  0.444601E-04  0.305063E-04   0.00000      0.895306E-02   17.2280       0.00000    
   12.3713      0.595871E-02  0.451740E-04  0.308067E-04   0.00000      0.917623E-02   17.1461       0.00000    
   12.4629      0.589580E-02  0.458356E-04  0.311115E-04   0.00000      0.939601E-02   17.0836       0.00000    
   12.5551      0.583369E-02  0.465167E-04  0.314080E-04   0.00000      0.962123E-02   17.0136       0.00000    
   12.6480      0.577241E-02  0.472150E-04  0.317017E-04   0.00000      0.985213E-02   16.9394       0.00000    
   12.7415      0.571188E-02  0.478720E-04  0.320115E-04   0.00000      0.100823E-01   16.8851       0.00000    
   12.8358      0.565201E-02  0.485139E-04  0.323374E-04   0.00000      0.103155E-01   16.8429       0.00000    
   12.9308      0.559301E-02  0.492026E-04  0.326593E-04   0.00000      0.105588E-01   16.7876       0.00000    
   13.0264      0.553472E-02  0.498830E-04  0.329807E-04   0.00000      0.108045E-01   16.7355       0.00000    
   13.1228      0.547698E-02  0.504913E-04  0.333132E-04   0.00000      0.110445E-01   16.7081       0.00000    
   13.2199      0.542006E-02  0.510830E-04  0.336413E-04   0.00000      0.112850E-01   16.6837       0.00000    
   13.3177      0.536386E-02  0.516667E-04  0.339715E-04   0.00000      0.115280E-01   16.6627       0.00000    
   13.4163      0.530819E-02  0.522049E-04  0.343255E-04   0.00000      0.117703E-01   16.6628       0.00000    
   13.5155      0.525329E-02  0.527624E-04  0.346877E-04   0.00000      0.120198E-01   16.6611       0.00000    
   13.6155      0.519908E-02  0.533705E-04  0.350391E-04   0.00000      0.122800E-01   16.6430       0.00000    
   13.7162      0.514540E-02  0.539516E-04  0.353882E-04   0.00000      0.125398E-01   16.6310       0.00000    
   13.8177      0.509228E-02  0.544807E-04  0.357433E-04   0.00000      0.127957E-01   16.6339       0.00000    
   13.9200      0.503991E-02  0.550073E-04  0.360969E-04   0.00000      0.130545E-01   16.6368       0.00000    
   14.0229      0.498809E-02  0.555385E-04  0.364495E-04   0.00000      0.133180E-01   16.6383       0.00000    
   14.1267      0.493682E-02  0.560393E-04  0.368205E-04   0.00000      0.135823E-01   16.6534       0.00000    
   14.2312      0.488608E-02  0.565282E-04  0.372097E-04   0.00000      0.138507E-01   16.6775       0.00000    
   14.3365      0.483593E-02  0.570503E-04  0.375917E-04   0.00000      0.141279E-01   16.6909       0.00000    
   14.4426      0.478631E-02  0.575672E-04  0.379619E-04   0.00000      0.144072E-01   16.7012       0.00000    
   14.5494      0.473725E-02  0.580272E-04  0.383310E-04   0.00000      0.146803E-01   16.7237       0.00000    
   14.6571      0.468858E-02  0.584716E-04  0.386986E-04   0.00000      0.149550E-01   16.7490       0.00000    
   14.7655      0.464060E-02  0.589299E-04  0.390656E-04   0.00000      0.152356E-01   16.7705       0.00000    
   14.8748      0.459293E-02  0.593676E-04  0.394313E-04   0.00000      0.155172E-01   16.7958       0.00000    
   14.9848      0.454582E-02  0.597635E-04  0.397955E-04   0.00000      0.157949E-01   16.8295       0.00000    
   15.0957      0.449909E-02  0.601726E-04  0.401610E-04   0.00000      0.160797E-01   16.8602       0.00000    
   15.2074      0.445299E-02  0.606093E-04  0.405244E-04   0.00000      0.163730E-01   16.8837       0.00000    
   15.3199      0.440721E-02  0.610176E-04  0.408860E-04   0.00000      0.166657E-01   16.9124       0.00000    
   15.4332      0.436193E-02  0.613843E-04  0.412451E-04   0.00000      0.169544E-01   16.9489       0.00000    
   15.5474      0.431706E-02  0.617653E-04  0.415943E-04   0.00000      0.172490E-01   16.9787       0.00000    
   15.6625      0.427262E-02  0.621531E-04  0.419361E-04   0.00000      0.175484E-01   17.0042       0.00000    
   15.7783      0.422858E-02  0.624952E-04  0.422781E-04   0.00000      0.178435E-01   17.0392       0.00000    
   15.8951      0.418493E-02  0.628125E-04  0.426178E-04   0.00000      0.181379E-01   17.0783       0.00000    
   16.0127      0.414166E-02  0.631564E-04  0.429438E-04   0.00000      0.184403E-01   17.1071       0.00000    
   16.1311      0.409874E-02  0.635011E-04  0.432534E-04   0.00000      0.187454E-01   17.1303       0.00000    
   16.2505      0.405616E-02  0.637989E-04  0.435487E-04   0.00000      0.190439E-01   17.1586       0.00000    
   16.3707      0.401395E-02  0.640811E-04  0.438312E-04   0.00000      0.193419E-01   17.1860       0.00000    
   16.4918      0.397210E-02  0.643581E-04  0.441166E-04   0.00000      0.196438E-01   17.2150       0.00000    
   16.6139      0.393055E-02  0.645955E-04  0.444124E-04   0.00000      0.199438E-01   17.2552       0.00000    
   16.7368      0.388938E-02  0.648315E-04  0.446991E-04   0.00000      0.202468E-01   17.2925       0.00000    
   16.8606      0.384859E-02  0.650835E-04  0.449608E-04   0.00000      0.205539E-01   17.3187       0.00000    
   16.9854      0.380805E-02  0.652940E-04  0.452079E-04   0.00000      0.208550E-01   17.3489       0.00000    
   17.1110      0.376781E-02  0.654716E-04  0.454507E-04   0.00000      0.211532E-01   17.3843       0.00000    
   17.2376      0.372793E-02  0.656801E-04  0.456793E-04   0.00000      0.214604E-01   17.4089       0.00000    
   17.3652      0.368839E-02  0.659003E-04  0.458907E-04   0.00000      0.217722E-01   17.4260       0.00000    
   17.4936      0.364908E-02  0.660687E-04  0.460985E-04   0.00000      0.220772E-01   17.4524       0.00000    
   17.6231      0.361001E-02  0.661956E-04  0.463053E-04   0.00000      0.223777E-01   17.4868       0.00000    
   17.7535      0.357125E-02  0.663339E-04  0.464986E-04   0.00000      0.226834E-01   17.5148       0.00000    
   17.8848      0.353285E-02  0.664660E-04  0.466722E-04   0.00000      0.229888E-01   17.5382       0.00000    
   18.0171      0.349463E-02  0.665491E-04  0.468262E-04   0.00000      0.232850E-01   17.5658       0.00000    
   18.1504      0.345667E-02  0.666183E-04  0.469577E-04   0.00000      0.235790E-01   17.5896       0.00000    
   18.2847      0.341905E-02  0.667186E-04  0.470716E-04   0.00000      0.238816E-01   17.6020       0.00000    
   18.4200      0.338164E-02  0.667989E-04  0.471775E-04   0.00000      0.241832E-01   17.6160       0.00000    
   18.5563      0.334444E-02  0.668157E-04  0.472745E-04   0.00000      0.244731E-01   17.6404       0.00000    
   18.6936      0.330753E-02  0.668271E-04  0.473572E-04   0.00000      0.247635E-01   17.6617       0.00000    
   18.8319      0.327094E-02  0.668554E-04  0.474235E-04   0.00000      0.250592E-01   17.6749       0.00000    
   18.9712      0.323456E-02  0.668404E-04  0.474804E-04   0.00000      0.253474E-01   17.6941       0.00000    
   19.1116      0.319838E-02  0.667784E-04  0.475307E-04   0.00000      0.256275E-01   17.7210       0.00000    
   19.2530      0.316244E-02  0.667336E-04  0.475640E-04   0.00000      0.259133E-01   17.7396       0.00000    
   19.3954      0.312681E-02  0.667003E-04  0.475807E-04   0.00000      0.262030E-01   17.7511       0.00000    
   19.5389      0.309135E-02  0.666217E-04  0.475871E-04   0.00000      0.264842E-01   17.7689       0.00000    
   19.6835      0.305612E-02  0.665088E-04  0.475766E-04   0.00000      0.267574E-01   17.7889       0.00000    
   19.8291      0.302117E-02  0.664192E-04  0.475420E-04   0.00000      0.270361E-01   17.7973       0.00000    
   19.9758      0.298645E-02  0.663361E-04  0.474889E-04   0.00000      0.273175E-01   17.7991       0.00000    
   20.1236      0.295193E-02  0.662058E-04  0.474235E-04   0.00000      0.275881E-01   17.8071       0.00000    
   20.2725      0.291766E-02  0.660603E-04  0.473391E-04   0.00000      0.278548E-01   17.8128       0.00000    
   20.4225      0.288368E-02  0.659397E-04  0.472368E-04   0.00000      0.281284E-01   17.8082       0.00000    
   20.5736      0.284992E-02  0.657819E-04  0.471349E-04   0.00000      0.283957E-01   17.8114       0.00000    
   20.7258      0.281631E-02  0.655475E-04  0.470382E-04   0.00000      0.286469E-01   17.8320       0.00000    
   20.8792      0.278300E-02  0.653064E-04  0.469303E-04   0.00000      0.288969E-01   17.8508       0.00000    
   21.0336      0.274992E-02  0.650875E-04  0.468015E-04   0.00000      0.291526E-01   17.8591       0.00000    
   21.1893      0.271706E-02  0.648531E-04  0.466505E-04   0.00000      0.294025E-01   17.8642       0.00000    
   21.3460      0.268447E-02  0.646050E-04  0.464823E-04   0.00000      0.296479E-01   17.8672       0.00000    
   21.5040      0.265208E-02  0.643487E-04  0.463111E-04   0.00000      0.298938E-01   17.8711       0.00000    
   21.6631      0.261990E-02  0.640644E-04  0.461381E-04   0.00000      0.301344E-01   17.8804       0.00000    
   21.8233      0.258797E-02  0.637651E-04  0.459474E-04   0.00000      0.303693E-01   17.8877       0.00000    
   21.9848      0.255634E-02  0.634785E-04  0.457300E-04   0.00000      0.306045E-01   17.8845       0.00000    
   22.1475      0.252493E-02  0.631765E-04  0.455001E-04   0.00000      0.308349E-01   17.8808       0.00000    
   22.3113      0.249371E-02  0.628338E-04  0.452700E-04   0.00000      0.310555E-01   17.8858       0.00000    
   22.4764      0.246273E-02  0.624852E-04  0.450328E-04   0.00000      0.312750E-01   17.8901       0.00000    
   22.6427      0.243202E-02  0.621570E-04  0.447862E-04   0.00000      0.315011E-01   17.8870       0.00000    
   22.8102      0.240156E-02  0.618134E-04  0.445355E-04   0.00000      0.317235E-01   17.8860       0.00000    
   22.9790      0.237129E-02  0.614214E-04  0.442796E-04   0.00000      0.319313E-01   17.8942       0.00000    
   23.1490      0.234128E-02  0.610131E-04  0.440134E-04   0.00000      0.321327E-01   17.9029       0.00000    
   23.3203      0.231154E-02  0.606236E-04  0.437271E-04   0.00000      0.323369E-01   17.9012       0.00000    
   23.4928      0.228203E-02  0.602208E-04  0.434253E-04   0.00000      0.325345E-01   17.8977       0.00000    
   23.6666      0.225277E-02  0.597868E-04  0.431232E-04   0.00000      0.327225E-01   17.9011       0.00000    
   23.8417      0.222378E-02  0.593709E-04  0.428167E-04   0.00000      0.329168E-01   17.8991       0.00000    
   24.0181      0.219505E-02  0.589644E-04  0.425017E-04   0.00000      0.331134E-01   17.8921       0.00000    
   24.1958      0.216651E-02  0.585090E-04  0.421841E-04   0.00000      0.332933E-01   17.8955       0.00000    
   24.3748      0.213819E-02  0.580214E-04  0.418612E-04   0.00000      0.334610E-01   17.9048       0.00000    
   24.5552      0.211017E-02  0.575583E-04  0.415269E-04   0.00000      0.336346E-01   17.9048       0.00000    
   24.7368      0.208241E-02  0.571070E-04  0.411814E-04   0.00000      0.338103E-01   17.8982       0.00000    
   24.9199      0.205489E-02  0.566265E-04  0.408305E-04   0.00000      0.339736E-01   17.8967       0.00000    
   25.1042      0.202760E-02  0.561359E-04  0.404774E-04   0.00000      0.341327E-01   17.8969       0.00000    
   25.2900      0.200059E-02  0.556683E-04  0.401191E-04   0.00000      0.342990E-01   17.8898       0.00000    
   25.4771      0.197387E-02  0.551920E-04  0.397572E-04   0.00000      0.344604E-01   17.8834       0.00000    
   25.6656      0.194735E-02  0.546812E-04  0.393980E-04   0.00000      0.346091E-01   17.8864       0.00000    
   25.8555      0.192109E-02  0.541706E-04  0.390351E-04   0.00000      0.347562E-01   17.8882       0.00000    
   26.0468      0.189509E-02  0.536581E-04  0.386666E-04   0.00000      0.349000E-01   17.8885       0.00000    
   26.2395      0.186931E-02  0.531260E-04  0.382983E-04   0.00000      0.350351E-01   17.8938       0.00000    
   26.4336      0.184385E-02  0.526075E-04  0.379253E-04   0.00000      0.351725E-01   17.8941       0.00000    
   26.6292      0.181863E-02  0.521092E-04  0.375457E-04   0.00000      0.353159E-01   17.8867       0.00000    
   26.8262      0.179364E-02  0.515872E-04  0.371614E-04   0.00000      0.354465E-01   17.8838       0.00000    
   27.0247      0.176887E-02  0.510444E-04  0.367684E-04   0.00000      0.355640E-01   17.8830       0.00000    
   27.2246      0.174438E-02  0.505228E-04  0.363670E-04   0.00000      0.356862E-01   17.8734       0.00000    
   27.4261      0.172018E-02  0.500096E-04  0.359696E-04   0.00000      0.358111E-01   17.8628       0.00000    
   27.6290      0.169621E-02  0.494648E-04  0.355846E-04   0.00000      0.359240E-01   17.8655       0.00000    
   27.8334      0.167249E-02  0.489084E-04  0.352026E-04   0.00000      0.360301E-01   17.8725       0.00000    
   28.0393      0.164904E-02  0.483768E-04  0.348161E-04   0.00000      0.361439E-01   17.8710       0.00000    
   28.2468      0.162585E-02  0.478421E-04  0.344290E-04   0.00000      0.362534E-01   17.8701       0.00000    
   28.4558      0.160287E-02  0.472811E-04  0.340390E-04   0.00000      0.363471E-01   17.8756       0.00000    
   28.6663      0.158017E-02  0.467316E-04  0.336412E-04   0.00000      0.364399E-01   17.8747       0.00000    
   28.8784      0.155774E-02  0.462131E-04  0.332403E-04   0.00000      0.365440E-01   17.8634       0.00000    
   29.0921      0.153555E-02  0.456838E-04  0.328460E-04   0.00000      0.366423E-01   17.8578       0.00000    
   29.3073      0.151356E-02  0.451268E-04  0.324591E-04   0.00000      0.367266E-01   17.8635       0.00000    
   29.5241      0.149186E-02  0.445848E-04  0.320680E-04   0.00000      0.368129E-01   17.8630       0.00000    
   29.7426      0.147042E-02  0.440650E-04  0.316702E-04   0.00000      0.369046E-01   17.8527       0.00000    
   29.9626      0.144922E-02  0.435299E-04  0.312752E-04   0.00000      0.369857E-01   17.8482       0.00000    
   30.1843      0.142823E-02  0.429785E-04  0.308856E-04   0.00000      0.370565E-01   17.8511       0.00000    
   30.4076      0.140753E-02  0.424424E-04  0.304977E-04   0.00000      0.371312E-01   17.8499       0.00000    
   30.6326      0.138708E-02  0.419171E-04  0.301136E-04   0.00000      0.372097E-01   17.8469       0.00000    
   30.8592      0.136685E-02  0.413745E-04  0.297360E-04   0.00000      0.372769E-01   17.8525       0.00000    
   31.0876      0.134684E-02  0.408261E-04  0.293589E-04   0.00000      0.373364E-01   17.8604       0.00000    
   31.3176      0.132711E-02  0.402973E-04  0.289752E-04   0.00000      0.373993E-01   17.8587       0.00000    
   31.5493      0.130762E-02  0.397762E-04  0.285912E-04   0.00000      0.374618E-01   17.8543       0.00000    
   31.7827      0.128832E-02  0.392470E-04  0.282150E-04   0.00000      0.375189E-01   17.8563       0.00000    
   32.0178      0.126930E-02  0.387311E-04  0.278402E-04   0.00000      0.375787E-01   17.8544       0.00000    
   32.2547      0.125054E-02  0.382399E-04  0.274605E-04   0.00000      0.376465E-01   17.8413       0.00000    
   32.4934      0.123199E-02  0.377387E-04  0.270822E-04   0.00000      0.377036E-01   17.8321       0.00000    
   32.7338      0.121365E-02  0.372167E-04  0.267128E-04   0.00000      0.377464E-01   17.8347       0.00000    
   32.9760      0.119555E-02  0.367027E-04  0.263498E-04   0.00000      0.377918E-01   17.8378       0.00000    
   33.2199      0.117768E-02  0.361880E-04  0.259876E-04   0.00000      0.378308E-01   17.8415       0.00000    
   33.4657      0.116002E-02  0.356698E-04  0.256242E-04   0.00000      0.378612E-01   17.8462       0.00000    
   33.7133      0.114262E-02  0.351779E-04  0.252604E-04   0.00000      0.379022E-01   17.8406       0.00000    
   33.9628      0.112546E-02  0.346963E-04  0.249000E-04   0.00000      0.379460E-01   17.8327       0.00000    
   34.2140      0.110848E-02  0.341925E-04  0.245468E-04   0.00000      0.379719E-01   17.8373       0.00000    
   34.4672      0.109172E-02  0.336875E-04  0.241997E-04   0.00000      0.379938E-01   17.8459       0.00000    
   34.7222      0.107521E-02  0.332101E-04  0.238544E-04   0.00000      0.380293E-01   17.8446       0.00000    
   34.9791      0.105891E-02  0.327383E-04  0.235087E-04   0.00000      0.380622E-01   17.8407       0.00000    
   35.2379      0.104280E-02  0.322503E-04  0.231653E-04   0.00000      0.380781E-01   17.8448       0.00000    
   35.4986      0.102690E-02  0.317685E-04  0.228244E-04   0.00000      0.380929E-01   17.8479       0.00000    
   35.7612      0.101124E-02  0.313104E-04  0.224856E-04   0.00000      0.381196E-01   17.8420       0.00000    
   36.0258      0.995783E-03  0.308521E-04  0.221514E-04   0.00000      0.381416E-01   17.8389       0.00000    
   36.2924      0.980511E-03  0.303805E-04  0.218193E-04   0.00000      0.381474E-01   17.8430       0.00000    
   36.5609      0.965456E-03  0.299225E-04  0.214853E-04   0.00000      0.381552E-01   17.8398       0.00000    
   36.8314      0.950625E-03  0.294875E-04  0.211547E-04   0.00000      0.381759E-01   17.8281       0.00000    
   37.1039      0.935980E-03  0.290469E-04  0.208347E-04   0.00000      0.381914E-01   17.8255       0.00000    
   37.3784      0.921518E-03  0.285928E-04  0.205232E-04   0.00000      0.381934E-01   17.8349       0.00000    
   37.6550      0.907264E-03  0.281491E-04  0.202140E-04   0.00000      0.381974E-01   17.8411       0.00000    
   37.9336      0.893217E-03  0.277159E-04  0.199054E-04   0.00000      0.382026E-01   17.8428       0.00000    
   38.2142      0.879364E-03  0.272792E-04  0.195980E-04   0.00000      0.381972E-01   17.8472       0.00000    
   38.4969      0.865701E-03  0.268493E-04  0.192937E-04   0.00000      0.381916E-01   17.8504       0.00000    
   38.7818      0.852238E-03  0.264369E-04  0.189943E-04   0.00000      0.381970E-01   17.8482       0.00000    
   39.0687      0.838968E-03  0.260281E-04  0.186995E-04   0.00000      0.382004E-01   17.8474       0.00000    
   39.3578      0.825857E-03  0.256121E-04  0.184076E-04   0.00000      0.381915E-01   17.8525       0.00000    
   39.6490      0.812934E-03  0.252009E-04  0.181179E-04   0.00000      0.381799E-01   17.8570       0.00000    
   39.9423      0.800205E-03  0.248039E-04  0.178315E-04   0.00000      0.381755E-01   17.8562       0.00000    
   40.2378      0.787642E-03  0.244089E-04  0.175494E-04   0.00000      0.381683E-01   17.8576       0.00000    
   40.5355      0.775254E-03  0.240094E-04  0.172713E-04   0.00000      0.381503E-01   17.8648       0.00000    
   40.8354      0.763051E-03  0.236225E-04  0.169947E-04   0.00000      0.381371E-01   17.8661       0.00000    
   41.1376      0.751032E-03  0.232517E-04  0.167198E-04   0.00000      0.381329E-01   17.8596       0.00000    
   41.4419      0.739164E-03  0.228768E-04  0.164500E-04   0.00000      0.381202E-01   17.8594       0.00000    
   41.7485      0.727463E-03  0.225002E-04  0.161846E-04   0.00000      0.381002E-01   17.8639       0.00000    
   42.0574      0.715950E-03  0.221362E-04  0.159228E-04   0.00000      0.380865E-01   17.8639       0.00000    
   42.3686      0.704591E-03  0.217702E-04  0.156681E-04   0.00000      0.380678E-01   17.8714       0.00000    
   42.6821      0.693396E-03  0.214014E-04  0.154183E-04   0.00000      0.380403E-01   17.8851       0.00000    
   42.9978      0.682379E-03  0.210486E-04  0.151668E-04   0.00000      0.380194E-01   17.8875       0.00000    
   43.3160      0.671520E-03  0.207024E-04  0.149151E-04   0.00000      0.379968E-01   17.8855       0.00000    
   43.6365      0.660803E-03  0.203528E-04  0.146688E-04   0.00000      0.379661E-01   17.8906       0.00000    
   43.9593      0.650242E-03  0.200127E-04  0.144293E-04   0.00000      0.379430E-01   17.8959       0.00000    
   44.2845      0.639845E-03  0.196880E-04  0.141940E-04   0.00000      0.379329E-01   17.8948       0.00000    
   44.6122      0.629596E-03  0.193623E-04  0.139609E-04   0.00000      0.379141E-01   17.8965       0.00000    
   44.9423      0.619481E-03  0.190280E-04  0.137307E-04   0.00000      0.378781E-01   17.9072       0.00000    
   45.2748      0.609528E-03  0.187014E-04  0.135035E-04   0.00000      0.378440E-01   17.9158       0.00000    
   45.6097      0.599734E-03  0.183853E-04  0.132784E-04   0.00000      0.378150E-01   17.9189       0.00000    
   45.9472      0.590072E-03  0.180665E-04  0.130568E-04   0.00000      0.377764E-01   17.9280       0.00000    
   46.2871      0.580544E-03  0.177494E-04  0.128397E-04   0.00000      0.377346E-01   17.9408       0.00000    
   46.6296      0.571172E-03  0.174446E-04  0.126233E-04   0.00000      0.376995E-01   17.9452       0.00000    
   46.9746      0.561945E-03  0.171465E-04  0.124093E-04   0.00000      0.376653E-01   17.9471       0.00000    
   47.3221      0.552839E-03  0.168457E-04  0.122024E-04   0.00000      0.376256E-01   17.9591       0.00000    
   47.6723      0.543870E-03  0.165470E-04  0.119986E-04   0.00000      0.375815E-01   17.9733       0.00000    
   48.0250      0.535055E-03  0.162613E-04  0.117939E-04   0.00000      0.375438E-01   17.9762       0.00000    
   48.3803      0.526374E-03  0.159808E-04  0.115912E-04   0.00000      0.375053E-01   17.9771       0.00000    
   48.7382      0.517808E-03  0.156934E-04  0.113932E-04   0.00000      0.374520E-01   17.9896       0.00000    
   49.0988      0.509368E-03  0.154101E-04  0.111988E-04   0.00000      0.373983E-01   18.0033       0.00000    
   49.4621      0.501060E-03  0.151414E-04  0.110044E-04   0.00000      0.373566E-01   18.0044       0.00000    
   49.8281      0.492874E-03  0.148781E-04  0.108106E-04   0.00000      0.373136E-01   18.0013       0.00000    
   50.1967      0.484804E-03  0.146158E-04  0.106195E-04   0.00000      0.372653E-01   18.0006       0.00000    
   50.5681      0.476860E-03  0.143612E-04  0.104310E-04   0.00000      0.372218E-01   17.9960       0.00000    
   50.9423      0.469044E-03  0.141096E-04  0.102469E-04   0.00000      0.371776E-01   17.9942       0.00000    
   51.3192      0.461335E-03  0.138529E-04  0.100682E-04   0.00000      0.371209E-01   18.0048       0.00000    
   51.6988      0.453744E-03  0.135989E-04  0.989203E-05   0.00000      0.370608E-01   18.0163       0.00000    
   52.0813      0.446273E-03  0.133562E-04  0.971743E-05   0.00000      0.370113E-01   18.0191       0.00000    
   52.4667      0.438910E-03  0.131149E-04  0.954576E-05   0.00000      0.369576E-01   18.0246       0.00000    
   52.8549      0.431656E-03  0.128732E-04  0.937582E-05   0.00000      0.368943E-01   18.0333       0.00000    
   53.2459      0.424519E-03  0.126394E-04  0.920686E-05   0.00000      0.368349E-01   18.0353       0.00000    
   53.6399      0.417494E-03  0.124093E-04  0.904085E-05   0.00000      0.367752E-01   18.0377       0.00000    
   54.0367      0.410571E-03  0.121780E-04  0.887891E-05   0.00000      0.367077E-01   18.0478       0.00000    
   54.4365      0.403754E-03  0.119500E-04  0.872121E-05   0.00000      0.366412E-01   18.0611       0.00000    
   54.8393      0.397048E-03  0.117294E-04  0.856723E-05   0.00000      0.365826E-01   18.0723       0.00000    
   55.2450      0.390435E-03  0.115117E-04  0.841558E-05   0.00000      0.365228E-01   18.0843       0.00000    
   55.6538      0.383914E-03  0.112946E-04  0.826553E-05   0.00000      0.364561E-01   18.0985       0.00000    
   56.0655      0.377500E-03  0.110849E-04  0.811689E-05   0.00000      0.363946E-01   18.1067       0.00000    
   56.4803      0.371188E-03  0.108831E-04  0.797140E-05   0.00000      0.363433E-01   18.1106       0.00000    
   56.8982      0.364969E-03  0.106800E-04  0.783037E-05   0.00000      0.362854E-01   18.1240       0.00000    
   57.3192      0.358840E-03  0.104767E-04  0.769024E-05   0.00000      0.362173E-01   18.1399       0.00000    
   57.7433      0.352817E-03  0.102815E-04  0.754904E-05   0.00000      0.361528E-01   18.1437       0.00000    
   58.1705      0.346887E-03  0.100910E-04  0.741134E-05   0.00000      0.360931E-01   18.1477       0.00000    
   58.6009      0.341039E-03  0.989971E-05  0.728112E-05   0.00000      0.360340E-01   18.1670       0.00000    
   59.0344      0.335279E-03  0.971188E-05  0.715595E-05   0.00000      0.359805E-01   18.1918       0.00000    
   59.4712      0.329614E-03  0.953236E-05  0.703015E-05   0.00000      0.359340E-01   18.2044       0.00000    
   59.9112      0.324038E-03  0.935554E-05  0.690383E-05   0.00000      0.358818E-01   18.2125       0.00000    
   60.3545      0.318542E-03  0.917603E-05  0.678243E-05   0.00000      0.358212E-01   18.2349       0.00000    
   60.8010      0.313131E-03  0.900161E-05  0.666664E-05   0.00000      0.357725E-01   18.2619       0.00000    
   61.2509      0.307808E-03  0.883571E-05  0.655311E-05   0.00000      0.357385E-01   18.2815       0.00000    
   61.7040      0.302561E-03  0.866948E-05  0.644153E-05   0.00000      0.356973E-01   18.3064       0.00000    
   62.1606      0.297396E-03  0.850169E-05  0.633257E-05   0.00000      0.356460E-01   18.3405       0.00000    
   62.6205      0.292313E-03  0.834151E-05  0.622581E-05   0.00000      0.356081E-01   18.3682       0.00000    
   63.0838      0.287313E-03  0.818988E-05  0.612096E-05   0.00000      0.355866E-01   18.3869       0.00000    
   63.5505      0.282380E-03  0.803817E-05  0.601801E-05   0.00000      0.355597E-01   18.4107       0.00000    
   64.0207      0.277517E-03  0.788529E-05  0.591765E-05   0.00000      0.355251E-01   18.4435       0.00000    
   64.4944      0.272737E-03  0.773828E-05  0.581941E-05   0.00000      0.355004E-01   18.4721       0.00000    
   64.9715      0.268032E-03  0.759535E-05  0.572340E-05   0.00000      0.354821E-01   18.4998       0.00000    
   65.4522      0.263397E-03  0.745043E-05  0.563208E-05   0.00000      0.354585E-01   18.5435       0.00000    
   65.9365      0.258832E-03  0.730665E-05  0.554476E-05   0.00000      0.354373E-01   18.5968       0.00000    
   66.4243      0.254340E-03  0.716701E-05  0.545850E-05   0.00000      0.354209E-01   18.6467       0.00000    
   66.9158      0.249914E-03  0.702867E-05  0.537422E-05   0.00000      0.354036E-01   18.7010       0.00000    
   67.4109      0.245559E-03  0.689446E-05  0.529353E-05   0.00000      0.353978E-01   18.7584       0.00000    
   67.9096      0.241274E-03  0.676748E-05  0.521552E-05   0.00000      0.354122E-01   18.8102       0.00000    
   68.4121      0.237049E-03  0.664084E-05  0.513992E-05   0.00000      0.354255E-01   18.8697       0.00000    
   68.9182      0.232883E-03  0.651224E-05  0.506603E-05   0.00000      0.354284E-01   18.9401       0.00000    
   69.4281      0.228784E-03  0.638750E-05  0.499250E-05   0.00000      0.354356E-01   19.0057       0.00000    
   69.9418      0.224747E-03  0.626687E-05  0.492081E-05   0.00000      0.354529E-01   19.0697       0.00000    
   70.4593      0.220769E-03  0.614684E-05  0.485324E-05   0.00000      0.354752E-01   19.1464       0.00000    
   70.9806      0.216848E-03  0.602818E-05  0.478931E-05   0.00000      0.355047E-01   19.2333       0.00000    
   71.5057      0.212989E-03  0.591330E-05  0.472719E-05   0.00000      0.355444E-01   19.3197       0.00000    
   72.0348      0.209189E-03  0.580012E-05  0.466729E-05   0.00000      0.355889E-01   19.4116       0.00000    
   72.5677      0.205440E-03  0.568499E-05  0.461072E-05   0.00000      0.356294E-01   19.5216       0.00000    
   73.1046      0.201743E-03  0.557015E-05  0.455688E-05   0.00000      0.356724E-01   19.6431       0.00000    
   73.6455      0.198101E-03  0.545943E-05  0.450566E-05   0.00000      0.357323E-01   19.7664       0.00000    
   74.1904      0.194510E-03  0.534994E-05  0.445736E-05   0.00000      0.358000E-01   19.8999       0.00000    
   74.7393      0.190963E-03  0.523914E-05  0.441248E-05   0.00000      0.358694E-01   20.0523       0.00000    
   75.2923      0.187466E-03  0.513054E-05  0.437115E-05   0.00000      0.359539E-01   20.2153       0.00000    
   75.8493      0.184018E-03  0.502532E-05  0.433203E-05   0.00000      0.360552E-01   20.3813       0.00000    
   76.4105      0.180613E-03  0.491925E-05  0.429433E-05   0.00000      0.361543E-01   20.5599       0.00000    
   76.9758      0.177254E-03  0.481110E-05  0.425865E-05   0.00000      0.362484E-01   20.7572       0.00000    
   77.5454      0.173941E-03  0.470539E-05  0.422543E-05   0.00000      0.363579E-01   20.9619       0.00000    
   78.1191      0.170672E-03  0.460220E-05  0.419423E-05   0.00000      0.364834E-01   21.1723       0.00000    
   78.6971      0.167434E-03  0.449631E-05  0.416403E-05   0.00000      0.366012E-01   21.4014       0.00000    
   79.2793      0.164232E-03  0.438839E-05  0.413438E-05   0.00000      0.367114E-01   21.6464       0.00000    
   79.8659      0.161072E-03  0.428319E-05  0.410511E-05   0.00000      0.368330E-01   21.8919       0.00000    
   80.4568      0.157949E-03  0.417887E-05  0.407614E-05   0.00000      0.369588E-01   22.1435       0.00000    
   81.0521      0.154860E-03  0.407157E-05  0.404731E-05   0.00000      0.370717E-01   22.4144       0.00000    
   81.6517      0.151803E-03  0.396360E-05  0.401736E-05   0.00000      0.371765E-01   22.6930       0.00000    
   82.2558      0.148780E-03  0.385575E-05  0.398513E-05   0.00000      0.372703E-01   22.9726       0.00000    
   82.8644      0.145788E-03  0.374434E-05  0.394992E-05   0.00000      0.373324E-01   23.2652       0.00000    
   83.4775      0.142827E-03  0.363071E-05  0.391061E-05   0.00000      0.373613E-01   23.5628       0.00000    
   84.0951      0.139899E-03  0.351896E-05  0.386648E-05   0.00000      0.373703E-01   23.8470       0.00000    
   84.7173      0.136999E-03  0.340655E-05  0.381719E-05   0.00000      0.373447E-01   24.1268       0.00000    
   85.3441      0.134123E-03  0.329086E-05  0.376207E-05   0.00000      0.372664E-01   24.4111       0.00000    
   85.9755      0.131275E-03  0.317493E-05  0.370014E-05   0.00000      0.371402E-01   24.6843       0.00000    
   86.6116      0.128453E-03  0.306045E-05  0.363098E-05   0.00000      0.369685E-01   24.9367       0.00000    
   87.2525      0.125655E-03  0.294526E-05  0.355549E-05   0.00000      0.367429E-01   25.1813       0.00000    
   87.8980      0.122880E-03  0.283061E-05  0.347387E-05   0.00000      0.364673E-01   25.4129       0.00000    
   88.5483      0.120126E-03  0.272050E-05  0.338484E-05   0.00000      0.361504E-01   25.6050       0.00000    
   89.2035      0.117393E-03  0.261425E-05  0.328714E-05   0.00000      0.357770E-01   25.7525       0.00000    
   89.8635      0.114673E-03  0.251101E-05  0.318021E-05   0.00000      0.353353E-01   25.8531       0.00000    
   90.5283      0.111973E-03  0.241420E-05  0.306369E-05   0.00000      0.348349E-01   25.8809       0.00000    
   91.1981      0.109289E-03  0.232726E-05  0.293692E-05   0.00000      0.342872E-01   25.8030       0.00000    
   91.8729      0.106621E-03  0.225072E-05  0.280006E-05   0.00000      0.336941E-01   25.6037       0.00000    
   92.5526      0.103961E-03  0.218532E-05  0.265415E-05   0.00000      0.330705E-01   25.2666       0.00000    
   93.2374      0.101311E-03  0.213477E-05  0.249951E-05   0.00000      0.324453E-01   24.7501       0.00000    
   93.9272      0.986722E-04  0.210219E-05  0.233549E-05   0.00000      0.318453E-01   24.0048       0.00000    
   94.6221      0.960385E-04  0.208727E-05  0.216159E-05   0.00000      0.312881E-01   23.0011       0.00000    
   95.3222      0.934096E-04  0.209106E-05  0.197790E-05   0.00000      0.308137E-01   21.7035       0.00000    
   96.0275      0.907859E-04  0.211808E-05  0.178481E-05   0.00000      0.305092E-01   20.0596       0.00000    
   96.7379      0.881668E-04  0.217112E-05  0.158370E-05   0.00000      0.304803E-01   18.0542       0.00000    
   97.4537      0.855507E-04  0.224986E-05  0.137589E-05   0.00000      0.308265E-01   15.7238       0.00000    
   98.1747      0.829350E-04  0.235643E-05  0.116194E-05   0.00000      0.316794E-01   13.1238       0.00000    
   98.9010      0.803313E-04  0.250127E-05  0.942597E-06   0.00000      0.332745E-01   10.3244       0.00000    
   99.6328      0.777539E-04  0.268328E-05  0.719646E-06   0.00000      0.357295E-01   7.50660       0.00000    
