   1.20444      0.111633      0.230985E-02  0.178438E-03   0.00000      0.207531E-01   2.20868       0.00000    
   1.21335      0.110015      0.227789E-02  0.176730E-03   0.00000      0.207675E-01   2.21820       0.00000    
   1.22233      0.108420      0.224639E-02  0.175049E-03   0.00000      0.207821E-01   2.22786       0.00000    
   1.23137      0.106851      0.221542E-02  0.173399E-03   0.00000      0.207971E-01   2.23768       0.00000    
   1.24048      0.105302      0.218487E-02  0.171772E-03   0.00000      0.208126E-01   2.24764       0.00000    
   1.24966      0.103779      0.215483E-02  0.170173E-03   0.00000      0.208283E-01   2.25772       0.00000    
   1.25891      0.102275      0.212518E-02  0.168596E-03   0.00000      0.208443E-01   2.26795       0.00000    
   1.26822      0.100796      0.209603E-02  0.167047E-03   0.00000      0.208608E-01   2.27834       0.00000    
   1.27760      0.993374E-01  0.206732E-02  0.165526E-03   0.00000      0.208777E-01   2.28889       0.00000    
   1.28706      0.978989E-01  0.203901E-02  0.164029E-03   0.00000      0.208950E-01   2.29964       0.00000    
   1.29658      0.964842E-01  0.201117E-02  0.162564E-03   0.00000      0.209125E-01   2.31060       0.00000    
   1.30617      0.950897E-01  0.198370E-02  0.161123E-03   0.00000      0.209301E-01   2.32178       0.00000    
   1.31583      0.937150E-01  0.195662E-02  0.159704E-03   0.00000      0.209478E-01   2.33313       0.00000    
   1.32557      0.923610E-01  0.192992E-02  0.158306E-03   0.00000      0.209656E-01   2.34466       0.00000    
   1.33538      0.910264E-01  0.190364E-02  0.156932E-03   0.00000      0.209840E-01   2.35635       0.00000    
   1.34526      0.897062E-01  0.187771E-02  0.155579E-03   0.00000      0.210035E-01   2.36824       0.00000    
   1.35521      0.884088E-01  0.185219E-02  0.154253E-03   0.00000      0.210229E-01   2.38034       0.00000    
   1.36524      0.871298E-01  0.182700E-02  0.152947E-03   0.00000      0.210421E-01   2.39267       0.00000    
   1.37534      0.858721E-01  0.180224E-02  0.151667E-03   0.00000      0.210617E-01   2.40519       0.00000    
   1.38551      0.846330E-01  0.177784E-02  0.150411E-03   0.00000      0.210815E-01   2.41795       0.00000    
   1.39576      0.834108E-01  0.175377E-02  0.149177E-03   0.00000      0.211016E-01   2.43097       0.00000    
   1.40609      0.822063E-01  0.173005E-02  0.147965E-03   0.00000      0.211220E-01   2.44420       0.00000    
   1.41649      0.810217E-01  0.170671E-02  0.146776E-03   0.00000      0.211426E-01   2.45765       0.00000    
   1.42697      0.798525E-01  0.168369E-02  0.145608E-03   0.00000      0.211637E-01   2.47137       0.00000    
   1.43753      0.787004E-01  0.166102E-02  0.144464E-03   0.00000      0.211853E-01   2.48534       0.00000    
   1.44817      0.775669E-01  0.163871E-02  0.143342E-03   0.00000      0.212071E-01   2.49953       0.00000    
   1.45888      0.764500E-01  0.161672E-02  0.142240E-03   0.00000      0.212292E-01   2.51398       0.00000    
   1.46968      0.753485E-01  0.159502E-02  0.141161E-03   0.00000      0.212514E-01   2.52877       0.00000    
   1.48055      0.742653E-01  0.157366E-02  0.140104E-03   0.00000      0.212735E-01   2.54383       0.00000    
   1.49150      0.731950E-01  0.155258E-02  0.139064E-03   0.00000      0.212965E-01   2.55915       0.00000    
   1.50254      0.721371E-01  0.153179E-02  0.138044E-03   0.00000      0.213205E-01   2.57477       0.00000    
   1.51366      0.710960E-01  0.151130E-02  0.137044E-03   0.00000      0.213444E-01   2.59070       0.00000    
   1.52486      0.700728E-01  0.149111E-02  0.136063E-03   0.00000      0.213678E-01   2.60689       0.00000    
   1.53614      0.690644E-01  0.147122E-02  0.135099E-03   0.00000      0.213917E-01   2.62332       0.00000    
   1.54750      0.680706E-01  0.145163E-02  0.134151E-03   0.00000      0.214163E-01   2.63996       0.00000    
   1.55895      0.670935E-01  0.143241E-02  0.133222E-03   0.00000      0.214416E-01   2.65677       0.00000    
   1.57049      0.661286E-01  0.141347E-02  0.132308E-03   0.00000      0.214680E-01   2.67380       0.00000    
   1.58211      0.651793E-01  0.139489E-02  0.131413E-03   0.00000      0.214955E-01   2.69100       0.00000    
   1.59381      0.642442E-01  0.137663E-02  0.130537E-03   0.00000      0.215242E-01   2.70840       0.00000    
   1.60560      0.633222E-01  0.135868E-02  0.129677E-03   0.00000      0.215540E-01   2.72600       0.00000    
   1.61748      0.624142E-01  0.134099E-02  0.128831E-03   0.00000      0.215843E-01   2.74382       0.00000    
   1.62945      0.615214E-01  0.132358E-02  0.128000E-03   0.00000      0.216145E-01   2.76188       0.00000    
   1.64151      0.606397E-01  0.130642E-02  0.127184E-03   0.00000      0.216459E-01   2.78019       0.00000    
   1.65365      0.597672E-01  0.128953E-02  0.126380E-03   0.00000      0.216792E-01   2.79870       0.00000    
   1.66588      0.589080E-01  0.127290E-02  0.125592E-03   0.00000      0.217132E-01   2.81746       0.00000    
   1.67821      0.580626E-01  0.125649E-02  0.124818E-03   0.00000      0.217468E-01   2.83654       0.00000    
   1.69063      0.572311E-01  0.124034E-02  0.124061E-03   0.00000      0.217805E-01   2.85592       0.00000    
   1.70313      0.564121E-01  0.122444E-02  0.123321E-03   0.00000      0.218151E-01   2.87561       0.00000    
   1.71574      0.556054E-01  0.120880E-02  0.122596E-03   0.00000      0.218505E-01   2.89556       0.00000    
   1.72843      0.548107E-01  0.119340E-02  0.121884E-03   0.00000      0.218865E-01   2.91575       0.00000    
   1.74122      0.540273E-01  0.117824E-02  0.121185E-03   0.00000      0.219232E-01   2.93620       0.00000    
   1.75410      0.532566E-01  0.116334E-02  0.120502E-03   0.00000      0.219610E-01   2.95687       0.00000    
   1.76708      0.524961E-01  0.114867E-02  0.119832E-03   0.00000      0.219997E-01   2.97785       0.00000    
   1.78015      0.517481E-01  0.113423E-02  0.119178E-03   0.00000      0.220390E-01   2.99914       0.00000    
   1.79332      0.510104E-01  0.112003E-02  0.118539E-03   0.00000      0.220794E-01   3.02073       0.00000    
   1.80659      0.502792E-01  0.110602E-02  0.117912E-03   0.00000      0.221223E-01   3.04263       0.00000    
   1.81996      0.495592E-01  0.109224E-02  0.117298E-03   0.00000      0.221658E-01   3.06482       0.00000    
   1.83342      0.488522E-01  0.107866E-02  0.116699E-03   0.00000      0.222090E-01   3.08738       0.00000    
   1.84699      0.481554E-01  0.106527E-02  0.116115E-03   0.00000      0.222525E-01   3.11035       0.00000    
   1.86065      0.474701E-01  0.105209E-02  0.115546E-03   0.00000      0.222965E-01   3.13370       0.00000    
   1.87442      0.467942E-01  0.103908E-02  0.114991E-03   0.00000      0.223408E-01   3.15753       0.00000    
   1.88829      0.461294E-01  0.102627E-02  0.114452E-03   0.00000      0.223856E-01   3.18173       0.00000    
   1.90226      0.454732E-01  0.101362E-02  0.113926E-03   0.00000      0.224309E-01   3.20641       0.00000    
   1.91633      0.448284E-01  0.100118E-02  0.113417E-03   0.00000      0.224765E-01   3.23155       0.00000    
   1.93051      0.441929E-01  0.988903E-03  0.112925E-03   0.00000      0.225224E-01   3.25725       0.00000    
   1.94479      0.435658E-01  0.976815E-03  0.112449E-03   0.00000      0.225697E-01   3.28344       0.00000    
   1.95918      0.429437E-01  0.964891E-03  0.111990E-03   0.00000      0.226196E-01   3.31021       0.00000    
   1.97368      0.423319E-01  0.953152E-03  0.111547E-03   0.00000      0.226698E-01   3.33748       0.00000    
   1.98828      0.417304E-01  0.941539E-03  0.111115E-03   0.00000      0.227190E-01   3.36529       0.00000    
   2.00299      0.411400E-01  0.930109E-03  0.110697E-03   0.00000      0.227679E-01   3.39357       0.00000    
   2.01781      0.405570E-01  0.918800E-03  0.110293E-03   0.00000      0.228172E-01   3.42251       0.00000    
   2.03274      0.399827E-01  0.907633E-03  0.109906E-03   0.00000      0.228665E-01   3.45218       0.00000    
   2.04778      0.394177E-01  0.896633E-03  0.109537E-03   0.00000      0.229161E-01   3.48251       0.00000    
   2.06293      0.388608E-01  0.885783E-03  0.109183E-03   0.00000      0.229663E-01   3.51347       0.00000    
   2.07819      0.383138E-01  0.875091E-03  0.108845E-03   0.00000      0.230161E-01   3.54507       0.00000    
   2.09357      0.377729E-01  0.864526E-03  0.108521E-03   0.00000      0.230671E-01   3.57737       0.00000    
   2.10906      0.372365E-01  0.854120E-03  0.108212E-03   0.00000      0.231211E-01   3.61028       0.00000    
   2.12466      0.367077E-01  0.843844E-03  0.107917E-03   0.00000      0.231754E-01   3.64392       0.00000    
   2.14038      0.361892E-01  0.833691E-03  0.107637E-03   0.00000      0.232282E-01   3.67836       0.00000    
   2.15622      0.356799E-01  0.823683E-03  0.107373E-03   0.00000      0.232807E-01   3.71351       0.00000    
   2.17217      0.351778E-01  0.813794E-03  0.107121E-03   0.00000      0.233333E-01   3.74940       0.00000    
   2.18824      0.346827E-01  0.804014E-03  0.106881E-03   0.00000      0.233859E-01   3.78610       0.00000    
   2.20443      0.341957E-01  0.794407E-03  0.106657E-03   0.00000      0.234397E-01   3.82339       0.00000    
   2.22074      0.337168E-01  0.785071E-03  0.106446E-03   0.00000      0.234973E-01   3.86077       0.00000    
   2.23717      0.332455E-01  0.776054E-03  0.106248E-03   0.00000      0.235609E-01   3.89791       0.00000    
   2.25372      0.327774E-01  0.767260E-03  0.106061E-03   0.00000      0.236308E-01   3.93515       0.00000    
   2.27040      0.323147E-01  0.758636E-03  0.105885E-03   0.00000      0.237041E-01   3.97279       0.00000    
   2.28720      0.318614E-01  0.750154E-03  0.105720E-03   0.00000      0.237769E-01   4.01096       0.00000    
   2.30412      0.314163E-01  0.741795E-03  0.105564E-03   0.00000      0.238497E-01   4.04967       0.00000    
   2.32117      0.309786E-01  0.733586E-03  0.105419E-03   0.00000      0.239237E-01   4.08880       0.00000    
   2.33834      0.305471E-01  0.725502E-03  0.105282E-03   0.00000      0.239991E-01   4.12844       0.00000    
   2.35564      0.301218E-01  0.717546E-03  0.105155E-03   0.00000      0.240760E-01   4.16861       0.00000    
   2.37307      0.297042E-01  0.709725E-03  0.105039E-03   0.00000      0.241533E-01   4.20930       0.00000    
   2.39063      0.292907E-01  0.702026E-03  0.104930E-03   0.00000      0.242338E-01   4.25047       0.00000    
   2.40831      0.288796E-01  0.694476E-03  0.104830E-03   0.00000      0.243197E-01   4.29195       0.00000    
   2.42613      0.284753E-01  0.687058E-03  0.104738E-03   0.00000      0.244070E-01   4.33385       0.00000    
   2.44408      0.280797E-01  0.679756E-03  0.104657E-03   0.00000      0.244933E-01   4.37634       0.00000    
   2.46217      0.276907E-01  0.672562E-03  0.104586E-03   0.00000      0.245803E-01   4.41945       0.00000    
   2.48038      0.273083E-01  0.665493E-03  0.104524E-03   0.00000      0.246684E-01   4.46304       0.00000    
   2.49873      0.269312E-01  0.658512E-03  0.104471E-03   0.00000      0.247574E-01   4.50733       0.00000    
   2.51722      0.265605E-01  0.651611E-03  0.104427E-03   0.00000      0.248461E-01   4.55238       0.00000    
   2.53585      0.261935E-01  0.644808E-03  0.104393E-03   0.00000      0.249376E-01   4.59812       0.00000    
   2.55461      0.258278E-01  0.638105E-03  0.104368E-03   0.00000      0.250344E-01   4.64452       0.00000    
   2.57351      0.254686E-01  0.631498E-03  0.104354E-03   0.00000      0.251314E-01   4.69160       0.00000    
   2.59255      0.251177E-01  0.624985E-03  0.104351E-03   0.00000      0.252266E-01   4.73949       0.00000    
   2.61173      0.247724E-01  0.618555E-03  0.104358E-03   0.00000      0.253224E-01   4.78819       0.00000    
   2.63105      0.244328E-01  0.612211E-03  0.104377E-03   0.00000      0.254185E-01   4.83770       0.00000    
   2.65052      0.240995E-01  0.605956E-03  0.104406E-03   0.00000      0.255145E-01   4.88800       0.00000    
   2.67013      0.237703E-01  0.599774E-03  0.104444E-03   0.00000      0.256118E-01   4.93918       0.00000    
   2.68988      0.234418E-01  0.593668E-03  0.104493E-03   0.00000      0.257145E-01   4.99125       0.00000    
   2.70979      0.231169E-01  0.587653E-03  0.104553E-03   0.00000      0.258201E-01   5.04416       0.00000    
   2.72983      0.227988E-01  0.581700E-03  0.104625E-03   0.00000      0.259239E-01   5.09812       0.00000    
   2.75003      0.224883E-01  0.575842E-03  0.104709E-03   0.00000      0.260262E-01   5.15291       0.00000    
   2.77038      0.221826E-01  0.570056E-03  0.104801E-03   0.00000      0.261290E-01   5.20857       0.00000    
   2.79088      0.218817E-01  0.564305E-03  0.104901E-03   0.00000      0.262307E-01   5.26539       0.00000    
   2.81152      0.215858E-01  0.558570E-03  0.105012E-03   0.00000      0.263300E-01   5.32370       0.00000    
   2.83233      0.212896E-01  0.552825E-03  0.105133E-03   0.00000      0.264322E-01   5.38379       0.00000    
   2.85328      0.209958E-01  0.547153E-03  0.105266E-03   0.00000      0.265380E-01   5.44500       0.00000    
   2.87439      0.207095E-01  0.541609E-03  0.105411E-03   0.00000      0.266434E-01   5.50679       0.00000    
   2.89566      0.204295E-01  0.536180E-03  0.105567E-03   0.00000      0.267492E-01   5.56917       0.00000    
   2.91708      0.201543E-01  0.530830E-03  0.105731E-03   0.00000      0.268557E-01   5.63240       0.00000    
   2.93866      0.198842E-01  0.525531E-03  0.105902E-03   0.00000      0.269608E-01   5.69664       0.00000    
   2.96041      0.196166E-01  0.520346E-03  0.106081E-03   0.00000      0.270714E-01   5.76140       0.00000    
   2.98231      0.193486E-01  0.515347E-03  0.106271E-03   0.00000      0.271952E-01   5.82589       0.00000    
   3.00437      0.190859E-01  0.510552E-03  0.106470E-03   0.00000      0.273256E-01   5.88977       0.00000    
   3.02660      0.188299E-01  0.505887E-03  0.106675E-03   0.00000      0.274570E-01   5.95370       0.00000    
   3.04900      0.185790E-01  0.501304E-03  0.106888E-03   0.00000      0.275888E-01   6.01816       0.00000    
   3.07155      0.183335E-01  0.496799E-03  0.107105E-03   0.00000      0.277205E-01   6.08307       0.00000    
   3.09428      0.180896E-01  0.492354E-03  0.107323E-03   0.00000      0.278566E-01   6.14845       0.00000    
   3.11717      0.178456E-01  0.487979E-03  0.107544E-03   0.00000      0.280007E-01   6.21426       0.00000    
   3.14024      0.176052E-01  0.483677E-03  0.107770E-03   0.00000      0.281472E-01   6.28058       0.00000    
   3.16347      0.173714E-01  0.479451E-03  0.108000E-03   0.00000      0.282915E-01   6.34723       0.00000    
   3.18687      0.171421E-01  0.475284E-03  0.108231E-03   0.00000      0.284359E-01   6.41428       0.00000    
   3.21045      0.169176E-01  0.471172E-03  0.108463E-03   0.00000      0.285794E-01   6.48181       0.00000    
   3.23421      0.166946E-01  0.467121E-03  0.108700E-03   0.00000      0.287280E-01   6.54983       0.00000    
   3.25814      0.164705E-01  0.463135E-03  0.108939E-03   0.00000      0.288865E-01   6.61827       0.00000    
   3.28224      0.162514E-01  0.459210E-03  0.109180E-03   0.00000      0.290443E-01   6.68705       0.00000    
   3.30653      0.160388E-01  0.455357E-03  0.109422E-03   0.00000      0.291992E-01   6.75597       0.00000    
   3.33099      0.158301E-01  0.451567E-03  0.109664E-03   0.00000      0.293550E-01   6.82509       0.00000    
   3.35563      0.156242E-01  0.447827E-03  0.109908E-03   0.00000      0.295130E-01   6.89464       0.00000    
   3.38046      0.154178E-01  0.444141E-03  0.110154E-03   0.00000      0.296797E-01   6.96460       0.00000    
   3.40547      0.152136E-01  0.440518E-03  0.110403E-03   0.00000      0.298511E-01   7.03487       0.00000    
   3.43067      0.150147E-01  0.436946E-03  0.110654E-03   0.00000      0.300198E-01   7.10551       0.00000    
   3.45605      0.148218E-01  0.433436E-03  0.110905E-03   0.00000      0.301852E-01   7.17629       0.00000    
   3.48162      0.146316E-01  0.429974E-03  0.111156E-03   0.00000      0.303527E-01   7.24733       0.00000    
   3.50738      0.144404E-01  0.426567E-03  0.111406E-03   0.00000      0.305306E-01   7.31845       0.00000    
   3.53333      0.142499E-01  0.423205E-03  0.111654E-03   0.00000      0.307151E-01   7.38978       0.00000    
   3.55947      0.140654E-01  0.419892E-03  0.111903E-03   0.00000      0.308948E-01   7.46139       0.00000    
   3.58581      0.138870E-01  0.416640E-03  0.112154E-03   0.00000      0.310702E-01   7.53309       0.00000    
   3.61234      0.137107E-01  0.413438E-03  0.112406E-03   0.00000      0.312492E-01   7.60502       0.00000    
   3.63906      0.135327E-01  0.410279E-03  0.112657E-03   0.00000      0.314397E-01   7.67713       0.00000    
   3.66599      0.133558E-01  0.407152E-03  0.112906E-03   0.00000      0.316355E-01   7.74952       0.00000    
   3.69311      0.131852E-01  0.404076E-03  0.113153E-03   0.00000      0.318252E-01   7.82188       0.00000    
   3.72043      0.130201E-01  0.401061E-03  0.113398E-03   0.00000      0.320109E-01   7.89402       0.00000    
   3.74796      0.128562E-01  0.398104E-03  0.113642E-03   0.00000      0.322029E-01   7.96588       0.00000    
   3.77569      0.126898E-01  0.395176E-03  0.113881E-03   0.00000      0.324086E-01   8.03793       0.00000    
   3.80363      0.125261E-01  0.392275E-03  0.114118E-03   0.00000      0.326150E-01   8.11018       0.00000    
   3.83177      0.123695E-01  0.389415E-03  0.114351E-03   0.00000      0.328112E-01   8.18240       0.00000    
   3.86012      0.122167E-01  0.386606E-03  0.114582E-03   0.00000      0.330064E-01   8.25439       0.00000    
   3.88868      0.120620E-01  0.383849E-03  0.114812E-03   0.00000      0.332161E-01   8.32614       0.00000    
   3.91745      0.119070E-01  0.381133E-03  0.115037E-03   0.00000      0.334354E-01   8.39768       0.00000    
   3.94643      0.117579E-01  0.378442E-03  0.115256E-03   0.00000      0.336458E-01   8.46912       0.00000    
   3.97563      0.116140E-01  0.375787E-03  0.115468E-03   0.00000      0.338494E-01   8.54031       0.00000    
   4.00504      0.114694E-01  0.373183E-03  0.115676E-03   0.00000      0.340645E-01   8.61099       0.00000    
   4.03468      0.113237E-01  0.370619E-03  0.115880E-03   0.00000      0.342921E-01   8.68132       0.00000    
   4.06453      0.111829E-01  0.368087E-03  0.116077E-03   0.00000      0.345130E-01   8.75140       0.00000    
   4.09460      0.110471E-01  0.365587E-03  0.116268E-03   0.00000      0.347268E-01   8.82113       0.00000    
   4.12489      0.109108E-01  0.363139E-03  0.116453E-03   0.00000      0.349519E-01   8.89013       0.00000    
   4.15541      0.107736E-01  0.360728E-03  0.116634E-03   0.00000      0.351891E-01   8.95876       0.00000    
   4.18616      0.106418E-01  0.358341E-03  0.116808E-03   0.00000      0.354169E-01   9.02720       0.00000    
   4.21713      0.105138E-01  0.355973E-03  0.116974E-03   0.00000      0.356390E-01   9.09536       0.00000    
   4.24833      0.103839E-01  0.353642E-03  0.117133E-03   0.00000      0.358762E-01   9.16294       0.00000    
   4.27976      0.102550E-01  0.351358E-03  0.117288E-03   0.00000      0.361205E-01   9.22984       0.00000    
   4.31143      0.101324E-01  0.349113E-03  0.117436E-03   0.00000      0.363521E-01   9.29607       0.00000    
   4.34332      0.100113E-01  0.346894E-03  0.117573E-03   0.00000      0.365863E-01   9.36153       0.00000    
   4.37546      0.988721E-02  0.344697E-03  0.117697E-03   0.00000      0.368392E-01   9.42626       0.00000    
   4.40783      0.976724E-02  0.342533E-03  0.117814E-03   0.00000      0.370860E-01   9.49031       0.00000    
   4.44044      0.965295E-02  0.340406E-03  0.117923E-03   0.00000      0.373204E-01   9.55349       0.00000    
   4.47330      0.953649E-02  0.338298E-03  0.118019E-03   0.00000      0.375708E-01   9.61591       0.00000    
   4.50639      0.941991E-02  0.336218E-03  0.118105E-03   0.00000      0.378303E-01   9.67752       0.00000    
   4.53974      0.930920E-02  0.334174E-03  0.118183E-03   0.00000      0.380759E-01   9.73825       0.00000    
   4.57332      0.919989E-02  0.332183E-03  0.118252E-03   0.00000      0.383269E-01   9.79745       0.00000    
   4.60716      0.908831E-02  0.330217E-03  0.118308E-03   0.00000      0.385958E-01   9.85566       0.00000    
   4.64125      0.898150E-02  0.328263E-03  0.118355E-03   0.00000      0.388518E-01   9.91335       0.00000    
   4.67559      0.887720E-02  0.326333E-03  0.118393E-03   0.00000      0.391053E-01   9.97032       0.00000    
   4.71018      0.877084E-02  0.324432E-03  0.118418E-03   0.00000      0.393768E-01   10.0261       0.00000    
   4.74503      0.866867E-02  0.322566E-03  0.118428E-03   0.00000      0.396392E-01   10.0802       0.00000    
   4.78013      0.856852E-02  0.320728E-03  0.118427E-03   0.00000      0.399011E-01   10.1332       0.00000    
   4.81550      0.846690E-02  0.318909E-03  0.118413E-03   0.00000      0.401780E-01   10.1852       0.00000    
   4.85113      0.836948E-02  0.317113E-03  0.118386E-03   0.00000      0.404434E-01   10.2359       0.00000    
   4.88702      0.827319E-02  0.315339E-03  0.118345E-03   0.00000      0.407116E-01   10.2855       0.00000    
   4.92318      0.817613E-02  0.313590E-03  0.118294E-03   0.00000      0.409925E-01   10.3338       0.00000    
   4.95960      0.808331E-02  0.311879E-03  0.118228E-03   0.00000      0.412623E-01   10.3804       0.00000    
   4.99630      0.799048E-02  0.310197E-03  0.118146E-03   0.00000      0.415413E-01   10.4253       0.00000    
   5.03326      0.789840E-02  0.308542E-03  0.118052E-03   0.00000      0.418256E-01   10.4687       0.00000    
   5.07050      0.780945E-02  0.306906E-03  0.117942E-03   0.00000      0.421013E-01   10.5107       0.00000    
   5.10802      0.772008E-02  0.305295E-03  0.117817E-03   0.00000      0.423882E-01   10.5511       0.00000    
   5.14581      0.763265E-02  0.303708E-03  0.117682E-03   0.00000      0.426734E-01   10.5903       0.00000    
   5.18388      0.754694E-02  0.302141E-03  0.117535E-03   0.00000      0.429574E-01   10.6282       0.00000    
   5.22224      0.746186E-02  0.300598E-03  0.117373E-03   0.00000      0.432467E-01   10.6644       0.00000    
   5.26087      0.737839E-02  0.299088E-03  0.117198E-03   0.00000      0.435367E-01   10.6989       0.00000    
   5.29980      0.729565E-02  0.297598E-03  0.117007E-03   0.00000      0.438307E-01   10.7317       0.00000    
   5.33901      0.721481E-02  0.296128E-03  0.116798E-03   0.00000      0.441217E-01   10.7626       0.00000    
   5.37851      0.713455E-02  0.294692E-03  0.116575E-03   0.00000      0.444194E-01   10.7914       0.00000    
   5.41830      0.705571E-02  0.293285E-03  0.116335E-03   0.00000      0.447176E-01   10.8182       0.00000    
   5.45839      0.697821E-02  0.291896E-03  0.116079E-03   0.00000      0.450158E-01   10.8432       0.00000    
   5.49878      0.690132E-02  0.290533E-03  0.115809E-03   0.00000      0.453194E-01   10.8663       0.00000    
   5.53946      0.682598E-02  0.289197E-03  0.115523E-03   0.00000      0.456223E-01   10.8874       0.00000    
   5.58044      0.675149E-02  0.287880E-03  0.115221E-03   0.00000      0.459279E-01   10.9066       0.00000    
   5.62173      0.667812E-02  0.286575E-03  0.114902E-03   0.00000      0.462334E-01   10.9241       0.00000    
   5.66332      0.660590E-02  0.285301E-03  0.114568E-03   0.00000      0.465410E-01   10.9394       0.00000    
   5.70522      0.653457E-02  0.284062E-03  0.114217E-03   0.00000      0.468530E-01   10.9522       0.00000    
   5.74744      0.646431E-02  0.282848E-03  0.113850E-03   0.00000      0.471668E-01   10.9627       0.00000    
   5.78996      0.639514E-02  0.281649E-03  0.113465E-03   0.00000      0.474805E-01   10.9712       0.00000    
   5.83280      0.632695E-02  0.280474E-03  0.113062E-03   0.00000      0.477963E-01   10.9774       0.00000    
   5.87595      0.625943E-02  0.279324E-03  0.112641E-03   0.00000      0.481163E-01   10.9812       0.00000    
   5.91943      0.619332E-02  0.278194E-03  0.112203E-03   0.00000      0.484343E-01   10.9827       0.00000    
   5.96322      0.612771E-02  0.277090E-03  0.111749E-03   0.00000      0.487580E-01   10.9820       0.00000    
   6.00734      0.606315E-02  0.276022E-03  0.111279E-03   0.00000      0.490848E-01   10.9785       0.00000    
   6.05179      0.599980E-02  0.274982E-03  0.110794E-03   0.00000      0.494122E-01   10.9726       0.00000    
   6.09656      0.593654E-02  0.273966E-03  0.110293E-03   0.00000      0.497484E-01   10.9643       0.00000    
   6.14167      0.587448E-02  0.272976E-03  0.109778E-03   0.00000      0.500849E-01   10.9539       0.00000    
   6.18711      0.581328E-02  0.272017E-03  0.109249E-03   0.00000      0.504252E-01   10.9408       0.00000    
   6.23289      0.575099E-02  0.271084E-03  0.108706E-03   0.00000      0.507856E-01   10.9255       0.00000    
   6.27900      0.568910E-02  0.270185E-03  0.108149E-03   0.00000      0.511550E-01   10.9076       0.00000    
   6.32546      0.562920E-02  0.269317E-03  0.107581E-03   0.00000      0.515187E-01   10.8873       0.00000    
   6.37226      0.557111E-02  0.268468E-03  0.107001E-03   0.00000      0.518758E-01   10.8652       0.00000    
   6.41940      0.551453E-02  0.267643E-03  0.106411E-03   0.00000      0.522294E-01   10.8410       0.00000    
   6.46690      0.545936E-02  0.266856E-03  0.105810E-03   0.00000      0.525826E-01   10.8143       0.00000    
   6.51474      0.540626E-02  0.266108E-03  0.105198E-03   0.00000      0.529288E-01   10.7850       0.00000    
   6.56294      0.535487E-02  0.265380E-03  0.104578E-03   0.00000      0.532679E-01   10.7539       0.00000    
   6.61150      0.530387E-02  0.264685E-03  0.103951E-03   0.00000      0.536148E-01   10.7208       0.00000    
   6.66042      0.525191E-02  0.264038E-03  0.103319E-03   0.00000      0.539865E-01   10.6853       0.00000    
   6.70970      0.519989E-02  0.263431E-03  0.102683E-03   0.00000      0.543736E-01   10.6477       0.00000    
   6.75934      0.514840E-02  0.262847E-03  0.102047E-03   0.00000      0.547668E-01   10.6091       0.00000    
   6.80935      0.509738E-02  0.262297E-03  0.101420E-03   0.00000      0.551700E-01   10.5698       0.00000    
   6.85973      0.504705E-02  0.261800E-03  0.100805E-03   0.00000      0.555844E-01   10.5295       0.00000    
   6.91048      0.499724E-02  0.261329E-03  0.100199E-03   0.00000      0.560069E-01   10.4889       0.00000    
   6.96161      0.494790E-02  0.260856E-03  0.996000E-04   0.00000      0.564328E-01   10.4489       0.00000    
   7.01312      0.489893E-02  0.260367E-03  0.990084E-04   0.00000      0.568606E-01   10.4100       0.00000    
   7.06500      0.485071E-02  0.259851E-03  0.984216E-04   0.00000      0.572834E-01   10.3724       0.00000    
   7.11728      0.480319E-02  0.259267E-03  0.978356E-04   0.00000      0.576933E-01   10.3371       0.00000    
   7.16993      0.475623E-02  0.258569E-03  0.972447E-04   0.00000      0.580818E-01   10.3053       0.00000    
   7.22298      0.470978E-02  0.257719E-03  0.966470E-04   0.00000      0.584411E-01   10.2783       0.00000    
   7.27642      0.466397E-02  0.256687E-03  0.960495E-04   0.00000      0.587629E-01   10.2577       0.00000    
   7.33026      0.461861E-02  0.255468E-03  0.954615E-04   0.00000      0.590483E-01   10.2447       0.00000    
   7.38449      0.457330E-02  0.254090E-03  0.948882E-04   0.00000      0.593073E-01   10.2389       0.00000    
   7.43913      0.452736E-02  0.252570E-03  0.943320E-04   0.00000      0.595514E-01   10.2401       0.00000    
   7.49417      0.447989E-02  0.250908E-03  0.937969E-04   0.00000      0.597932E-01   10.2486       0.00000    
   7.54961      0.442789E-02  0.249104E-03  0.932868E-04   0.00000      0.600734E-01   10.2652       0.00000    
   7.60547      0.436859E-02  0.247155E-03  0.928038E-04   0.00000      0.604322E-01   10.2903       0.00000    
   7.66174      0.430115E-02  0.245056E-03  0.923490E-04   0.00000      0.608860E-01   10.3244       0.00000    
   7.71843      0.418039E-02  0.242798E-03  0.919230E-04   0.00000      0.621035E-01   10.3683       0.00000    
   7.77553      0.398223E-02  0.240378E-03  0.915270E-04   0.00000      0.645903E-01   10.4225       0.00000    
   7.83306      0.380882E-02  0.237790E-03  0.911626E-04   0.00000      0.668622E-01   10.4878       0.00000    
   7.89102      0.372510E-02  0.235017E-03  0.908310E-04   0.00000      0.676382E-01   10.5654       0.00000    
   7.94940      0.367851E-02  0.232047E-03  0.905324E-04   0.00000      0.677127E-01   10.6565       0.00000    
   8.00821      0.363296E-02  0.228890E-03  0.902675E-04   0.00000      0.677261E-01   10.7614       0.00000    
   8.06746      0.358774E-02  0.225538E-03  0.900370E-04   0.00000      0.676875E-01   10.8812       0.00000    
   8.12715      0.354296E-02  0.221971E-03  0.898409E-04   0.00000      0.675885E-01   11.0176       0.00000    
   8.18728      0.349856E-02  0.218185E-03  0.896787E-04   0.00000      0.674267E-01   11.1718       0.00000    
   8.24786      0.345457E-02  0.214200E-03  0.895504E-04   0.00000      0.672054E-01   11.3441       0.00000    
   8.30888      0.341118E-02  0.210093E-03  0.894549E-04   0.00000      0.669402E-01   11.5318       0.00000    
   8.37035      0.336885E-02  0.206101E-03  0.894011E-04   0.00000      0.666862E-01   11.7250       0.00000    
   8.43228      0.332803E-02  0.202493E-03  0.894088E-04   0.00000      0.665117E-01   11.9117       0.00000    
   8.49467      0.328867E-02  0.199278E-03  0.894811E-04   0.00000      0.664238E-01   12.0907       0.00000    
   8.55752      0.325038E-02  0.196447E-03  0.896008E-04   0.00000      0.664277E-01   12.2590       0.00000    
   8.62083      0.320785E-02  0.194242E-03  0.897537E-04   0.00000      0.667039E-01   12.4001       0.00000    
   8.68462      0.315801E-02  0.192782E-03  0.899305E-04   0.00000      0.673608E-01   12.5042       0.00000    
   8.74887      0.311191E-02  0.191880E-03  0.901207E-04   0.00000      0.681221E-01   12.5790       0.00000    
   8.81360      0.307640E-02  0.191256E-03  0.903143E-04   0.00000      0.687515E-01   12.6388       0.00000    
   8.87881      0.304534E-02  0.190698E-03  0.905055E-04   0.00000      0.693142E-01   12.6945       0.00000    
   8.94450      0.301474E-02  0.190147E-03  0.906937E-04   0.00000      0.698794E-01   12.7498       0.00000    
   9.01068      0.298457E-02  0.189600E-03  0.908799E-04   0.00000      0.704475E-01   12.8048       0.00000    
   9.07734      0.295477E-02  0.189050E-03  0.910646E-04   0.00000      0.710171E-01   12.8600       0.00000    
   9.14450      0.292536E-02  0.188501E-03  0.912477E-04   0.00000      0.715892E-01   12.9151       0.00000    
   9.21216      0.289634E-02  0.187957E-03  0.914279E-04   0.00000      0.721650E-01   12.9698       0.00000    
   9.28032      0.286768E-02  0.187415E-03  0.916044E-04   0.00000      0.727430E-01   13.0242       0.00000    
   9.34898      0.283941E-02  0.186871E-03  0.917784E-04   0.00000      0.733225E-01   13.0786       0.00000    
   9.41815      0.281149E-02  0.186329E-03  0.919510E-04   0.00000      0.739047E-01   13.1329       0.00000    
   9.48783      0.278393E-02  0.185795E-03  0.921221E-04   0.00000      0.744915E-01   13.1867       0.00000    
   9.55803      0.275674E-02  0.185262E-03  0.922911E-04   0.00000      0.750807E-01   13.2404       0.00000    
   9.62875      0.272987E-02  0.184724E-03  0.924578E-04   0.00000      0.756704E-01   13.2944       0.00000    
   9.69999      0.270333E-02  0.184186E-03  0.926211E-04   0.00000      0.762626E-01   13.3482       0.00000    
   9.77175      0.267711E-02  0.183648E-03  0.927797E-04   0.00000      0.768567E-01   13.4015       0.00000    
   9.84405      0.265124E-02  0.183106E-03  0.929338E-04   0.00000      0.774504E-01   13.4548       0.00000    
   9.91688      0.262568E-02  0.182564E-03  0.930844E-04   0.00000      0.780466E-01   13.5079       0.00000    
   9.99025      0.260043E-02  0.182026E-03  0.932315E-04   0.00000      0.786459E-01   13.5605       0.00000    
   10.0642      0.257551E-02  0.181487E-03  0.933747E-04   0.00000      0.792461E-01   13.6129       0.00000    
   10.1386      0.255089E-02  0.180948E-03  0.935136E-04   0.00000      0.798480E-01   13.6649       0.00000    
   10.2136      0.252655E-02  0.180409E-03  0.936479E-04   0.00000      0.804522E-01   13.7166       0.00000    
   10.2892      0.250250E-02  0.179867E-03  0.937776E-04   0.00000      0.810570E-01   13.7682       0.00000    
   10.3653      0.247875E-02  0.179317E-03  0.939021E-04   0.00000      0.816607E-01   13.8197       0.00000    
   10.4420      0.245527E-02  0.178764E-03  0.940206E-04   0.00000      0.822646E-01   13.8710       0.00000    
   10.5193      0.243207E-02  0.178217E-03  0.941329E-04   0.00000      0.828716E-01   13.9213       0.00000    
   10.5971      0.240918E-02  0.177670E-03  0.942392E-04   0.00000      0.834790E-01   13.9712       0.00000    
   10.6755      0.238653E-02  0.177113E-03  0.943401E-04   0.00000      0.840851E-01   14.0211       0.00000    
   10.7545      0.236413E-02  0.176555E-03  0.944366E-04   0.00000      0.846925E-01   14.0708       0.00000    
   10.8341      0.234203E-02  0.176002E-03  0.945291E-04   0.00000      0.853024E-01   14.1200       0.00000    
   10.9142      0.232017E-02  0.175443E-03  0.946165E-04   0.00000      0.859120E-01   14.1690       0.00000    
   10.9950      0.229854E-02  0.174875E-03  0.946977E-04   0.00000      0.865200E-01   14.2181       0.00000    
   11.0763      0.227715E-02  0.174307E-03  0.947725E-04   0.00000      0.871291E-01   14.2667       0.00000    
   11.1583      0.225602E-02  0.173743E-03  0.948414E-04   0.00000      0.877402E-01   14.3144       0.00000    
   11.2408      0.223512E-02  0.173173E-03  0.949043E-04   0.00000      0.883501E-01   14.3621       0.00000    
   11.3240      0.221444E-02  0.172594E-03  0.949609E-04   0.00000      0.889582E-01   14.4098       0.00000    
   11.4078      0.219402E-02  0.172016E-03  0.950108E-04   0.00000      0.895667E-01   14.4568       0.00000    
   11.4922      0.217381E-02  0.171437E-03  0.950534E-04   0.00000      0.901761E-01   14.5031       0.00000    
   11.5772      0.215384E-02  0.170852E-03  0.950887E-04   0.00000      0.907822E-01   14.5492       0.00000    
   11.6629      0.213405E-02  0.170260E-03  0.951170E-04   0.00000      0.913885E-01   14.5951       0.00000    
   11.7492      0.211448E-02  0.169667E-03  0.951385E-04   0.00000      0.919946E-01   14.6405       0.00000    
   11.8361      0.209513E-02  0.169070E-03  0.951529E-04   0.00000      0.925990E-01   14.6854       0.00000    
   11.9237      0.207598E-02  0.168465E-03  0.951598E-04   0.00000      0.932007E-01   14.7303       0.00000    
   12.0119      0.205701E-02  0.167857E-03  0.951592E-04   0.00000      0.938031E-01   14.7746       0.00000    
   12.1007      0.203824E-02  0.167247E-03  0.951517E-04   0.00000      0.944047E-01   14.8184       0.00000    
   12.1903      0.201967E-02  0.166630E-03  0.951373E-04   0.00000      0.950042E-01   14.8621       0.00000    
   12.2805      0.200132E-02  0.166013E-03  0.951152E-04   0.00000      0.956020E-01   14.9050       0.00000    
   12.3713      0.198313E-02  0.165395E-03  0.950848E-04   0.00000      0.962010E-01   14.9472       0.00000    
   12.4629      0.196515E-02  0.164769E-03  0.950461E-04   0.00000      0.967955E-01   14.9891       0.00000    
   12.5551      0.194732E-02  0.164134E-03  0.949995E-04   0.00000      0.973872E-01   15.0310       0.00000    
   12.6480      0.192968E-02  0.163500E-03  0.949454E-04   0.00000      0.979792E-01   15.0720       0.00000    
   12.7415      0.191224E-02  0.162870E-03  0.948832E-04   0.00000      0.985714E-01   15.1119       0.00000    
   12.8358      0.189495E-02  0.162232E-03  0.948124E-04   0.00000      0.991611E-01   15.1515       0.00000    
   12.9308      0.187783E-02  0.161585E-03  0.947327E-04   0.00000      0.997463E-01   15.1910       0.00000    
   13.0264      0.186088E-02  0.160935E-03  0.946439E-04   0.00000      0.100330       15.2296       0.00000    
   13.1228      0.184408E-02  0.160284E-03  0.945456E-04   0.00000      0.100912       15.2674       0.00000    
   13.2199      0.182746E-02  0.159627E-03  0.944384E-04   0.00000      0.101491       15.3047       0.00000    
   13.3177      0.181098E-02  0.158965E-03  0.943232E-04   0.00000      0.102068       15.3415       0.00000    
   13.4163      0.179464E-02  0.158302E-03  0.941997E-04   0.00000      0.102644       15.3777       0.00000    
   13.5155      0.177847E-02  0.157637E-03  0.940672E-04   0.00000      0.103218       15.4129       0.00000    
   13.6155      0.176246E-02  0.156969E-03  0.939251E-04   0.00000      0.103789       15.4475       0.00000    
   13.7162      0.174658E-02  0.156300E-03  0.937738E-04   0.00000      0.104360       15.4810       0.00000    
   13.8177      0.173084E-02  0.155630E-03  0.936135E-04   0.00000      0.104929       15.5138       0.00000    
   13.9200      0.171526E-02  0.154949E-03  0.934427E-04   0.00000      0.105491       15.5461       0.00000    
   14.0229      0.169979E-02  0.154259E-03  0.932610E-04   0.00000      0.106048       15.5780       0.00000    
   14.1267      0.168447E-02  0.153569E-03  0.930689E-04   0.00000      0.106603       15.6088       0.00000    
   14.2312      0.166929E-02  0.152878E-03  0.928670E-04   0.00000      0.107156       15.6385       0.00000    
   14.3365      0.165422E-02  0.152179E-03  0.926560E-04   0.00000      0.107704       15.6678       0.00000    
   14.4426      0.163927E-02  0.151474E-03  0.924367E-04   0.00000      0.108250       15.6968       0.00000    
   14.5494      0.162447E-02  0.150773E-03  0.922085E-04   0.00000      0.108795       15.7244       0.00000    
   14.6571      0.160977E-02  0.150069E-03  0.919703E-04   0.00000      0.109338       15.7511       0.00000    
   14.7655      0.159521E-02  0.149356E-03  0.917221E-04   0.00000      0.109874       15.7774       0.00000    
   14.8748      0.158072E-02  0.148640E-03  0.914636E-04   0.00000      0.110409       15.8027       0.00000    
   14.9848      0.156640E-02  0.147928E-03  0.911959E-04   0.00000      0.110942       15.8267       0.00000    
   15.0957      0.155217E-02  0.147212E-03  0.909196E-04   0.00000      0.111473       15.8499       0.00000    
   15.2074      0.153807E-02  0.146487E-03  0.906348E-04   0.00000      0.111997       15.8730       0.00000    
   15.3199      0.152405E-02  0.145762E-03  0.903407E-04   0.00000      0.112521       15.8950       0.00000    
   15.4332      0.151016E-02  0.145037E-03  0.900366E-04   0.00000      0.113042       15.9157       0.00000    
   15.5474      0.149636E-02  0.144306E-03  0.897220E-04   0.00000      0.113558       15.9356       0.00000    
   15.6625      0.148268E-02  0.143576E-03  0.893968E-04   0.00000      0.114073       15.9541       0.00000    
   15.7783      0.146911E-02  0.142848E-03  0.890610E-04   0.00000      0.114585       15.9711       0.00000    
   15.8951      0.145563E-02  0.142109E-03  0.887156E-04   0.00000      0.115089       15.9878       0.00000    
   16.0127      0.144223E-02  0.141365E-03  0.883612E-04   0.00000      0.115591       16.0039       0.00000    
   16.1311      0.142894E-02  0.140626E-03  0.879970E-04   0.00000      0.116092       16.0182       0.00000    
   16.2505      0.141575E-02  0.139885E-03  0.876227E-04   0.00000      0.116591       16.0313       0.00000    
   16.3707      0.140264E-02  0.139137E-03  0.872390E-04   0.00000      0.117082       16.0439       0.00000    
   16.4918      0.138961E-02  0.138384E-03  0.868458E-04   0.00000      0.117571       16.0556       0.00000    
   16.6139      0.137667E-02  0.137633E-03  0.864428E-04   0.00000      0.118058       16.0658       0.00000    
   16.7368      0.136382E-02  0.136877E-03  0.860300E-04   0.00000      0.118541       16.0751       0.00000    
   16.8606      0.135104E-02  0.136114E-03  0.856077E-04   0.00000      0.119017       16.0837       0.00000    
   16.9854      0.133835E-02  0.135350E-03  0.851767E-04   0.00000      0.119491       16.0913       0.00000    
   17.1110      0.132575E-02  0.134586E-03  0.847371E-04   0.00000      0.119963       16.0975       0.00000    
   17.2376      0.131321E-02  0.133817E-03  0.842890E-04   0.00000      0.120430       16.1030       0.00000    
   17.3652      0.130076E-02  0.133043E-03  0.838324E-04   0.00000      0.120893       16.1078       0.00000    
   17.4936      0.128838E-02  0.132272E-03  0.833672E-04   0.00000      0.121356       16.1110       0.00000    
   17.6231      0.127608E-02  0.131500E-03  0.828939E-04   0.00000      0.121816       16.1131       0.00000    
   17.7535      0.126384E-02  0.130720E-03  0.824127E-04   0.00000      0.122270       16.1147       0.00000    
   17.8848      0.125167E-02  0.129934E-03  0.819229E-04   0.00000      0.122719       16.1156       0.00000    
   18.0171      0.123957E-02  0.129151E-03  0.814246E-04   0.00000      0.123168       16.1150       0.00000    
   18.1504      0.122755E-02  0.128366E-03  0.809181E-04   0.00000      0.123613       16.1131       0.00000    
   18.2847      0.121559E-02  0.127572E-03  0.804039E-04   0.00000      0.124052       16.1108       0.00000    
   18.4200      0.120368E-02  0.126773E-03  0.798826E-04   0.00000      0.124486       16.1079       0.00000    
   18.5563      0.119185E-02  0.125977E-03  0.793546E-04   0.00000      0.124921       16.1037       0.00000    
   18.6936      0.118008E-02  0.125176E-03  0.788193E-04   0.00000      0.125350       16.0987       0.00000    
   18.8319      0.116837E-02  0.124365E-03  0.782761E-04   0.00000      0.125772       16.0933       0.00000    
   18.9712      0.115673E-02  0.123553E-03  0.777257E-04   0.00000      0.126191       16.0867       0.00000    
   19.1116      0.114515E-02  0.122740E-03  0.771688E-04   0.00000      0.126607       16.0791       0.00000    
   19.2530      0.113361E-02  0.121920E-03  0.766059E-04   0.00000      0.127018       16.0712       0.00000    
   19.3954      0.112214E-02  0.121097E-03  0.760377E-04   0.00000      0.127426       16.0625       0.00000    
   19.5389      0.111073E-02  0.120275E-03  0.754647E-04   0.00000      0.127834       16.0528       0.00000    
   19.6835      0.109938E-02  0.119447E-03  0.748862E-04   0.00000      0.128237       16.0427       0.00000    
   19.8291      0.108808E-02  0.118613E-03  0.743014E-04   0.00000      0.128633       16.0319       0.00000    
   19.9758      0.107683E-02  0.117776E-03  0.737107E-04   0.00000      0.129027       16.0203       0.00000    
   20.1236      0.106564E-02  0.116935E-03  0.731146E-04   0.00000      0.129416       16.0080       0.00000    
   20.2725      0.105450E-02  0.116085E-03  0.725136E-04   0.00000      0.129798       15.9957       0.00000    
   20.4225      0.104341E-02  0.115232E-03  0.719081E-04   0.00000      0.130176       15.9827       0.00000    
   20.5736      0.103240E-02  0.114383E-03  0.712982E-04   0.00000      0.130554       15.9682       0.00000    
   20.7258      0.102144E-02  0.113530E-03  0.706839E-04   0.00000      0.130929       15.9532       0.00000    
   20.8792      0.101053E-02  0.112669E-03  0.700653E-04   0.00000      0.131295       15.9381       0.00000    
   21.0336      0.999670E-03  0.111804E-03  0.694424E-04   0.00000      0.131658       15.9223       0.00000    
   21.1893      0.988873E-03  0.110938E-03  0.688153E-04   0.00000      0.132017       15.9057       0.00000    
   21.3460      0.978130E-03  0.110064E-03  0.681853E-04   0.00000      0.132368       15.8893       0.00000    
   21.5040      0.967423E-03  0.109181E-03  0.675532E-04   0.00000      0.132713       15.8730       0.00000    
   21.6631      0.956776E-03  0.108300E-03  0.669187E-04   0.00000      0.133058       15.8560       0.00000    
   21.8233      0.946192E-03  0.107418E-03  0.662815E-04   0.00000      0.133399       15.8382       0.00000    
   21.9848      0.935654E-03  0.106528E-03  0.656421E-04   0.00000      0.133733       15.8207       0.00000    
   22.1475      0.925162E-03  0.105630E-03  0.650016E-04   0.00000      0.134061       15.8034       0.00000    
   22.3113      0.914736E-03  0.104733E-03  0.643598E-04   0.00000      0.134386       15.7856       0.00000    
   22.4764      0.904372E-03  0.103836E-03  0.637166E-04   0.00000      0.134708       15.7672       0.00000    
   22.6427      0.894056E-03  0.102933E-03  0.630727E-04   0.00000      0.135026       15.7490       0.00000    
   22.8102      0.883803E-03  0.102030E-03  0.624281E-04   0.00000      0.135340       15.7304       0.00000    
   22.9790      0.873617E-03  0.101130E-03  0.617820E-04   0.00000      0.135653       15.7107       0.00000    
   23.1490      0.863490E-03  0.100225E-03  0.611342E-04   0.00000      0.135959       15.6909       0.00000    
   23.3203      0.853402E-03  0.993108E-04  0.604848E-04   0.00000      0.136255       15.6716       0.00000    
   23.4928      0.843364E-03  0.983934E-04  0.598348E-04   0.00000      0.136547       15.6523       0.00000    
   23.6666      0.833396E-03  0.974757E-04  0.591853E-04   0.00000      0.136834       15.6326       0.00000    
   23.8417      0.823483E-03  0.965531E-04  0.585363E-04   0.00000      0.137114       15.6134       0.00000    
   24.0181      0.813630E-03  0.956282E-04  0.578877E-04   0.00000      0.137390       15.5941       0.00000    
   24.1958      0.803847E-03  0.947054E-04  0.572396E-04   0.00000      0.137662       15.5743       0.00000    
   24.3748      0.794125E-03  0.937793E-04  0.565924E-04   0.00000      0.137928       15.5547       0.00000    
   24.5552      0.784466E-03  0.928500E-04  0.559467E-04   0.00000      0.138187       15.5355       0.00000    
   24.7368      0.774873E-03  0.919243E-04  0.553026E-04   0.00000      0.138445       15.5158       0.00000    
   24.9199      0.765353E-03  0.909998E-04  0.546599E-04   0.00000      0.138699       15.4958       0.00000    
   25.1042      0.755884E-03  0.900713E-04  0.540187E-04   0.00000      0.138947       15.4762       0.00000    
   25.2900      0.746476E-03  0.891421E-04  0.533794E-04   0.00000      0.139190       15.4569       0.00000    
   25.4771      0.737144E-03  0.882166E-04  0.527424E-04   0.00000      0.139431       15.4370       0.00000    
   25.6656      0.727869E-03  0.872920E-04  0.521074E-04   0.00000      0.139670       15.4172       0.00000    
   25.8555      0.718657E-03  0.863663E-04  0.514746E-04   0.00000      0.139903       15.3975       0.00000    
   26.0468      0.709521E-03  0.854416E-04  0.508443E-04   0.00000      0.140130       15.3779       0.00000    
   26.2395      0.700453E-03  0.845182E-04  0.502165E-04   0.00000      0.140353       15.3583       0.00000    
   26.4336      0.691457E-03  0.835933E-04  0.495916E-04   0.00000      0.140568       15.3392       0.00000    
   26.6292      0.682519E-03  0.826667E-04  0.489695E-04   0.00000      0.140776       15.3207       0.00000    
   26.8262      0.673666E-03  0.817450E-04  0.483509E-04   0.00000      0.140981       15.3018       0.00000    
   27.0247      0.664883E-03  0.808275E-04  0.477361E-04   0.00000      0.141185       15.2829       0.00000    
   27.2246      0.656161E-03  0.799086E-04  0.471248E-04   0.00000      0.141382       15.2646       0.00000    
   27.4261      0.647508E-03  0.789914E-04  0.465170E-04   0.00000      0.141574       15.2466       0.00000    
   27.6290      0.638931E-03  0.780802E-04  0.459123E-04   0.00000      0.141766       15.2281       0.00000    
   27.8334      0.630425E-03  0.771716E-04  0.453107E-04   0.00000      0.141952       15.2095       0.00000    
   28.0393      0.621980E-03  0.762627E-04  0.447124E-04   0.00000      0.142133       15.1914       0.00000    
   28.2468      0.613614E-03  0.753578E-04  0.441182E-04   0.00000      0.142309       15.1734       0.00000    
   28.4558      0.605330E-03  0.744593E-04  0.435284E-04   0.00000      0.142483       15.1551       0.00000    
   28.6663      0.597128E-03  0.735626E-04  0.429430E-04   0.00000      0.142649       15.1374       0.00000    
   28.8784      0.588991E-03  0.726650E-04  0.423621E-04   0.00000      0.142806       15.1206       0.00000    
   29.0921      0.580929E-03  0.717727E-04  0.417857E-04   0.00000      0.142961       15.1039       0.00000    
   29.3073      0.572945E-03  0.708882E-04  0.412138E-04   0.00000      0.143117       15.0867       0.00000    
   29.5241      0.565039E-03  0.700070E-04  0.406465E-04   0.00000      0.143267       15.0699       0.00000    
   29.7426      0.557205E-03  0.691286E-04  0.400842E-04   0.00000      0.143411       15.0536       0.00000    
   29.9626      0.549448E-03  0.682559E-04  0.395264E-04   0.00000      0.143552       15.0374       0.00000    
   30.1843      0.541758E-03  0.673861E-04  0.389731E-04   0.00000      0.143689       15.0216       0.00000    
   30.4076      0.534143E-03  0.665205E-04  0.384243E-04   0.00000      0.143820       15.0060       0.00000    
   30.6326      0.526606E-03  0.656631E-04  0.378800E-04   0.00000      0.143952       14.9900       0.00000    
   30.8592      0.519151E-03  0.648110E-04  0.373402E-04   0.00000      0.144078       14.9740       0.00000    
   31.0876      0.511770E-03  0.639607E-04  0.368051E-04   0.00000      0.144194       14.9588       0.00000    
   31.3176      0.504467E-03  0.631156E-04  0.362752E-04   0.00000      0.144306       14.9439       0.00000    
   31.5493      0.497246E-03  0.622792E-04  0.357506E-04   0.00000      0.144417       14.9287       0.00000    
   31.7827      0.490095E-03  0.614477E-04  0.352312E-04   0.00000      0.144525       14.9140       0.00000    
   32.0178      0.483019E-03  0.606192E-04  0.347170E-04   0.00000      0.144625       14.9000       0.00000    
   32.2547      0.476018E-03  0.597989E-04  0.342080E-04   0.00000      0.144726       14.8859       0.00000    
   32.4934      0.469100E-03  0.589891E-04  0.337043E-04   0.00000      0.144828       14.8710       0.00000    
   32.7338      0.462256E-03  0.581849E-04  0.332055E-04   0.00000      0.144926       14.8565       0.00000    
   32.9760      0.455480E-03  0.573837E-04  0.327118E-04   0.00000      0.145018       14.8427       0.00000    
   33.2199      0.448787E-03  0.565893E-04  0.322232E-04   0.00000      0.145104       14.8291       0.00000    
   33.4657      0.442172E-03  0.558021E-04  0.317399E-04   0.00000      0.145186       14.8155       0.00000    
   33.7133      0.435629E-03  0.550186E-04  0.312617E-04   0.00000      0.145261       14.8027       0.00000    
   33.9628      0.429156E-03  0.542400E-04  0.307889E-04   0.00000      0.145330       14.7905       0.00000    
   34.2140      0.422765E-03  0.534714E-04  0.303214E-04   0.00000      0.145400       14.7779       0.00000    
   34.4672      0.416452E-03  0.527115E-04  0.298590E-04   0.00000      0.145469       14.7649       0.00000    
   34.7222      0.410206E-03  0.519559E-04  0.294019E-04   0.00000      0.145533       14.7528       0.00000    
   34.9791      0.404030E-03  0.512069E-04  0.289507E-04   0.00000      0.145594       14.7412       0.00000    
   35.2379      0.397930E-03  0.504691E-04  0.285051E-04   0.00000      0.145660       14.7289       0.00000    
   35.4986      0.391910E-03  0.497393E-04  0.280644E-04   0.00000      0.145724       14.7165       0.00000    
   35.7612      0.385958E-03  0.490121E-04  0.276284E-04   0.00000      0.145774       14.7051       0.00000    
   36.0258      0.380082E-03  0.482908E-04  0.271970E-04   0.00000      0.145818       14.6939       0.00000    
   36.2924      0.374282E-03  0.475788E-04  0.267706E-04   0.00000      0.145861       14.6823       0.00000    
   36.5609      0.368551E-03  0.468728E-04  0.263493E-04   0.00000      0.145899       14.6711       0.00000    
   36.8314      0.362884E-03  0.461721E-04  0.259334E-04   0.00000      0.145932       14.6608       0.00000    
   37.1039      0.357289E-03  0.454812E-04  0.255229E-04   0.00000      0.145969       14.6500       0.00000    
   37.3784      0.351769E-03  0.448015E-04  0.251176E-04   0.00000      0.146011       14.6384       0.00000    
   37.6550      0.346317E-03  0.441291E-04  0.247175E-04   0.00000      0.146051       14.6270       0.00000    
   37.9336      0.340934E-03  0.434610E-04  0.243224E-04   0.00000      0.146081       14.6165       0.00000    
   38.2142      0.335622E-03  0.427984E-04  0.239323E-04   0.00000      0.146103       14.6067       0.00000    
   38.4969      0.330377E-03  0.421419E-04  0.235468E-04   0.00000      0.146118       14.5972       0.00000    
   38.7818      0.325199E-03  0.414924E-04  0.231660E-04   0.00000      0.146130       14.5877       0.00000    
   39.0687      0.320093E-03  0.408519E-04  0.227899E-04   0.00000      0.146141       14.5778       0.00000    
   39.3578      0.315053E-03  0.402194E-04  0.224188E-04   0.00000      0.146152       14.5679       0.00000    
   39.6490      0.310076E-03  0.395941E-04  0.220529E-04   0.00000      0.146162       14.5583       0.00000    
   39.9423      0.305167E-03  0.389780E-04  0.216920E-04   0.00000      0.146174       14.5484       0.00000    
   40.2378      0.300328E-03  0.383699E-04  0.213357E-04   0.00000      0.146183       14.5382       0.00000    
   40.5355      0.295556E-03  0.377659E-04  0.209841E-04   0.00000      0.146179       14.5290       0.00000    
   40.8354      0.290842E-03  0.371663E-04  0.206372E-04   0.00000      0.146167       14.5210       0.00000    
   41.1376      0.286192E-03  0.365752E-04  0.202954E-04   0.00000      0.146157       14.5128       0.00000    
   41.4419      0.281605E-03  0.359930E-04  0.199586E-04   0.00000      0.146149       14.5045       0.00000    
   41.7485      0.277079E-03  0.354178E-04  0.196266E-04   0.00000      0.146140       14.4964       0.00000    
   42.0574      0.272615E-03  0.348508E-04  0.192991E-04   0.00000      0.146131       14.4881       0.00000    
   42.3686      0.268218E-03  0.342927E-04  0.189758E-04   0.00000      0.146123       14.4789       0.00000    
   42.6821      0.263886E-03  0.337402E-04  0.186565E-04   0.00000      0.146104       14.4701       0.00000    
   42.9978      0.259608E-03  0.331911E-04  0.183414E-04   0.00000      0.146073       14.4625       0.00000    
   43.3160      0.255386E-03  0.326480E-04  0.180305E-04   0.00000      0.146038       14.4553       0.00000    
   43.6365      0.251226E-03  0.321140E-04  0.177242E-04   0.00000      0.146006       14.4475       0.00000    
   43.9593      0.247123E-03  0.315882E-04  0.174224E-04   0.00000      0.145977       14.4394       0.00000    
   44.2845      0.243072E-03  0.310685E-04  0.171249E-04   0.00000      0.145946       14.4317       0.00000    
   44.6122      0.239082E-03  0.305559E-04  0.168317E-04   0.00000      0.145912       14.4241       0.00000    
   44.9423      0.235155E-03  0.300506E-04  0.165427E-04   0.00000      0.145875       14.4163       0.00000    
   45.2748      0.231285E-03  0.295513E-04  0.162577E-04   0.00000      0.145830       14.4087       0.00000    
   45.6097      0.227467E-03  0.290575E-04  0.159765E-04   0.00000      0.145780       14.4015       0.00000    
   45.9472      0.223702E-03  0.285710E-04  0.156991E-04   0.00000      0.145730       14.3939       0.00000    
   46.2871      0.219990E-03  0.280924E-04  0.154257E-04   0.00000      0.145683       14.3857       0.00000    
   46.6296      0.216331E-03  0.276202E-04  0.151565E-04   0.00000      0.145636       14.3778       0.00000    
   46.9746      0.212728E-03  0.271527E-04  0.148911E-04   0.00000      0.145576       14.3707       0.00000    
   47.3221      0.209178E-03  0.266906E-04  0.146295E-04   0.00000      0.145507       14.3639       0.00000    
   47.6723      0.205680E-03  0.262348E-04  0.143718E-04   0.00000      0.145437       14.3573       0.00000    
   48.0250      0.202229E-03  0.257850E-04  0.141179E-04   0.00000      0.145365       14.3509       0.00000    
   48.3803      0.198827E-03  0.253432E-04  0.138678E-04   0.00000      0.145299       14.3437       0.00000    
   48.7382      0.195475E-03  0.249087E-04  0.136214E-04   0.00000      0.145235       14.3361       0.00000    
   49.0988      0.192173E-03  0.244785E-04  0.133785E-04   0.00000      0.145160       14.3292       0.00000    
   49.4621      0.188923E-03  0.240533E-04  0.131391E-04   0.00000      0.145075       14.3228       0.00000    
   49.8281      0.185723E-03  0.236348E-04  0.129031E-04   0.00000      0.144987       14.3159       0.00000    
   50.1967      0.182568E-03  0.232223E-04  0.126704E-04   0.00000      0.144899       14.3088       0.00000    
   50.5681      0.179455E-03  0.228161E-04  0.124411E-04   0.00000      0.144814       14.3013       0.00000    
   50.9423      0.176389E-03  0.224168E-04  0.122150E-04   0.00000      0.144730       14.2931       0.00000    
   51.3192      0.173374E-03  0.220229E-04  0.119923E-04   0.00000      0.144637       14.2850       0.00000    
   51.6988      0.170404E-03  0.216327E-04  0.117729E-04   0.00000      0.144532       14.2779       0.00000    
   52.0813      0.167474E-03  0.212478E-04  0.115571E-04   0.00000      0.144425       14.2713       0.00000    
   52.4667      0.164589E-03  0.208701E-04  0.113446E-04   0.00000      0.144324       14.2638       0.00000    
   52.8549      0.161747E-03  0.204989E-04  0.111353E-04   0.00000      0.144226       14.2557       0.00000    
   53.2459      0.158947E-03  0.201323E-04  0.109290E-04   0.00000      0.144120       14.2478       0.00000    
   53.6399      0.156194E-03  0.197702E-04  0.107255E-04   0.00000      0.144002       14.2400       0.00000    
   54.0367      0.153486E-03  0.194146E-04  0.105252E-04   0.00000      0.143884       14.2317       0.00000    
   54.4365      0.150816E-03  0.190648E-04  0.103280E-04   0.00000      0.143768       14.2229       0.00000    
   54.8393      0.148182E-03  0.187195E-04  0.101336E-04   0.00000      0.143650       14.2142       0.00000    
   55.2450      0.145588E-03  0.183796E-04  0.994207E-05   0.00000      0.143530       14.2052       0.00000    
   55.6538      0.143037E-03  0.180443E-04  0.975322E-05   0.00000      0.143400       14.1960       0.00000    
   56.0655      0.140524E-03  0.177125E-04  0.956691E-05   0.00000      0.143257       14.1872       0.00000    
   56.4803      0.138046E-03  0.173857E-04  0.938345E-05   0.00000      0.143114       14.1783       0.00000    
   56.8982      0.135605E-03  0.170657E-04  0.920305E-05   0.00000      0.142982       14.1684       0.00000    
   57.3192      0.133203E-03  0.167514E-04  0.902550E-05   0.00000      0.142850       14.1577       0.00000    
   57.7433      0.130843E-03  0.164408E-04  0.885039E-05   0.00000      0.142702       14.1472       0.00000    
   58.1705      0.128518E-03  0.161341E-04  0.867771E-05   0.00000      0.142546       14.1367       0.00000    
   58.6009      0.126225E-03  0.158336E-04  0.850773E-05   0.00000      0.142401       14.1250       0.00000    
   59.0344      0.123967E-03  0.155384E-04  0.834039E-05   0.00000      0.142258       14.1125       0.00000    
   59.4712      0.121745E-03  0.152462E-04  0.817548E-05   0.00000      0.142099       14.1008       0.00000    
   59.9112      0.119560E-03  0.149579E-04  0.801309E-05   0.00000      0.141929       14.0892       0.00000    
   60.3545      0.117407E-03  0.146751E-04  0.785331E-05   0.00000      0.141766       14.0766       0.00000    
   60.8010      0.115283E-03  0.143966E-04  0.769607E-05   0.00000      0.141605       14.0639       0.00000    
   61.2509      0.113192E-03  0.141220E-04  0.754120E-05   0.00000      0.141436       14.0512       0.00000    
   61.7040      0.111138E-03  0.138516E-04  0.738849E-05   0.00000      0.141257       14.0378       0.00000    
   62.1606      0.109117E-03  0.135855E-04  0.723788E-05   0.00000      0.141071       14.0236       0.00000    
   62.6205      0.107121E-03  0.133237E-04  0.708970E-05   0.00000      0.140892       14.0090       0.00000    
   63.0838      0.105157E-03  0.130669E-04  0.694394E-05   0.00000      0.140717       13.9934       0.00000    
   63.5505      0.103228E-03  0.128142E-04  0.680024E-05   0.00000      0.140531       13.9770       0.00000    
   64.0207      0.101328E-03  0.125650E-04  0.665877E-05   0.00000      0.140339       13.9606       0.00000    
   64.4944      0.994531E-04  0.123200E-04  0.651972E-05   0.00000      0.140154       13.9439       0.00000    
   64.9715      0.976054E-04  0.120791E-04  0.638263E-05   0.00000      0.139969       13.9261       0.00000    
   65.4522      0.957912E-04  0.118416E-04  0.624727E-05   0.00000      0.139768       13.9074       0.00000    
   65.9365      0.940062E-04  0.116078E-04  0.611397E-05   0.00000      0.139561       13.8881       0.00000    
   66.4243      0.922450E-04  0.113779E-04  0.598281E-05   0.00000      0.139357       13.8683       0.00000    
   66.9158      0.905123E-04  0.111519E-04  0.585332E-05   0.00000      0.139149       13.8469       0.00000    
   67.4109      0.888110E-04  0.109293E-04  0.572532E-05   0.00000      0.138925       13.8240       0.00000    
   67.9096      0.871335E-04  0.107100E-04  0.559923E-05   0.00000      0.138699       13.8004       0.00000    
   68.4121      0.854798E-04  0.104949E-04  0.547524E-05   0.00000      0.138481       13.7756       0.00000    
   68.9182      0.838548E-04  0.102832E-04  0.535287E-05   0.00000      0.138251       13.7495       0.00000    
   69.4281      0.822558E-04  0.100744E-04  0.523211E-05   0.00000      0.138009       13.7225       0.00000    
   69.9418      0.806785E-04  0.986927E-05  0.511324E-05   0.00000      0.137772       13.6943       0.00000    
   70.4593      0.791275E-04  0.966801E-05  0.499602E-05   0.00000      0.137532       13.6640       0.00000    
   70.9806      0.776036E-04  0.946997E-05  0.488022E-05   0.00000      0.137281       13.6319       0.00000    
   71.5057      0.761007E-04  0.927497E-05  0.476615E-05   0.00000      0.137028       13.5987       0.00000    
   72.0348      0.746196E-04  0.908320E-05  0.465372E-05   0.00000      0.136773       13.5640       0.00000    
   72.5677      0.731659E-04  0.889470E-05  0.454256E-05   0.00000      0.136505       13.5268       0.00000    
   73.1046      0.717353E-04  0.870977E-05  0.443291E-05   0.00000      0.136236       13.4871       0.00000    
   73.6455      0.703244E-04  0.852823E-05  0.432491E-05   0.00000      0.135973       13.4454       0.00000    
   74.1904      0.689385E-04  0.834929E-05  0.421809E-05   0.00000      0.135691       13.4015       0.00000    
   74.7393      0.675734E-04  0.817328E-05  0.411249E-05   0.00000      0.135402       13.3549       0.00000    
   75.2923      0.662282E-04  0.800021E-05  0.400830E-05   0.00000      0.135111       13.3060       0.00000    
   75.8493      0.649056E-04  0.782931E-05  0.390520E-05   0.00000      0.134799       13.2548       0.00000    
   76.4105      0.636035E-04  0.766157E-05  0.380338E-05   0.00000      0.134484       13.2004       0.00000    
   76.9758      0.623210E-04  0.749728E-05  0.370297E-05   0.00000      0.134175       13.1426       0.00000    
   77.5454      0.610601E-04  0.733570E-05  0.360371E-05   0.00000      0.133853       13.0814       0.00000    
   78.1191      0.598191E-04  0.717760E-05  0.350576E-05   0.00000      0.133536       13.0162       0.00000    
   78.6971      0.585979E-04  0.702305E-05  0.340910E-05   0.00000      0.133226       12.9463       0.00000    
   79.2793      0.573963E-04  0.687099E-05  0.331358E-05   0.00000      0.132905       12.8730       0.00000    
   79.8659      0.562111E-04  0.672143E-05  0.321929E-05   0.00000      0.132583       12.7962       0.00000    
   80.4568      0.550467E-04  0.657519E-05  0.312616E-05   0.00000      0.132261       12.7143       0.00000    
   81.0521      0.539027E-04  0.643230E-05  0.303432E-05   0.00000      0.131943       12.6274       0.00000    
   81.6517      0.527747E-04  0.629163E-05  0.294372E-05   0.00000      0.131620       12.5369       0.00000    
   82.2558      0.516648E-04  0.615331E-05  0.285420E-05   0.00000      0.131289       12.4421       0.00000    
   82.8644      0.505730E-04  0.601832E-05  0.276593E-05   0.00000      0.130969       12.3414       0.00000    
   83.4775      0.494989E-04  0.588628E-05  0.267889E-05   0.00000      0.130654       12.2353       0.00000    
   84.0951      0.484407E-04  0.575675E-05  0.259312E-05   0.00000      0.130342       12.1246       0.00000    
   84.7173      0.473993E-04  0.562998E-05  0.250849E-05   0.00000      0.130034       12.0079       0.00000    
   85.3441      0.463743E-04  0.550603E-05  0.242491E-05   0.00000      0.129735       11.8846       0.00000    
   85.9755      0.453645E-04  0.538449E-05  0.234242E-05   0.00000      0.129439       11.7553       0.00000    
   86.6116      0.443690E-04  0.526505E-05  0.226105E-05   0.00000      0.129145       11.6204       0.00000    
   87.2525      0.433886E-04  0.514829E-05  0.218081E-05   0.00000      0.128862       11.4788       0.00000    
   87.8980      0.424242E-04  0.503445E-05  0.210173E-05   0.00000      0.128595       11.3295       0.00000    
   88.5483      0.414736E-04  0.492297E-05  0.202381E-05   0.00000      0.128340       11.1737       0.00000    
   89.2035      0.405370E-04  0.481371E-05  0.194696E-05   0.00000      0.128094       11.0107       0.00000    
   89.8635      0.396140E-04  0.470711E-05  0.187120E-05   0.00000      0.127869       10.8396       0.00000    
   90.5283      0.387050E-04  0.460293E-05  0.179658E-05   0.00000      0.127661       10.6607       0.00000    
   91.1981      0.378084E-04  0.450085E-05  0.172315E-05   0.00000      0.127470       10.4747       0.00000    
   91.8729      0.369258E-04  0.440117E-05  0.165083E-05   0.00000      0.127298       10.2802       0.00000    
   92.5526      0.360558E-04  0.430402E-05  0.157958E-05   0.00000      0.127156       10.0766       0.00000    
   93.2374      0.351974E-04  0.420909E-05  0.150950E-05   0.00000      0.127043       9.86461       0.00000    
   93.9272      0.343507E-04  0.411584E-05  0.144044E-05   0.00000      0.126944       9.64438       0.00000    
   94.6221      0.335152E-04  0.402448E-05  0.137244E-05   0.00000      0.126870       9.41526       0.00000    
   95.3222      0.326909E-04  0.393537E-05  0.130557E-05   0.00000      0.126833       9.17670       0.00000    
   96.0275      0.318783E-04  0.384830E-05  0.123975E-05   0.00000      0.126828       8.92830       0.00000    
   96.7379      0.310764E-04  0.376346E-05  0.117510E-05   0.00000      0.126869       8.67024       0.00000    
   97.4537      0.302851E-04  0.368103E-05  0.111159E-05   0.00000      0.126967       8.40160       0.00000    
   98.1747      0.295055E-04  0.360119E-05  0.104900E-05   0.00000      0.127124       8.12021       0.00000    
   98.9010      0.287385E-04  0.352416E-05  0.987316E-06   0.00000      0.127350       7.82529       0.00000    
   99.6328      0.279813E-04  0.344910E-05  0.926365E-06   0.00000      0.127633       7.51691       0.00000    
