   1.20444      0.111185      0.654695E-04  0.240660E-04   0.00000      0.627354E-03   10.0915       0.00000    
   1.21335      0.109572      0.657176E-04  0.241375E-04   0.00000      0.638945E-03   10.0839       0.00000    
   1.22233      0.107981      0.659858E-04  0.242088E-04   0.00000      0.650918E-03   10.0735       0.00000    
   1.23137      0.106416      0.662676E-04  0.242797E-04   0.00000      0.663203E-03   10.0611       0.00000    
   1.24048      0.104872      0.665455E-04  0.243532E-04   0.00000      0.675699E-03   10.0504       0.00000    
   1.24966      0.103353      0.668226E-04  0.244292E-04   0.00000      0.688402E-03   10.0408       0.00000    
   1.25891      0.101853      0.671153E-04  0.245042E-04   0.00000      0.701485E-03   10.0287       0.00000    
   1.26822      0.100379      0.674191E-04  0.245790E-04   0.00000      0.714887E-03   10.0152       0.00000    
   1.27760      0.989246E-01  0.677226E-04  0.246559E-04   0.00000      0.728547E-03   10.0026       0.00000    
   1.28706      0.974873E-01  0.680229E-04  0.247338E-04   0.00000      0.742456E-03   9.99090       0.00000    
   1.29658      0.960742E-01  0.683230E-04  0.248111E-04   0.00000      0.756588E-03   9.97908       0.00000    
   1.30617      0.946821E-01  0.686194E-04  0.248905E-04   0.00000      0.770940E-03   9.96870       0.00000    
   1.31583      0.933104E-01  0.688981E-04  0.249763E-04   0.00000      0.785394E-03   9.96307       0.00000    
   1.32557      0.919588E-01  0.691574E-04  0.250685E-04   0.00000      0.799931E-03   9.96240       0.00000    
   1.33538      0.906279E-01  0.694001E-04  0.251669E-04   0.00000      0.814566E-03   9.96619       0.00000    
   1.34526      0.893154E-01  0.696220E-04  0.252708E-04   0.00000      0.829269E-03   9.97472       0.00000    
   1.35521      0.880248E-01  0.698241E-04  0.253753E-04   0.00000      0.843990E-03   9.98603       0.00000    
   1.36524      0.867505E-01  0.700167E-04  0.254770E-04   0.00000      0.858875E-03   9.99748       0.00000    
   1.37534      0.854969E-01  0.702036E-04  0.255797E-04   0.00000      0.873933E-03   10.0100       0.00000    
   1.38551      0.842595E-01  0.703760E-04  0.256888E-04   0.00000      0.889133E-03   10.0266       0.00000    
   1.39576      0.830379E-01  0.705310E-04  0.258075E-04   0.00000      0.904458E-03   10.0488       0.00000    
   1.40609      0.818355E-01  0.706774E-04  0.259343E-04   0.00000      0.919960E-03   10.0750       0.00000    
   1.41649      0.806542E-01  0.708297E-04  0.260619E-04   0.00000      0.935751E-03   10.1006       0.00000    
   1.42697      0.794882E-01  0.710036E-04  0.261829E-04   0.00000      0.952057E-03   10.1208       0.00000    
   1.43753      0.783391E-01  0.712087E-04  0.262929E-04   0.00000      0.968965E-03   10.1330       0.00000    
   1.44817      0.772086E-01  0.714506E-04  0.263921E-04   0.00000      0.986536E-03   10.1365       0.00000    
   1.45888      0.760949E-01  0.717328E-04  0.264841E-04   0.00000      0.100487E-02   10.1322       0.00000    
   1.46968      0.749967E-01  0.720435E-04  0.265727E-04   0.00000      0.102388E-02   10.1231       0.00000    
   1.48055      0.739151E-01  0.723692E-04  0.266587E-04   0.00000      0.104340E-02   10.1112       0.00000    
   1.49150      0.728458E-01  0.727031E-04  0.267421E-04   0.00000      0.106342E-02   10.0974       0.00000    
   1.50254      0.717932E-01  0.730388E-04  0.268238E-04   0.00000      0.108379E-02   10.0830       0.00000    
   1.51366      0.707581E-01  0.733819E-04  0.269029E-04   0.00000      0.110458E-02   10.0669       0.00000    
   1.52486      0.697383E-01  0.737364E-04  0.269786E-04   0.00000      0.112588E-02   10.0483       0.00000    
   1.53614      0.687331E-01  0.740860E-04  0.270551E-04   0.00000      0.114750E-02   10.0307       0.00000    
   1.54750      0.677425E-01  0.744225E-04  0.271358E-04   0.00000      0.116936E-02   10.0164       0.00000    
   1.55895      0.667683E-01  0.747601E-04  0.272162E-04   0.00000      0.119158E-02   10.0020       0.00000    
   1.57049      0.658071E-01  0.751000E-04  0.272942E-04   0.00000      0.121425E-02   9.98654       0.00000    
   1.58211      0.648596E-01  0.754328E-04  0.273738E-04   0.00000      0.123723E-02   9.97267       0.00000    
   1.59381      0.639235E-01  0.757712E-04  0.274520E-04   0.00000      0.126074E-02   9.95777       0.00000    
   1.60560      0.630017E-01  0.761298E-04  0.275246E-04   0.00000      0.128493E-02   9.93867       0.00000    
   1.61748      0.620950E-01  0.764961E-04  0.275977E-04   0.00000      0.130964E-02   9.91903       0.00000    
   1.62945      0.612030E-01  0.768602E-04  0.276759E-04   0.00000      0.133476E-02   9.90149       0.00000    
   1.64151      0.603236E-01  0.772331E-04  0.277549E-04   0.00000      0.136048E-02   9.88333       0.00000    
   1.65365      0.594568E-01  0.776155E-04  0.278332E-04   0.00000      0.138681E-02   9.86402       0.00000    
   1.66588      0.586042E-01  0.779897E-04  0.279141E-04   0.00000      0.141346E-02   9.84666       0.00000    
   1.67821      0.577621E-01  0.783491E-04  0.279963E-04   0.00000      0.144041E-02   9.83159       0.00000    
   1.69063      0.569305E-01  0.787110E-04  0.280763E-04   0.00000      0.146790E-02   9.81568       0.00000    
   1.70313      0.561109E-01  0.790906E-04  0.281545E-04   0.00000      0.149619E-02   9.79729       0.00000    
   1.71574      0.553053E-01  0.794822E-04  0.282334E-04   0.00000      0.152513E-02   9.77794       0.00000    
   1.72843      0.545127E-01  0.798753E-04  0.283135E-04   0.00000      0.155459E-02   9.75899       0.00000    
   1.74122      0.537312E-01  0.802725E-04  0.283947E-04   0.00000      0.158468E-02   9.74009       0.00000    
   1.75410      0.529626E-01  0.806706E-04  0.284814E-04   0.00000      0.161531E-02   9.72300       0.00000    
   1.76708      0.522044E-01  0.810605E-04  0.285779E-04   0.00000      0.164642E-02   9.71004       0.00000    
   1.78015      0.514560E-01  0.814521E-04  0.286822E-04   0.00000      0.167822E-02   9.69951       0.00000    
   1.79332      0.507168E-01  0.818517E-04  0.287916E-04   0.00000      0.171083E-02   9.68974       0.00000    
   1.80659      0.499883E-01  0.822573E-04  0.289061E-04   0.00000      0.174418E-02   9.68102       0.00000    
   1.81996      0.492733E-01  0.826685E-04  0.290238E-04   0.00000      0.177815E-02   9.67273       0.00000    
   1.83342      0.485691E-01  0.830734E-04  0.291422E-04   0.00000      0.181261E-02   9.66543       0.00000    
   1.84699      0.478748E-01  0.834570E-04  0.292637E-04   0.00000      0.184730E-02   9.66147       0.00000    
   1.86065      0.471925E-01  0.838146E-04  0.293901E-04   0.00000      0.188204E-02   9.66178       0.00000    
   1.87442      0.465186E-01  0.841399E-04  0.295242E-04   0.00000      0.191686E-02   9.66782       0.00000    
   1.88829      0.458527E-01  0.844181E-04  0.296731E-04   0.00000      0.195150E-02   9.68334       0.00000    
   1.90226      0.451946E-01  0.846460E-04  0.298401E-04   0.00000      0.198590E-02   9.70951       0.00000    
   1.91633      0.445498E-01  0.848417E-04  0.300208E-04   0.00000      0.202013E-02   9.74302       0.00000    
   1.93051      0.439145E-01  0.850126E-04  0.302092E-04   0.00000      0.205446E-02   9.78132       0.00000    
   1.94479      0.432891E-01  0.851517E-04  0.304067E-04   0.00000      0.208870E-02   9.82552       0.00000    
   1.95918      0.426734E-01  0.852579E-04  0.306207E-04   0.00000      0.212287E-02   9.87797       0.00000    
   1.97368      0.420672E-01  0.853228E-04  0.308557E-04   0.00000      0.215681E-02   9.94088       0.00000    
   1.98828      0.414651E-01  0.853323E-04  0.311142E-04   0.00000      0.219046E-02   10.0165       0.00000    
   2.00299      0.408731E-01  0.852848E-04  0.313965E-04   0.00000      0.222348E-02   10.1053       0.00000    
   2.01781      0.402910E-01  0.852334E-04  0.316883E-04   0.00000      0.225692E-02   10.1971       0.00000    
   2.03274      0.397187E-01  0.853005E-04  0.319505E-04   0.00000      0.229332E-02   10.2671       0.00000    
   2.04778      0.391561E-01  0.855527E-04  0.321577E-04   0.00000      0.233416E-02   10.3002       0.00000    
   2.06293      0.386019E-01  0.859227E-04  0.323279E-04   0.00000      0.237820E-02   10.3093       0.00000    
   2.07819      0.380546E-01  0.863327E-04  0.324870E-04   0.00000      0.242396E-02   10.3107       0.00000    
   2.09357      0.375123E-01  0.867524E-04  0.326465E-04   0.00000      0.247097E-02   10.3111       0.00000    
   2.10906      0.369797E-01  0.871641E-04  0.328112E-04   0.00000      0.251855E-02   10.3139       0.00000    
   2.12466      0.364565E-01  0.875679E-04  0.329834E-04   0.00000      0.256672E-02   10.3197       0.00000    
   2.14038      0.359415E-01  0.879678E-04  0.331615E-04   0.00000      0.261566E-02   10.3276       0.00000    
   2.15622      0.354353E-01  0.883716E-04  0.333396E-04   0.00000      0.266546E-02   10.3349       0.00000    
   2.17217      0.349347E-01  0.887857E-04  0.335121E-04   0.00000      0.271649E-02   10.3395       0.00000    
   2.18824      0.344387E-01  0.892044E-04  0.336812E-04   0.00000      0.276872E-02   10.3426       0.00000    
   2.20443      0.339513E-01  0.896217E-04  0.338502E-04   0.00000      0.282172E-02   10.3458       0.00000    
   2.22074      0.334725E-01  0.900382E-04  0.340207E-04   0.00000      0.287553E-02   10.3495       0.00000    
   2.23717      0.330017E-01  0.904532E-04  0.341971E-04   0.00000      0.293020E-02   10.3549       0.00000    
   2.25372      0.325383E-01  0.908687E-04  0.343777E-04   0.00000      0.298584E-02   10.3614       0.00000    
   2.27040      0.320802E-01  0.912843E-04  0.345595E-04   0.00000      0.304261E-02   10.3681       0.00000    
   2.28720      0.316264E-01  0.916982E-04  0.347426E-04   0.00000      0.310055E-02   10.3753       0.00000    
   2.30412      0.311802E-01  0.921195E-04  0.349262E-04   0.00000      0.315965E-02   10.3819       0.00000    
   2.32117      0.307430E-01  0.925543E-04  0.351115E-04   0.00000      0.321993E-02   10.3874       0.00000    
   2.33834      0.303127E-01  0.930021E-04  0.353011E-04   0.00000      0.328167E-02   10.3927       0.00000    
   2.35564      0.298885E-01  0.934614E-04  0.354942E-04   0.00000      0.334491E-02   10.3977       0.00000    
   2.37307      0.294682E-01  0.939381E-04  0.356899E-04   0.00000      0.341010E-02   10.4016       0.00000    
   2.39063      0.290527E-01  0.944367E-04  0.358860E-04   0.00000      0.347731E-02   10.4034       0.00000    
   2.40831      0.286461E-01  0.949432E-04  0.360830E-04   0.00000      0.354564E-02   10.4046       0.00000    
   2.42613      0.282467E-01  0.954390E-04  0.362831E-04   0.00000      0.361470E-02   10.4077       0.00000    
   2.44408      0.278534E-01  0.959225E-04  0.364857E-04   0.00000      0.368455E-02   10.4126       0.00000    
   2.46217      0.274635E-01  0.963948E-04  0.366913E-04   0.00000      0.375559E-02   10.4193       0.00000    
   2.48038      0.270778E-01  0.968509E-04  0.369026E-04   0.00000      0.382761E-02   10.4290       0.00000    
   2.49873      0.266992E-01  0.972906E-04  0.371187E-04   0.00000      0.390015E-02   10.4415       0.00000    
   2.51722      0.263284E-01  0.977066E-04  0.373369E-04   0.00000      0.397279E-02   10.4567       0.00000    
   2.53585      0.259640E-01  0.980883E-04  0.375594E-04   0.00000      0.404535E-02   10.4763       0.00000    
   2.55461      0.256024E-01  0.984206E-04  0.377952E-04   0.00000      0.411791E-02   10.5038       0.00000    
   2.57351      0.252434E-01  0.986287E-04  0.380721E-04   0.00000      0.418810E-02   10.5537       0.00000    
   2.59255      0.248917E-01  0.986700E-04  0.384057E-04   0.00000      0.425366E-02   10.6338       0.00000    
   2.61173      0.245475E-01  0.986479E-04  0.387679E-04   0.00000      0.431784E-02   10.7272       0.00000    
   2.63105      0.242088E-01  0.986621E-04  0.391236E-04   0.00000      0.438419E-02   10.8152       0.00000    
   2.65052      0.238729E-01  0.987155E-04  0.394677E-04   0.00000      0.445329E-02   10.8961       0.00000    
   2.67013      0.235395E-01  0.987731E-04  0.398112E-04   0.00000      0.452406E-02   10.9761       0.00000    
   2.68988      0.232132E-01  0.988128E-04  0.401616E-04   0.00000      0.459490E-02   11.0594       0.00000    
   2.70979      0.228954E-01  0.988669E-04  0.405157E-04   0.00000      0.466673E-02   11.1419       0.00000    
   2.72983      0.225808E-01  0.990193E-04  0.408492E-04   0.00000      0.474361E-02   11.2090       0.00000    
   2.75003      0.222681E-01  0.993118E-04  0.411468E-04   0.00000      0.482746E-02   11.2526       0.00000    
   2.77038      0.219599E-01  0.996787E-04  0.414246E-04   0.00000      0.491549E-02   11.2834       0.00000    
   2.79088      0.216588E-01  0.100049E-03  0.416977E-04   0.00000      0.500448E-02   11.3125       0.00000    
   2.81152      0.213642E-01  0.100423E-03  0.419658E-04   0.00000      0.509447E-02   11.3398       0.00000    
   2.83233      0.210712E-01  0.100804E-03  0.422288E-04   0.00000      0.518679E-02   11.3649       0.00000    
   2.85328      0.207805E-01  0.101182E-03  0.424915E-04   0.00000      0.528102E-02   11.3900       0.00000    
   2.87439      0.204957E-01  0.101557E-03  0.427561E-04   0.00000      0.537627E-02   11.4156       0.00000    
   2.89566      0.202180E-01  0.101937E-03  0.430208E-04   0.00000      0.547252E-02   11.4407       0.00000    
   2.91708      0.199432E-01  0.102319E-03  0.432871E-04   0.00000      0.557075E-02   11.4657       0.00000    
   2.93866      0.196691E-01  0.102699E-03  0.435537E-04   0.00000      0.567145E-02   11.4907       0.00000    
   2.96041      0.194005E-01  0.103077E-03  0.438147E-04   0.00000      0.577320E-02   11.5144       0.00000    
   2.98231      0.191387E-01  0.103443E-03  0.440725E-04   0.00000      0.587502E-02   11.5384       0.00000    
   3.00437      0.188799E-01  0.103792E-03  0.443345E-04   0.00000      0.597800E-02   11.5648       0.00000    
   3.02660      0.186219E-01  0.104149E-03  0.445983E-04   0.00000      0.608403E-02   11.5907       0.00000    
   3.04900      0.183689E-01  0.104519E-03  0.448589E-04   0.00000      0.619190E-02   11.6144       0.00000    
   3.07155      0.181228E-01  0.104875E-03  0.451180E-04   0.00000      0.629973E-02   11.6388       0.00000    
   3.09428      0.178784E-01  0.105219E-03  0.453788E-04   0.00000      0.640925E-02   11.6648       0.00000    
   3.11717      0.176350E-01  0.105568E-03  0.456409E-04   0.00000      0.652178E-02   11.6903       0.00000    
   3.14024      0.173973E-01  0.105925E-03  0.459022E-04   0.00000      0.663571E-02   11.7146       0.00000    
   3.16347      0.171658E-01  0.106277E-03  0.461608E-04   0.00000      0.675000E-02   11.7387       0.00000    
   3.18687      0.169347E-01  0.106613E-03  0.464180E-04   0.00000      0.686634E-02   11.7639       0.00000    
   3.21045      0.167052E-01  0.106950E-03  0.466757E-04   0.00000      0.698531E-02   11.7889       0.00000    
   3.23421      0.164827E-01  0.107297E-03  0.469332E-04   0.00000      0.710517E-02   11.8127       0.00000    
   3.25814      0.162643E-01  0.107631E-03  0.471890E-04   0.00000      0.722572E-02   11.8371       0.00000    
   3.28224      0.160451E-01  0.107949E-03  0.474384E-04   0.00000      0.734882E-02   11.8616       0.00000    
   3.30653      0.158300E-01  0.108278E-03  0.476803E-04   0.00000      0.747384E-02   11.8832       0.00000    
   3.33099      0.156215E-01  0.108617E-03  0.479211E-04   0.00000      0.759971E-02   11.9034       0.00000    
   3.35563      0.154142E-01  0.108940E-03  0.481626E-04   0.00000      0.772741E-02   11.9252       0.00000    
   3.38046      0.152073E-01  0.109245E-03  0.484007E-04   0.00000      0.785719E-02   11.9479       0.00000    
   3.40547      0.150067E-01  0.109553E-03  0.486352E-04   0.00000      0.798729E-02   11.9693       0.00000    
   3.43067      0.148097E-01  0.109868E-03  0.488666E-04   0.00000      0.811937E-02   11.9892       0.00000    
   3.45605      0.146125E-01  0.110176E-03  0.490922E-04   0.00000      0.825449E-02   12.0084       0.00000    
   3.48162      0.144194E-01  0.110477E-03  0.493102E-04   0.00000      0.839025E-02   12.0265       0.00000    
   3.50738      0.142313E-01  0.110776E-03  0.495247E-04   0.00000      0.852650E-02   12.0440       0.00000    
   3.53333      0.140433E-01  0.111070E-03  0.497371E-04   0.00000      0.866588E-02   12.0614       0.00000    
   3.55947      0.138583E-01  0.111357E-03  0.499424E-04   0.00000      0.880648E-02   12.0779       0.00000    
   3.58581      0.136783E-01  0.111644E-03  0.501435E-04   0.00000      0.894758E-02   12.0933       0.00000    
   3.61234      0.134986E-01  0.111928E-03  0.503462E-04   0.00000      0.909204E-02   12.1093       0.00000    
   3.63906      0.133219E-01  0.112201E-03  0.505453E-04   0.00000      0.923742E-02   12.1255       0.00000    
   3.66599      0.131496E-01  0.112471E-03  0.507343E-04   0.00000      0.938318E-02   12.1397       0.00000    
   3.69311      0.129778E-01  0.112750E-03  0.509142E-04   0.00000      0.953265E-02   12.1511       0.00000    
   3.72043      0.128089E-01  0.113023E-03  0.510875E-04   0.00000      0.968332E-02   12.1618       0.00000    
   3.74796      0.126442E-01  0.113282E-03  0.512547E-04   0.00000      0.983357E-02   12.1722       0.00000    
   3.77569      0.124795E-01  0.113543E-03  0.514192E-04   0.00000      0.998781E-02   12.1819       0.00000    
   3.80363      0.123185E-01  0.113797E-03  0.515816E-04   0.00000      0.101426E-01   12.1918       0.00000    
   3.83177      0.121610E-01  0.114037E-03  0.517369E-04   0.00000      0.102973E-01   12.2015       0.00000    
   3.86012      0.120033E-01  0.114282E-03  0.518836E-04   0.00000      0.104561E-01   12.2089       0.00000    
   3.88868      0.118496E-01  0.114536E-03  0.520231E-04   0.00000      0.106162E-01   12.2140       0.00000    
   3.91745      0.116984E-01  0.114781E-03  0.521561E-04   0.00000      0.107771E-01   12.2184       0.00000    
   3.94643      0.115481E-01  0.115020E-03  0.522829E-04   0.00000      0.109408E-01   12.2222       0.00000    
   3.97563      0.114013E-01  0.115267E-03  0.523989E-04   0.00000      0.111056E-01   12.2230       0.00000    
   4.00504      0.112560E-01  0.115514E-03  0.525001E-04   0.00000      0.112727E-01   12.2207       0.00000    
   4.03468      0.111128E-01  0.115748E-03  0.525936E-04   0.00000      0.114405E-01   12.2181       0.00000    
   4.06453      0.109724E-01  0.115972E-03  0.526822E-04   0.00000      0.116089E-01   12.2153       0.00000    
   4.09460      0.108332E-01  0.116195E-03  0.527589E-04   0.00000      0.117797E-01   12.2103       0.00000    
   4.12489      0.106968E-01  0.116420E-03  0.528262E-04   0.00000      0.119517E-01   12.2032       0.00000    
   4.15541      0.105616E-01  0.116639E-03  0.528907E-04   0.00000      0.121260E-01   12.1961       0.00000    
   4.18616      0.104292E-01  0.116847E-03  0.529478E-04   0.00000      0.123004E-01   12.1886       0.00000    
   4.21713      0.102984E-01  0.117060E-03  0.529928E-04   0.00000      0.124773E-01   12.1781       0.00000    
   4.24833      0.101693E-01  0.117276E-03  0.530269E-04   0.00000      0.126564E-01   12.1652       0.00000    
   4.27976      0.100427E-01  0.117477E-03  0.530532E-04   0.00000      0.128353E-01   12.1520       0.00000    
   4.31143      0.991733E-02  0.117673E-03  0.530710E-04   0.00000      0.130163E-01   12.1378       0.00000    
   4.34332      0.979421E-02  0.117875E-03  0.530759E-04   0.00000      0.131989E-01   12.1204       0.00000    
   4.37546      0.967278E-02  0.118078E-03  0.530709E-04   0.00000      0.133835E-01   12.1009       0.00000    
   4.40783      0.955305E-02  0.118274E-03  0.530576E-04   0.00000      0.135695E-01   12.0805       0.00000    
   4.44044      0.943532E-02  0.118468E-03  0.530305E-04   0.00000      0.137564E-01   12.0575       0.00000    
   4.47330      0.931897E-02  0.118663E-03  0.529930E-04   0.00000      0.139456E-01   12.0323       0.00000    
   4.50639      0.920466E-02  0.118858E-03  0.529467E-04   0.00000      0.141361E-01   12.0056       0.00000    
   4.53974      0.909180E-02  0.119058E-03  0.528848E-04   0.00000      0.143288E-01   11.9753       0.00000    
   4.57332      0.898076E-02  0.119256E-03  0.528075E-04   0.00000      0.145227E-01   11.9420       0.00000    
   4.60716      0.887123E-02  0.119444E-03  0.527199E-04   0.00000      0.147174E-01   11.9078       0.00000    
   4.64125      0.876322E-02  0.119634E-03  0.526225E-04   0.00000      0.149141E-01   11.8715       0.00000    
   4.67559      0.865704E-02  0.119836E-03  0.525109E-04   0.00000      0.151133E-01   11.8313       0.00000    
   4.71018      0.855214E-02  0.120038E-03  0.523854E-04   0.00000      0.153144E-01   11.7884       0.00000    
   4.74503      0.844904E-02  0.120231E-03  0.522487E-04   0.00000      0.155158E-01   11.7441       0.00000    
   4.78013      0.834728E-02  0.120421E-03  0.520990E-04   0.00000      0.157186E-01   11.6977       0.00000    
   4.81550      0.824695E-02  0.120611E-03  0.519367E-04   0.00000      0.159233E-01   11.6487       0.00000    
   4.85113      0.814828E-02  0.120797E-03  0.517652E-04   0.00000      0.161287E-01   11.5983       0.00000    
   4.88702      0.805069E-02  0.120981E-03  0.515833E-04   0.00000      0.163363E-01   11.5461       0.00000    
   4.92318      0.795497E-02  0.121172E-03  0.513859E-04   0.00000      0.165453E-01   11.4903       0.00000    
   4.95960      0.786035E-02  0.121370E-03  0.511754E-04   0.00000      0.167573E-01   11.4313       0.00000    
   4.99630      0.776693E-02  0.121566E-03  0.509576E-04   0.00000      0.169712E-01   11.3711       0.00000    
   5.03326      0.767541E-02  0.121757E-03  0.507307E-04   0.00000      0.171852E-01   11.3096       0.00000    
   5.07050      0.758458E-02  0.121955E-03  0.504887E-04   0.00000      0.174028E-01   11.2446       0.00000    
   5.10802      0.749523E-02  0.122161E-03  0.502306E-04   0.00000      0.176225E-01   11.1758       0.00000    
   5.14581      0.740762E-02  0.122365E-03  0.499619E-04   0.00000      0.178427E-01   11.1051       0.00000    
   5.18388      0.732083E-02  0.122569E-03  0.496848E-04   0.00000      0.180657E-01   11.0329       0.00000    
   5.22224      0.723512E-02  0.122783E-03  0.493943E-04   0.00000      0.182921E-01   10.9572       0.00000    
   5.26087      0.715109E-02  0.123003E-03  0.490893E-04   0.00000      0.185198E-01   10.8782       0.00000    
   5.29980      0.706827E-02  0.123221E-03  0.487713E-04   0.00000      0.187489E-01   10.7969       0.00000    
   5.33901      0.698637E-02  0.123444E-03  0.484395E-04   0.00000      0.189809E-01   10.7126       0.00000    
   5.37851      0.690555E-02  0.123677E-03  0.480952E-04   0.00000      0.192163E-01   10.6250       0.00000    
   5.41830      0.682607E-02  0.123913E-03  0.477429E-04   0.00000      0.194537E-01   10.5357       0.00000    
   5.45839      0.674777E-02  0.124147E-03  0.473835E-04   0.00000      0.196928E-01   10.4453       0.00000    
   5.49878      0.667057E-02  0.124391E-03  0.470108E-04   0.00000      0.199350E-01   10.3515       0.00000    
   5.53946      0.659436E-02  0.124648E-03  0.466236E-04   0.00000      0.201812E-01   10.2540       0.00000    
   5.58044      0.651924E-02  0.124902E-03  0.462257E-04   0.00000      0.204290E-01   10.1546       0.00000    
   5.62173      0.644517E-02  0.125152E-03  0.458175E-04   0.00000      0.206783E-01   10.0537       0.00000    
   5.66332      0.637222E-02  0.125412E-03  0.453989E-04   0.00000      0.209310E-01   9.95004       0.00000    
   5.70522      0.630020E-02  0.125681E-03  0.449731E-04   0.00000      0.211874E-01   9.84453       0.00000    
   5.74744      0.622926E-02  0.125952E-03  0.445429E-04   0.00000      0.214465E-01   9.73809       0.00000    
   5.78996      0.615932E-02  0.126232E-03  0.441081E-04   0.00000      0.217096E-01   9.63024       0.00000    
   5.83280      0.609031E-02  0.126514E-03  0.436690E-04   0.00000      0.219757E-01   9.52156       0.00000    
   5.87595      0.602221E-02  0.126790E-03  0.432243E-04   0.00000      0.222436E-01   9.41243       0.00000    
   5.91943      0.595516E-02  0.127073E-03  0.427690E-04   0.00000      0.225144E-01   9.30088       0.00000    
   5.96322      0.588898E-02  0.127375E-03  0.423021E-04   0.00000      0.227909E-01   9.18585       0.00000    
   6.00734      0.582368E-02  0.127688E-03  0.418312E-04   0.00000      0.230722E-01   9.06954       0.00000    
   6.05179      0.575923E-02  0.128002E-03  0.413606E-04   0.00000      0.233570E-01   8.95347       0.00000    
   6.09656      0.569564E-02  0.128329E-03  0.408861E-04   0.00000      0.236470E-01   8.83605       0.00000    
   6.14167      0.563267E-02  0.128675E-03  0.404068E-04   0.00000      0.239443E-01   8.71671       0.00000    
   6.18711      0.557044E-02  0.129025E-03  0.399286E-04   0.00000      0.242462E-01   8.59769       0.00000    
   6.23289      0.550798E-02  0.129378E-03  0.394527E-04   0.00000      0.245571E-01   8.47931       0.00000    
   6.27900      0.544481E-02  0.129749E-03  0.389746E-04   0.00000      0.248817E-01   8.35974       0.00000    
   6.32546      0.538224E-02  0.130136E-03  0.384963E-04   0.00000      0.252145E-01   8.23952       0.00000    
   6.37226      0.532201E-02  0.130528E-03  0.380232E-04   0.00000      0.255455E-01   8.12049       0.00000    
   6.41940      0.526432E-02  0.130926E-03  0.375548E-04   0.00000      0.258733E-01   8.00251       0.00000    
   6.46690      0.520875E-02  0.131340E-03  0.370894E-04   0.00000      0.262014E-01   7.88462       0.00000    
   6.51474      0.515594E-02  0.131763E-03  0.366322E-04   0.00000      0.265248E-01   7.76839       0.00000    
   6.56294      0.510422E-02  0.132173E-03  0.361921E-04   0.00000      0.268480E-01   7.65681       0.00000    
   6.61150      0.505135E-02  0.132556E-03  0.357742E-04   0.00000      0.271807E-01   7.55155       0.00000    
   6.66042      0.499743E-02  0.132895E-03  0.353876E-04   0.00000      0.275192E-01   7.45545       0.00000    
   6.70970      0.494383E-02  0.133172E-03  0.350436E-04   0.00000      0.278540E-01   7.37143       0.00000    
   6.75934      0.489047E-02  0.133412E-03  0.347433E-04   0.00000      0.281899E-01   7.29840       0.00000    
   6.80935      0.483705E-02  0.133649E-03  0.344901E-04   0.00000      0.285355E-01   7.23515       0.00000    
   6.85973      0.478306E-02  0.133896E-03  0.342954E-04   0.00000      0.288975E-01   7.18327       0.00000    
   6.91048      0.472621E-02  0.134140E-03  0.341634E-04   0.00000      0.292882E-01   7.14431       0.00000    
   6.96161      0.466343E-02  0.134340E-03  0.340890E-04   0.00000      0.297200E-01   7.11921       0.00000    
   7.01312      0.459490E-02  0.134452E-03  0.340665E-04   0.00000      0.301858E-01   7.10899       0.00000    
   7.06500      0.449752E-02  0.134442E-03  0.340896E-04   0.00000      0.308384E-01   7.11414       0.00000    
   7.11728      0.433044E-02  0.134258E-03  0.341446E-04   0.00000      0.319902E-01   7.13451       0.00000    
   7.16993      0.414896E-02  0.133829E-03  0.342220E-04   0.00000      0.332939E-01   7.17201       0.00000    
   7.22298      0.404340E-02  0.133089E-03  0.343368E-04   0.00000      0.339929E-01   7.23339       0.00000    
   7.27642      0.398933E-02  0.132000E-03  0.345165E-04   0.00000      0.342009E-01   7.32701       0.00000    
   7.33026      0.393930E-02  0.130558E-03  0.347773E-04   0.00000      0.342982E-01   7.45787       0.00000    
   7.38449      0.388970E-02  0.128768E-03  0.351300E-04   0.00000      0.343148E-01   7.62992       0.00000    
   7.43913      0.384047E-02  0.126620E-03  0.355875E-04   0.00000      0.342474E-01   7.84922       0.00000    
   7.49417      0.379178E-02  0.124107E-03  0.361570E-04   0.00000      0.340913E-01   8.12139       0.00000    
   7.54961      0.374374E-02  0.121241E-03  0.368390E-04   0.00000      0.338470E-01   8.45066       0.00000    
   7.60547      0.369635E-02  0.118051E-03  0.376307E-04   0.00000      0.335206E-01   8.84023       0.00000    
   7.66174      0.364976E-02  0.114618E-03  0.385145E-04   0.00000      0.331297E-01   9.28685       0.00000    
   7.71843      0.360418E-02  0.111203E-03  0.394459E-04   0.00000      0.327375E-01   9.76530       0.00000    
   7.77553      0.356010E-02  0.108221E-03  0.403590E-04   0.00000      0.324432E-01   10.2261       0.00000    
   7.83306      0.351764E-02  0.105877E-03  0.411909E-04   0.00000      0.322965E-01   10.6291       0.00000    
   7.89102      0.347328E-02  0.104174E-03  0.418854E-04   0.00000      0.323267E-01   10.9518       0.00000    
   7.94940      0.342159E-02  0.103133E-03  0.424011E-04   0.00000      0.325898E-01   11.1745       0.00000    
   8.00821      0.336908E-02  0.102711E-03  0.427393E-04   0.00000      0.330204E-01   11.2964       0.00000    
   8.06746      0.332596E-02  0.102703E-03  0.429532E-04   0.00000      0.334710E-01   11.3480       0.00000    
   8.12715      0.328928E-02  0.102837E-03  0.431219E-04   0.00000      0.339016E-01   11.3748       0.00000    
   8.18728      0.325347E-02  0.102977E-03  0.432860E-04   0.00000      0.343340E-01   11.3996       0.00000    
   8.24786      0.321815E-02  0.103117E-03  0.434484E-04   0.00000      0.347705E-01   11.4241       0.00000    
   8.30888      0.318328E-02  0.103250E-03  0.436115E-04   0.00000      0.352099E-01   11.4493       0.00000    
   8.37035      0.314888E-02  0.103373E-03  0.437763E-04   0.00000      0.356508E-01   11.4758       0.00000    
   8.43228      0.311496E-02  0.103492E-03  0.439396E-04   0.00000      0.360946E-01   11.5023       0.00000    
   8.49467      0.308151E-02  0.103613E-03  0.440989E-04   0.00000      0.365429E-01   11.5276       0.00000    
   8.55752      0.304850E-02  0.103728E-03  0.442568E-04   0.00000      0.369936E-01   11.5531       0.00000    
   8.62083      0.301591E-02  0.103829E-03  0.444153E-04   0.00000      0.374447E-01   11.5800       0.00000    
   8.68462      0.298378E-02  0.103930E-03  0.445719E-04   0.00000      0.378996E-01   11.6064       0.00000    
   8.74887      0.295206E-02  0.104034E-03  0.447271E-04   0.00000      0.383600E-01   11.6321       0.00000    
   8.81360      0.292078E-02  0.104131E-03  0.448836E-04   0.00000      0.388225E-01   11.6588       0.00000    
   8.87881      0.288990E-02  0.104221E-03  0.450387E-04   0.00000      0.392873E-01   11.6857       0.00000    
   8.94450      0.285943E-02  0.104306E-03  0.451904E-04   0.00000      0.397543E-01   11.7123       0.00000    
   9.01068      0.282938E-02  0.104381E-03  0.453418E-04   0.00000      0.402222E-01   11.7397       0.00000    
   9.07734      0.279970E-02  0.104450E-03  0.454923E-04   0.00000      0.406926E-01   11.7675       0.00000    
   9.14450      0.277043E-02  0.104519E-03  0.456394E-04   0.00000      0.411667E-01   11.7945       0.00000    
   9.21216      0.274153E-02  0.104585E-03  0.457854E-04   0.00000      0.416439E-01   11.8215       0.00000    
   9.28032      0.271299E-02  0.104643E-03  0.459330E-04   0.00000      0.421235E-01   11.8495       0.00000    
   9.34898      0.268483E-02  0.104700E-03  0.460773E-04   0.00000      0.426062E-01   11.8769       0.00000    
   9.41815      0.265705E-02  0.104755E-03  0.462146E-04   0.00000      0.430914E-01   11.9028       0.00000    
   9.48783      0.262962E-02  0.104798E-03  0.463480E-04   0.00000      0.435767E-01   11.9289       0.00000    
   9.55803      0.260253E-02  0.104833E-03  0.464793E-04   0.00000      0.440630E-01   11.9554       0.00000    
   9.62875      0.257579E-02  0.104870E-03  0.466068E-04   0.00000      0.445535E-01   11.9807       0.00000    
   9.69999      0.254938E-02  0.104905E-03  0.467306E-04   0.00000      0.450471E-01   12.0055       0.00000    
   9.77175      0.252329E-02  0.104922E-03  0.468535E-04   0.00000      0.455392E-01   12.0317       0.00000    
   9.84405      0.249754E-02  0.104927E-03  0.469747E-04   0.00000      0.460303E-01   12.0587       0.00000    
   9.91688      0.247210E-02  0.104932E-03  0.470913E-04   0.00000      0.465248E-01   12.0848       0.00000    
   9.99025      0.244698E-02  0.104936E-03  0.472048E-04   0.00000      0.470232E-01   12.1101       0.00000    
   10.0642      0.242219E-02  0.104936E-03  0.473160E-04   0.00000      0.475232E-01   12.1354       0.00000    
   10.1386      0.239770E-02  0.104929E-03  0.474231E-04   0.00000      0.480243E-01   12.1604       0.00000    
   10.2136      0.237349E-02  0.104915E-03  0.475250E-04   0.00000      0.485264E-01   12.1850       0.00000    
   10.2892      0.234958E-02  0.104891E-03  0.476244E-04   0.00000      0.490285E-01   12.2099       0.00000    
   10.3653      0.232595E-02  0.104856E-03  0.477230E-04   0.00000      0.495305E-01   12.2358       0.00000    
   10.4420      0.230261E-02  0.104820E-03  0.478172E-04   0.00000      0.500351E-01   12.2609       0.00000    
   10.5193      0.227956E-02  0.104786E-03  0.479057E-04   0.00000      0.505438E-01   12.2844       0.00000    
   10.5971      0.225678E-02  0.104744E-03  0.479916E-04   0.00000      0.510528E-01   12.3082       0.00000    
   10.6755      0.223425E-02  0.104687E-03  0.480748E-04   0.00000      0.515598E-01   12.3329       0.00000    
   10.7545      0.221199E-02  0.104622E-03  0.481510E-04   0.00000      0.520664E-01   12.3569       0.00000    
   10.8341      0.219001E-02  0.104554E-03  0.482198E-04   0.00000      0.525740E-01   12.3795       0.00000    
   10.9142      0.216828E-02  0.104480E-03  0.482838E-04   0.00000      0.530824E-01   12.4016       0.00000    
   10.9950      0.214679E-02  0.104398E-03  0.483431E-04   0.00000      0.535905E-01   12.4236       0.00000    
   11.0763      0.212555E-02  0.104309E-03  0.483968E-04   0.00000      0.540985E-01   12.4451       0.00000    
   11.1583      0.210456E-02  0.104210E-03  0.484457E-04   0.00000      0.546056E-01   12.4665       0.00000    
   11.2408      0.208380E-02  0.104106E-03  0.484896E-04   0.00000      0.551132E-01   12.4874       0.00000    
   11.3240      0.206326E-02  0.104001E-03  0.485268E-04   0.00000      0.556232E-01   12.5069       0.00000    
   11.4078      0.204297E-02  0.103889E-03  0.485586E-04   0.00000      0.561325E-01   12.5259       0.00000    
   11.4922      0.202288E-02  0.103763E-03  0.485857E-04   0.00000      0.566391E-01   12.5454       0.00000    
   11.5772      0.200304E-02  0.103629E-03  0.486063E-04   0.00000      0.571443E-01   12.5642       0.00000    
   11.6629      0.198338E-02  0.103496E-03  0.486192E-04   0.00000      0.576527E-01   12.5813       0.00000    
   11.7492      0.196396E-02  0.103358E-03  0.486273E-04   0.00000      0.581611E-01   12.5979       0.00000    
   11.8361      0.194474E-02  0.103209E-03  0.486323E-04   0.00000      0.586675E-01   12.6149       0.00000    
   11.9237      0.192574E-02  0.103055E-03  0.486304E-04   0.00000      0.591735E-01   12.6310       0.00000    
   12.0119      0.190692E-02  0.102896E-03  0.486196E-04   0.00000      0.596795E-01   12.6457       0.00000    
   12.1007      0.188831E-02  0.102725E-03  0.486018E-04   0.00000      0.601820E-01   12.6600       0.00000    
   12.1903      0.186988E-02  0.102546E-03  0.485770E-04   0.00000      0.606831E-01   12.6736       0.00000    
   12.2805      0.185168E-02  0.102364E-03  0.485441E-04   0.00000      0.611830E-01   12.6859       0.00000    
   12.3713      0.183363E-02  0.102173E-03  0.485036E-04   0.00000      0.616816E-01   12.6974       0.00000    
   12.4629      0.181579E-02  0.101973E-03  0.484564E-04   0.00000      0.621771E-01   12.7083       0.00000    
   12.5551      0.179811E-02  0.101772E-03  0.484009E-04   0.00000      0.626740E-01   12.7175       0.00000    
   12.6480      0.178062E-02  0.101572E-03  0.483365E-04   0.00000      0.631725E-01   12.7246       0.00000    
   12.7415      0.176332E-02  0.101363E-03  0.482661E-04   0.00000      0.636687E-01   12.7312       0.00000    
   12.8358      0.174615E-02  0.101141E-03  0.481908E-04   0.00000      0.641610E-01   12.7382       0.00000    
   12.9308      0.172917E-02  0.100913E-03  0.481065E-04   0.00000      0.646510E-01   12.7439       0.00000    
   13.0264      0.171237E-02  0.100684E-03  0.480115E-04   0.00000      0.651411E-01   12.7471       0.00000    
   13.1228      0.169570E-02  0.100449E-03  0.479101E-04   0.00000      0.656303E-01   12.7496       0.00000    
   13.2199      0.167921E-02  0.100203E-03  0.478041E-04   0.00000      0.661154E-01   12.7523       0.00000    
   13.3177      0.166288E-02  0.999527E-04  0.476905E-04   0.00000      0.665996E-01   12.7536       0.00000    
   13.4163      0.164668E-02  0.997009E-04  0.475683E-04   0.00000      0.670848E-01   12.7531       0.00000    
   13.5155      0.163065E-02  0.994434E-04  0.474395E-04   0.00000      0.675679E-01   12.7517       0.00000    
   13.6155      0.161476E-02  0.991812E-04  0.473026E-04   0.00000      0.680496E-01   12.7490       0.00000    
   13.7162      0.159902E-02  0.989193E-04  0.471546E-04   0.00000      0.685319E-01   12.7435       0.00000    
   13.8177      0.158341E-02  0.986514E-04  0.469974E-04   0.00000      0.690120E-01   12.7365       0.00000    
   13.9200      0.156795E-02  0.983700E-04  0.468350E-04   0.00000      0.694859E-01   12.7298       0.00000    
   14.0229      0.155260E-02  0.980791E-04  0.466670E-04   0.00000      0.699573E-01   12.7228       0.00000    
   14.1267      0.153739E-02  0.977825E-04  0.464912E-04   0.00000      0.704261E-01   12.7145       0.00000    
   14.2312      0.152231E-02  0.974788E-04  0.463073E-04   0.00000      0.708916E-01   12.7050       0.00000    
   14.3365      0.150736E-02  0.971745E-04  0.461139E-04   0.00000      0.713573E-01   12.6933       0.00000    
   14.4426      0.149254E-02  0.968743E-04  0.459101E-04   0.00000      0.718255E-01   12.6785       0.00000    
   14.5494      0.147786E-02  0.965678E-04  0.456990E-04   0.00000      0.722904E-01   12.6625       0.00000    
   14.6571      0.146326E-02  0.962490E-04  0.454826E-04   0.00000      0.727514E-01   12.6466       0.00000    
   14.7655      0.144882E-02  0.959254E-04  0.452582E-04   0.00000      0.732083E-01   12.6291       0.00000    
   14.8748      0.143447E-02  0.956004E-04  0.450248E-04   0.00000      0.736667E-01   12.6095       0.00000    
   14.9848      0.142026E-02  0.952682E-04  0.447858E-04   0.00000      0.741206E-01   12.5892       0.00000    
   15.0957      0.140613E-02  0.949312E-04  0.445412E-04   0.00000      0.745745E-01   12.5678       0.00000    
   15.2074      0.139214E-02  0.945977E-04  0.442879E-04   0.00000      0.750296E-01   12.5438       0.00000    
   15.3199      0.137823E-02  0.942614E-04  0.440268E-04   0.00000      0.754855E-01   12.5180       0.00000    
   15.4332      0.136444E-02  0.939113E-04  0.437598E-04   0.00000      0.759330E-01   12.4921       0.00000    
   15.5474      0.135074E-02  0.935517E-04  0.434854E-04   0.00000      0.763762E-01   12.4651       0.00000    
   15.6625      0.133715E-02  0.931930E-04  0.432020E-04   0.00000      0.768199E-01   12.4356       0.00000    
   15.7783      0.132366E-02  0.928292E-04  0.429121E-04   0.00000      0.772612E-01   12.4048       0.00000    
   15.8951      0.131027E-02  0.924526E-04  0.426185E-04   0.00000      0.776963E-01   12.3743       0.00000    
   16.0127      0.129696E-02  0.920727E-04  0.423188E-04   0.00000      0.781308E-01   12.3423       0.00000    
   16.1311      0.128376E-02  0.916966E-04  0.420096E-04   0.00000      0.785674E-01   12.3071       0.00000    
   16.2505      0.127066E-02  0.913162E-04  0.416935E-04   0.00000      0.790018E-01   12.2703       0.00000    
   16.3707      0.125764E-02  0.909264E-04  0.413737E-04   0.00000      0.794320E-01   12.2333       0.00000    
   16.4918      0.124471E-02  0.905331E-04  0.410482E-04   0.00000      0.798614E-01   12.1949       0.00000    
   16.6139      0.123187E-02  0.901370E-04  0.407167E-04   0.00000      0.802900E-01   12.1548       0.00000    
   16.7368      0.121910E-02  0.897309E-04  0.403819E-04   0.00000      0.807142E-01   12.1147       0.00000    
   16.8606      0.120642E-02  0.893165E-04  0.400431E-04   0.00000      0.811341E-01   12.0740       0.00000    
   16.9854      0.119384E-02  0.889011E-04  0.396977E-04   0.00000      0.815538E-01   12.0313       0.00000    
   17.1110      0.118134E-02  0.884835E-04  0.393473E-04   0.00000      0.819729E-01   11.9870       0.00000    
   17.2376      0.116892E-02  0.880572E-04  0.389948E-04   0.00000      0.823884E-01   11.9427       0.00000    
   17.3652      0.115657E-02  0.876227E-04  0.386391E-04   0.00000      0.827996E-01   11.8980       0.00000    
   17.4936      0.114431E-02  0.871811E-04  0.382786E-04   0.00000      0.832072E-01   11.8524       0.00000    
   17.6231      0.113211E-02  0.867304E-04  0.379150E-04   0.00000      0.836097E-01   11.8065       0.00000    
   17.7535      0.112000E-02  0.862757E-04  0.375480E-04   0.00000      0.840112E-01   11.7596       0.00000    
   17.8848      0.110797E-02  0.858207E-04  0.371766E-04   0.00000      0.844127E-01   11.7109       0.00000    
   18.0171      0.109601E-02  0.853576E-04  0.368027E-04   0.00000      0.848112E-01   11.6619       0.00000    
   18.1504      0.108411E-02  0.848839E-04  0.364274E-04   0.00000      0.852038E-01   11.6131       0.00000    
   18.2847      0.107230E-02  0.844092E-04  0.360479E-04   0.00000      0.855956E-01   11.5627       0.00000    
   18.4200      0.106057E-02  0.839367E-04  0.356632E-04   0.00000      0.859904E-01   11.5099       0.00000    
   18.5563      0.104891E-02  0.834554E-04  0.352776E-04   0.00000      0.863804E-01   11.4572       0.00000    
   18.6936      0.103731E-02  0.829598E-04  0.348932E-04   0.00000      0.867619E-01   11.4059       0.00000    
   18.8319      0.102579E-02  0.824592E-04  0.345069E-04   0.00000      0.871404E-01   11.3540       0.00000    
   18.9712      0.101435E-02  0.819552E-04  0.341184E-04   0.00000      0.875176E-01   11.3011       0.00000    
   19.1116      0.100297E-02  0.814419E-04  0.337303E-04   0.00000      0.878893E-01   11.2488       0.00000    
   19.2530      0.991663E-03  0.809233E-04  0.333412E-04   0.00000      0.882585E-01   11.1961       0.00000    
   19.3954      0.980440E-03  0.804057E-04  0.329496E-04   0.00000      0.886286E-01   11.1417       0.00000    
   19.5389      0.969278E-03  0.798817E-04  0.325583E-04   0.00000      0.889961E-01   11.0874       0.00000    
   19.6835      0.958181E-03  0.793444E-04  0.321691E-04   0.00000      0.893544E-01   11.0347       0.00000    
   19.8291      0.947160E-03  0.788022E-04  0.317791E-04   0.00000      0.897090E-01   10.9815       0.00000    
   19.9758      0.936211E-03  0.782600E-04  0.313869E-04   0.00000      0.900646E-01   10.9268       0.00000    
   20.1236      0.925326E-03  0.777077E-04  0.309965E-04   0.00000      0.904131E-01   10.8732       0.00000    
   20.2725      0.914506E-03  0.771424E-04  0.306096E-04   0.00000      0.907522E-01   10.8214       0.00000    
   20.4225      0.903762E-03  0.765758E-04  0.302226E-04   0.00000      0.910905E-01   10.7690       0.00000    
   20.5736      0.893099E-03  0.760096E-04  0.298348E-04   0.00000      0.914291E-01   10.7153       0.00000    
   20.7258      0.882497E-03  0.754351E-04  0.294488E-04   0.00000      0.917618E-01   10.6625       0.00000    
   20.8792      0.871976E-03  0.748549E-04  0.290640E-04   0.00000      0.920888E-01   10.6099       0.00000    
   21.0336      0.861530E-03  0.742768E-04  0.286780E-04   0.00000      0.924179E-01   10.5557       0.00000    
   21.1893      0.851158E-03  0.736952E-04  0.282928E-04   0.00000      0.927438E-01   10.5013       0.00000    
   21.3460      0.840851E-03  0.731004E-04  0.279119E-04   0.00000      0.930580E-01   10.4492       0.00000    
   21.5040      0.830606E-03  0.724969E-04  0.275346E-04   0.00000      0.933652E-01   10.3985       0.00000    
   21.6631      0.820436E-03  0.718939E-04  0.271582E-04   0.00000      0.936727E-01   10.3471       0.00000    
   21.8233      0.810343E-03  0.712870E-04  0.267840E-04   0.00000      0.939757E-01   10.2961       0.00000    
   21.9848      0.800321E-03  0.706713E-04  0.264132E-04   0.00000      0.942695E-01   10.2465       0.00000    
   22.1475      0.790380E-03  0.700541E-04  0.260441E-04   0.00000      0.945605E-01   10.1968       0.00000    
   22.3113      0.780518E-03  0.694364E-04  0.256773E-04   0.00000      0.948498E-01   10.1471       0.00000    
   22.4764      0.770727E-03  0.688138E-04  0.253140E-04   0.00000      0.951337E-01   10.0983       0.00000    
   22.6427      0.761009E-03  0.681892E-04  0.249525E-04   0.00000      0.954144E-01   10.0495       0.00000    
   22.8102      0.751374E-03  0.675647E-04  0.245923E-04   0.00000      0.956929E-01   10.0003       0.00000    
   22.9790      0.741809E-03  0.669354E-04  0.242356E-04   0.00000      0.959652E-01   9.95201       0.00000    
   23.1490      0.732316E-03  0.663004E-04  0.238826E-04   0.00000      0.962299E-01   9.90498       0.00000    
   23.3203      0.722901E-03  0.656660E-04  0.235318E-04   0.00000      0.964932E-01   9.85773       0.00000    
   23.4928      0.713561E-03  0.650309E-04  0.231835E-04   0.00000      0.967538E-01   9.81058       0.00000    
   23.6666      0.704301E-03  0.643903E-04  0.228398E-04   0.00000      0.970055E-01   9.76501       0.00000    
   23.8417      0.695116E-03  0.637474E-04  0.224999E-04   0.00000      0.972524E-01   9.72035       0.00000    
   24.0181      0.686016E-03  0.631063E-04  0.221620E-04   0.00000      0.974973E-01   9.67529       0.00000    
   24.1958      0.676993E-03  0.624637E-04  0.218274E-04   0.00000      0.977376E-01   9.63074       0.00000    
   24.3748      0.668040E-03  0.618155E-04  0.214975E-04   0.00000      0.979685E-01   9.58805       0.00000    
   24.5552      0.659167E-03  0.611659E-04  0.211700E-04   0.00000      0.981934E-01   9.54557       0.00000    
   24.7368      0.650373E-03  0.605220E-04  0.208426E-04   0.00000      0.984211E-01   9.50136       0.00000    
   24.9199      0.641664E-03  0.598775E-04  0.205184E-04   0.00000      0.986427E-01   9.45759       0.00000    
   25.1042      0.633027E-03  0.592259E-04  0.202000E-04   0.00000      0.988520E-01   9.41639       0.00000    
   25.2900      0.624470E-03  0.585741E-04  0.198859E-04   0.00000      0.990563E-01   9.37616       0.00000    
   25.4771      0.616004E-03  0.579264E-04  0.195751E-04   0.00000      0.992600E-01   9.33586       0.00000    
   25.6656      0.607612E-03  0.572803E-04  0.192681E-04   0.00000      0.994619E-01   9.29603       0.00000    
   25.8555      0.599299E-03  0.566349E-04  0.189643E-04   0.00000      0.996593E-01   9.25661       0.00000    
   26.0468      0.591071E-03  0.559918E-04  0.186635E-04   0.00000      0.998533E-01   9.21726       0.00000    
   26.2395      0.582916E-03  0.553499E-04  0.183665E-04   0.00000      0.100045       9.17856       0.00000    
   26.4336      0.574840E-03  0.547054E-04  0.180743E-04   0.00000      0.100226       9.14161       0.00000    
   26.6292      0.566837E-03  0.540598E-04  0.177860E-04   0.00000      0.100400       9.10578       0.00000    
   26.8262      0.558933E-03  0.534195E-04  0.174997E-04   0.00000      0.100572       9.06915       0.00000    
   27.0247      0.551106E-03  0.527807E-04  0.172165E-04   0.00000      0.100739       9.03288       0.00000    
   27.2246      0.543347E-03  0.521373E-04  0.169386E-04   0.00000      0.100893       8.99910       0.00000    
   27.4261      0.535669E-03  0.514952E-04  0.166647E-04   0.00000      0.101041       8.96624       0.00000    
   27.6290      0.528074E-03  0.508591E-04  0.163940E-04   0.00000      0.101190       8.93317       0.00000    
   27.8334      0.520558E-03  0.502268E-04  0.161270E-04   0.00000      0.101338       8.90051       0.00000    
   28.0393      0.513124E-03  0.495999E-04  0.158628E-04   0.00000      0.101486       8.86752       0.00000    
   28.2468      0.505783E-03  0.489784E-04  0.156012E-04   0.00000      0.101631       8.83417       0.00000    
   28.4558      0.498516E-03  0.483569E-04  0.153440E-04   0.00000      0.101768       8.80229       0.00000    
   28.6663      0.491326E-03  0.477341E-04  0.150913E-04   0.00000      0.101893       8.77225       0.00000    
   28.8784      0.484215E-03  0.471147E-04  0.148415E-04   0.00000      0.102015       8.74242       0.00000    
   29.0921      0.477184E-03  0.465001E-04  0.145948E-04   0.00000      0.102134       8.71267       0.00000    
   29.3073      0.470225E-03  0.458887E-04  0.143524E-04   0.00000      0.102251       8.68397       0.00000    
   29.5241      0.463347E-03  0.452822E-04  0.141138E-04   0.00000      0.102366       8.65577       0.00000    
   29.7426      0.456553E-03  0.446824E-04  0.138777E-04   0.00000      0.102481       8.62700       0.00000    
   29.9626      0.449839E-03  0.440855E-04  0.136445E-04   0.00000      0.102589       8.59866       0.00000    
   30.1843      0.443196E-03  0.434886E-04  0.134153E-04   0.00000      0.102688       8.57191       0.00000    
   30.4076      0.436633E-03  0.428947E-04  0.131895E-04   0.00000      0.102779       8.54595       0.00000    
   30.6326      0.430147E-03  0.423071E-04  0.129664E-04   0.00000      0.102871       8.51973       0.00000    
   30.8592      0.423739E-03  0.417251E-04  0.127463E-04   0.00000      0.102961       8.49349       0.00000    
   31.0876      0.417406E-03  0.411472E-04  0.125297E-04   0.00000      0.103047       8.46800       0.00000    
   31.3176      0.411155E-03  0.405735E-04  0.123164E-04   0.00000      0.103128       8.44300       0.00000    
   31.5493      0.404986E-03  0.400043E-04  0.121064E-04   0.00000      0.103204       8.41861       0.00000    
   31.7827      0.398883E-03  0.394376E-04  0.119010E-04   0.00000      0.103274       8.39604       0.00000    
   32.0178      0.392858E-03  0.388745E-04  0.116993E-04   0.00000      0.103337       8.37462       0.00000    
   32.2547      0.386908E-03  0.383195E-04  0.114993E-04   0.00000      0.103404       8.35201       0.00000    
   32.4934      0.381035E-03  0.377723E-04  0.113008E-04   0.00000      0.103472       8.32814       0.00000    
   32.7338      0.375233E-03  0.372276E-04  0.111055E-04   0.00000      0.103533       8.30531       0.00000    
   32.9760      0.369501E-03  0.366847E-04  0.109140E-04   0.00000      0.103582       8.28406       0.00000    
   33.2199      0.363850E-03  0.361486E-04  0.107247E-04   0.00000      0.103631       8.26241       0.00000    
   33.4657      0.358268E-03  0.356186E-04  0.105379E-04   0.00000      0.103679       8.24053       0.00000    
   33.7133      0.352754E-03  0.350916E-04  0.103547E-04   0.00000      0.103719       8.22004       0.00000    
   33.9628      0.347308E-03  0.345698E-04  0.101746E-04   0.00000      0.103758       8.20013       0.00000    
   34.2140      0.341934E-03  0.340545E-04  0.999727E-05   0.00000      0.103797       8.18025       0.00000    
   34.4672      0.336630E-03  0.335425E-04  0.982340E-05   0.00000      0.103827       8.16171       0.00000    
   34.7222      0.331399E-03  0.330353E-04  0.965259E-05   0.00000      0.103852       8.14393       0.00000    
   34.9791      0.326242E-03  0.325354E-04  0.948371E-05   0.00000      0.103878       8.12541       0.00000    
   35.2379      0.321148E-03  0.320401E-04  0.931752E-05   0.00000      0.103900       8.10743       0.00000    
   35.4986      0.316118E-03  0.315486E-04  0.915430E-05   0.00000      0.103917       8.09044       0.00000    
   35.7612      0.311154E-03  0.310640E-04  0.899277E-05   0.00000      0.103934       8.07265       0.00000    
   36.0258      0.306264E-03  0.305848E-04  0.883318E-05   0.00000      0.103946       8.05461       0.00000    
   36.2924      0.301437E-03  0.301080E-04  0.867689E-05   0.00000      0.103947       8.03828       0.00000    
   36.5609      0.296675E-03  0.296362E-04  0.852362E-05   0.00000      0.103944       8.02283       0.00000    
   36.8314      0.291980E-03  0.291734E-04  0.837190E-05   0.00000      0.103949       8.00595       0.00000    
   37.1039      0.287349E-03  0.287178E-04  0.822199E-05   0.00000      0.103956       7.98827       0.00000    
   37.3784      0.282781E-03  0.282646E-04  0.807482E-05   0.00000      0.103951       7.97196       0.00000    
   37.6550      0.278275E-03  0.278147E-04  0.793009E-05   0.00000      0.103937       7.95653       0.00000    
   37.9336      0.273833E-03  0.273717E-04  0.778725E-05   0.00000      0.103924       7.94054       0.00000    
   38.2142      0.269452E-03  0.269338E-04  0.764697E-05   0.00000      0.103908       7.92509       0.00000    
   38.4969      0.265127E-03  0.265002E-04  0.750969E-05   0.00000      0.103889       7.91091       0.00000    
   38.7818      0.260861E-03  0.260726E-04  0.737439E-05   0.00000      0.103869       7.89651       0.00000    
   39.0687      0.256662E-03  0.256501E-04  0.724121E-05   0.00000      0.103843       7.88239       0.00000    
   39.3578      0.252519E-03  0.252309E-04  0.711090E-05   0.00000      0.103809       7.86981       0.00000    
   39.6490      0.248434E-03  0.248173E-04  0.698268E-05   0.00000      0.103773       7.85734       0.00000    
   39.9423      0.244409E-03  0.244124E-04  0.685588E-05   0.00000      0.103748       7.84331       0.00000    
   40.2378      0.240439E-03  0.240134E-04  0.673096E-05   0.00000      0.103722       7.82908       0.00000    
   40.5355      0.236527E-03  0.236161E-04  0.660853E-05   0.00000      0.103681       7.81665       0.00000    
   40.8354      0.232672E-03  0.232233E-04  0.648787E-05   0.00000      0.103633       7.80434       0.00000    
   41.1376      0.228874E-03  0.228383E-04  0.636810E-05   0.00000      0.103592       7.79013       0.00000    
   41.4419      0.225126E-03  0.224586E-04  0.625039E-05   0.00000      0.103551       7.77615       0.00000    
   41.7485      0.221429E-03  0.220809E-04  0.613576E-05   0.00000      0.103498       7.76466       0.00000    
   42.0574      0.217789E-03  0.217072E-04  0.602295E-05   0.00000      0.103436       7.75369       0.00000    
   42.3686      0.214203E-03  0.213407E-04  0.591122E-05   0.00000      0.103379       7.74118       0.00000    
   42.6821      0.210669E-03  0.209801E-04  0.580144E-05   0.00000      0.103325       7.72863       0.00000    
   42.9978      0.207182E-03  0.206231E-04  0.569378E-05   0.00000      0.103265       7.71709       0.00000    
   43.3160      0.203748E-03  0.202703E-04  0.558737E-05   0.00000      0.103197       7.70525       0.00000    
   43.6365      0.200369E-03  0.199229E-04  0.548216E-05   0.00000      0.103127       7.69263       0.00000    
   43.9593      0.197037E-03  0.195797E-04  0.537906E-05   0.00000      0.103053       7.68082       0.00000    
   44.2845      0.193749E-03  0.192409E-04  0.527829E-05   0.00000      0.102977       7.67017       0.00000    
   44.6122      0.190511E-03  0.189073E-04  0.517949E-05   0.00000      0.102901       7.65993       0.00000    
   44.9423      0.187323E-03  0.185770E-04  0.508249E-05   0.00000      0.102815       7.65059       0.00000    
   45.2748      0.184185E-03  0.182510E-04  0.498653E-05   0.00000      0.102723       7.64068       0.00000    
   45.6097      0.181093E-03  0.179316E-04  0.489126E-05   0.00000      0.102637       7.62877       0.00000    
   45.9472      0.178046E-03  0.176173E-04  0.479763E-05   0.00000      0.102552       7.61683       0.00000    
   46.2871      0.175044E-03  0.173061E-04  0.470590E-05   0.00000      0.102457       7.60608       0.00000    
   46.6296      0.172090E-03  0.169995E-04  0.461531E-05   0.00000      0.102359       7.59472       0.00000    
   46.9746      0.169179E-03  0.166990E-04  0.452559E-05   0.00000      0.102267       7.58173       0.00000    
   47.3221      0.166308E-03  0.164019E-04  0.443744E-05   0.00000      0.102169       7.56932       0.00000    
   47.6723      0.163479E-03  0.161065E-04  0.435113E-05   0.00000      0.102055       7.55874       0.00000    
   48.0250      0.160697E-03  0.158161E-04  0.426595E-05   0.00000      0.101939       7.54736       0.00000    
   48.3803      0.157956E-03  0.155322E-04  0.418177E-05   0.00000      0.101834       7.53428       0.00000    
   48.7382      0.155255E-03  0.152512E-04  0.409927E-05   0.00000      0.101720       7.52228       0.00000    
   49.0988      0.152594E-03  0.149724E-04  0.401812E-05   0.00000      0.101591       7.51121       0.00000    
   49.4621      0.149976E-03  0.146991E-04  0.393774E-05   0.00000      0.101466       7.49839       0.00000    
   49.8281      0.147397E-03  0.144316E-04  0.385874E-05   0.00000      0.101349       7.48482       0.00000    
   50.1967      0.144855E-03  0.141669E-04  0.378146E-05   0.00000      0.101224       7.47255       0.00000    
   50.5681      0.142354E-03  0.139052E-04  0.370519E-05   0.00000      0.101089       7.46020       0.00000    
   50.9423      0.139894E-03  0.136490E-04  0.362960E-05   0.00000      0.100958       7.44586       0.00000    
   51.3192      0.137468E-03  0.133972E-04  0.355519E-05   0.00000      0.100830       7.43095       0.00000    
   51.6988      0.135078E-03  0.131473E-04  0.348202E-05   0.00000      0.100687       7.41701       0.00000    
   52.0813      0.132726E-03  0.129006E-04  0.340964E-05   0.00000      0.100535       7.40242       0.00000    
   52.4667      0.130410E-03  0.126592E-04  0.333799E-05   0.00000      0.100390       7.38580       0.00000    
   52.8549      0.128129E-03  0.124216E-04  0.326743E-05   0.00000      0.100244       7.36872       0.00000    
   53.2459      0.125883E-03  0.121856E-04  0.319820E-05   0.00000      0.100080       7.35300       0.00000    
   53.6399      0.123671E-03  0.119534E-04  0.313012E-05   0.00000      0.999136E-01   7.33700       0.00000    
   54.0367      0.121493E-03  0.117266E-04  0.306293E-05   0.00000      0.997589E-01   7.31916       0.00000    
   54.4365      0.119350E-03  0.115025E-04  0.299701E-05   0.00000      0.995940E-01   7.30197       0.00000    
   54.8393      0.117239E-03  0.112810E-04  0.293271E-05   0.00000      0.994202E-01   7.28629       0.00000    
   55.2450      0.115159E-03  0.110638E-04  0.286951E-05   0.00000      0.992528E-01   7.26997       0.00000    
   55.6538      0.113110E-03  0.108492E-04  0.280682E-05   0.00000      0.990750E-01   7.25252       0.00000    
   56.0655      0.111095E-03  0.106375E-04  0.274462E-05   0.00000      0.988870E-01   7.23377       0.00000    
   56.4803      0.109110E-03  0.104305E-04  0.268334E-05   0.00000      0.987087E-01   7.21351       0.00000    
   56.8982      0.107156E-03  0.102268E-04  0.262308E-05   0.00000      0.985272E-01   7.19290       0.00000    
   57.3192      0.105232E-03  0.100253E-04  0.256381E-05   0.00000      0.983341E-01   7.17251       0.00000    
   57.7433      0.103338E-03  0.982762E-05  0.250541E-05   0.00000      0.981432E-01   7.15103       0.00000    
   58.1705      0.101476E-03  0.963413E-05  0.244759E-05   0.00000      0.979564E-01   7.12733       0.00000    
   58.6009      0.996418E-04  0.944366E-05  0.239073E-05   0.00000      0.977660E-01   7.10317       0.00000    
   59.0344      0.978342E-04  0.925577E-05  0.233515E-05   0.00000      0.975711E-01   7.07987       0.00000    
   59.4712      0.960559E-04  0.907079E-05  0.228013E-05   0.00000      0.973702E-01   7.05507       0.00000    
   59.9112      0.943065E-04  0.888955E-05  0.222554E-05   0.00000      0.971715E-01   7.02770       0.00000    
   60.3545      0.925827E-04  0.871118E-05  0.217188E-05   0.00000      0.969711E-01   6.99982       0.00000    
   60.8010      0.908860E-04  0.853413E-05  0.211897E-05   0.00000      0.967504E-01   6.97210       0.00000    
   61.2509      0.892162E-04  0.836012E-05  0.206675E-05   0.00000      0.965272E-01   6.94298       0.00000    
   61.7040      0.875716E-04  0.818987E-05  0.201525E-05   0.00000      0.963117E-01   6.91197       0.00000    
   62.1606      0.859534E-04  0.802181E-05  0.196453E-05   0.00000      0.960855E-01   6.88041       0.00000    
   62.6205      0.843588E-04  0.785646E-05  0.191452E-05   0.00000      0.958569E-01   6.84767       0.00000    
   63.0838      0.827916E-04  0.769467E-05  0.186459E-05   0.00000      0.956300E-01   6.81074       0.00000    
   63.5505      0.812489E-04  0.753603E-05  0.181519E-05   0.00000      0.954051E-01   6.77139       0.00000    
   64.0207      0.797286E-04  0.737958E-05  0.176700E-05   0.00000      0.951751E-01   6.73282       0.00000    
   64.4944      0.782333E-04  0.722538E-05  0.171949E-05   0.00000      0.949362E-01   6.69310       0.00000    
   64.9715      0.767613E-04  0.707443E-05  0.167233E-05   0.00000      0.947013E-01   6.65001       0.00000    
   65.4522      0.753130E-04  0.692592E-05  0.162562E-05   0.00000      0.944610E-01   6.60455       0.00000    
   65.9365      0.738873E-04  0.677957E-05  0.157970E-05   0.00000      0.942135E-01   6.55818       0.00000    
   66.4243      0.724843E-04  0.663607E-05  0.153426E-05   0.00000      0.939669E-01   6.50901       0.00000    
   66.9158      0.711032E-04  0.649525E-05  0.148898E-05   0.00000      0.937191E-01   6.45575       0.00000    
   67.4109      0.697431E-04  0.635631E-05  0.144420E-05   0.00000      0.934618E-01   6.40035       0.00000    
   67.9096      0.684036E-04  0.621913E-05  0.139988E-05   0.00000      0.931930E-01   6.34272       0.00000    
   68.4121      0.670859E-04  0.608518E-05  0.135573E-05   0.00000      0.929313E-01   6.27994       0.00000    
   68.9182      0.657898E-04  0.595438E-05  0.131187E-05   0.00000      0.926768E-01   6.21245       0.00000    
   69.4281      0.645132E-04  0.582526E-05  0.126872E-05   0.00000      0.924124E-01   6.14349       0.00000    
   69.9418      0.632553E-04  0.569790E-05  0.122608E-05   0.00000      0.921395E-01   6.07188       0.00000    
   70.4593      0.620179E-04  0.557282E-05  0.118359E-05   0.00000      0.918625E-01   5.99531       0.00000    
   70.9806      0.607995E-04  0.544966E-05  0.114140E-05   0.00000      0.915782E-01   5.91463       0.00000    
   71.5057      0.596008E-04  0.532878E-05  0.109947E-05   0.00000      0.912911E-01   5.82901       0.00000    
   72.0348      0.584217E-04  0.521058E-05  0.105774E-05   0.00000      0.910082E-01   5.73751       0.00000    
   72.5677      0.572604E-04  0.509438E-05  0.101646E-05   0.00000      0.907224E-01   5.64190       0.00000    
   73.1046      0.561168E-04  0.498015E-05  0.975659E-06   0.00000      0.904333E-01   5.54220       0.00000    
   73.6455      0.549910E-04  0.486847E-05  0.935065E-06   0.00000      0.901503E-01   5.43607       0.00000    
   74.1904      0.538834E-04  0.475918E-05  0.894585E-06   0.00000      0.898704E-01   5.32284       0.00000    
   74.7393      0.527916E-04  0.465164E-05  0.854564E-06   0.00000      0.895878E-01   5.20494       0.00000    
   75.2923      0.517176E-04  0.454570E-05  0.814895E-06   0.00000      0.892958E-01   5.08165       0.00000    
   75.8493      0.506607E-04  0.444221E-05  0.775421E-06   0.00000      0.890113E-01   4.95083       0.00000    
   76.4105      0.496210E-04  0.434129E-05  0.736288E-06   0.00000      0.887382E-01   4.81292       0.00000    
   76.9758      0.485977E-04  0.424226E-05  0.697671E-06   0.00000      0.884660E-01   4.66956       0.00000    
   77.5454      0.475894E-04  0.414531E-05  0.659700E-06   0.00000      0.882018E-01   4.52122       0.00000    
   78.1191      0.465980E-04  0.405082E-05  0.621864E-06   0.00000      0.879496E-01   4.36383       0.00000    
   78.6971      0.456219E-04  0.395846E-05  0.584269E-06   0.00000      0.877068E-01   4.19812       0.00000    
   79.2793      0.446597E-04  0.386756E-05  0.547323E-06   0.00000      0.874634E-01   4.02741       0.00000    
   79.8659      0.437128E-04  0.377842E-05  0.510556E-06   0.00000      0.872228E-01   3.84772       0.00000    
   80.4568      0.427810E-04  0.369175E-05  0.473957E-06   0.00000      0.870024E-01   3.65789       0.00000    
   81.0521      0.418630E-04  0.360681E-05  0.437990E-06   0.00000      0.867904E-01   3.46188       0.00000    
   81.6517      0.409586E-04  0.352297E-05  0.402486E-06   0.00000      0.865725E-01   3.25879       0.00000    
   82.2558      0.400689E-04  0.344095E-05  0.367328E-06   0.00000      0.863639E-01   3.04668       0.00000    
   82.8644      0.391928E-04  0.336107E-05  0.332829E-06   0.00000      0.861768E-01   2.82763       0.00000    
   83.4775      0.383301E-04  0.328293E-05  0.298987E-06   0.00000      0.860032E-01   2.60188       0.00000    
   84.0951      0.374810E-04  0.320625E-05  0.265572E-06   0.00000      0.858363E-01   2.36748       0.00000    
   84.7173      0.366458E-04  0.313125E-05  0.232452E-06   0.00000      0.856815E-01   2.12281       0.00000    
   85.3441      0.358235E-04  0.305810E-05  0.199709E-06   0.00000      0.855477E-01   1.86820       0.00000    
   85.9755      0.350132E-04  0.298650E-05  0.167651E-06   0.00000      0.854308E-01   1.60650       0.00000    
   86.6116      0.342144E-04  0.291624E-05  0.136374E-06   0.00000      0.853276E-01   1.33870       0.00000    
   87.2525      0.334271E-04  0.284706E-05  0.105883E-06   0.00000      0.852309E-01   1.06494       0.00000    
   87.8980      0.326509E-04  0.277864E-05  0.762980E-07   0.00000      0.851334E-01  0.786439       0.00000    
   88.5483      0.318864E-04  0.271169E-05  0.474268E-07   0.00000      0.850553E-01  0.500994       0.00000    
   89.2035      0.311346E-04  0.264688E-05  0.190186E-07   0.00000      0.850163E-01  0.205840       0.00000    
   89.8635      0.303941E-04  0.258367E-05 -0.872427E-08   0.00000      0.850060E-01 -0.967350E-01   0.00000    
   90.5283      0.296641E-04  0.252141E-05 -0.355110E-07   0.00000      0.850069E-01 -0.403444       0.00000    
   91.1981      0.289438E-04  0.246027E-05 -0.613076E-07   0.00000      0.850282E-01 -0.713730       0.00000    
   91.8729      0.282342E-04  0.240039E-05 -0.860827E-07   0.00000      0.850717E-01  -1.02693       0.00000    
   92.5526      0.275336E-04  0.234138E-05 -0.109675E-06   0.00000      0.851303E-01  -1.34095       0.00000    
   93.2374      0.268428E-04  0.228325E-05 -0.132088E-06   0.00000      0.852022E-01  -1.65546       0.00000    
   93.9272      0.261625E-04  0.222641E-05 -0.153446E-06   0.00000      0.853012E-01  -1.97132       0.00000    
   94.6221      0.254918E-04  0.217089E-05 -0.173663E-06   0.00000      0.854323E-01  -2.28685       0.00000    
   95.3222      0.248302E-04  0.211609E-05 -0.192590E-06   0.00000      0.855748E-01  -2.60015       0.00000    
   96.0275      0.241773E-04  0.206171E-05 -0.210185E-06   0.00000      0.857166E-01  -2.91051       0.00000    
   96.7379      0.235332E-04  0.200813E-05 -0.226332E-06   0.00000      0.858721E-01  -3.21526       0.00000    
   97.4537      0.228980E-04  0.195549E-05 -0.240960E-06   0.00000      0.860460E-01  -3.51235       0.00000    
   98.1747      0.222719E-04  0.190397E-05 -0.254155E-06   0.00000      0.862456E-01  -3.80165       0.00000    
   98.9010      0.216561E-04  0.185394E-05 -0.265891E-06   0.00000      0.864844E-01  -4.08083       0.00000    
   99.6328      0.210493E-04  0.180501E-05 -0.276454E-06   0.00000      0.867516E-01  -4.35386       0.00000    
