   1.20444      0.110990      0.444355E-02  0.706778E-04   0.00000      0.400407E-01  0.455626       0.00000    
   1.21335      0.109378      0.437911E-02  0.697889E-04   0.00000      0.400414E-01  0.456517       0.00000    
   1.22233      0.107789      0.431559E-02  0.689134E-04   0.00000      0.400426E-01  0.457424       0.00000    
   1.23137      0.106225      0.425311E-02  0.680530E-04   0.00000      0.400437E-01  0.458349       0.00000    
   1.24048      0.104683      0.419142E-02  0.672058E-04   0.00000      0.400443E-01  0.459304       0.00000    
   1.24966      0.103166      0.413076E-02  0.663759E-04   0.00000      0.400452E-01  0.460294       0.00000    
   1.25891      0.101666      0.407088E-02  0.655598E-04   0.00000      0.400468E-01  0.461322       0.00000    
   1.26822      0.100190      0.401195E-02  0.647606E-04   0.00000      0.400487E-01  0.462392       0.00000    
   1.27760      0.987355E-01  0.395386E-02  0.639751E-04   0.00000      0.400502E-01  0.463494       0.00000    
   1.28706      0.973015E-01  0.389655E-02  0.632033E-04   0.00000      0.400515E-01  0.464637       0.00000    
   1.29658      0.958912E-01  0.384016E-02  0.624541E-04   0.00000      0.400523E-01  0.465872       0.00000    
   1.30617      0.945017E-01  0.378453E-02  0.617272E-04   0.00000      0.400525E-01  0.467218       0.00000    
   1.31583      0.931322E-01  0.372966E-02  0.610184E-04   0.00000      0.400524E-01  0.468646       0.00000    
   1.32557      0.917815E-01  0.367556E-02  0.603211E-04   0.00000      0.400523E-01  0.470109       0.00000    
   1.33538      0.904505E-01  0.362230E-02  0.596277E-04   0.00000      0.400527E-01  0.471539       0.00000    
   1.34526      0.891371E-01  0.356977E-02  0.589378E-04   0.00000      0.400536E-01  0.472940       0.00000    
   1.35521      0.878459E-01  0.351814E-02  0.582567E-04   0.00000      0.400545E-01  0.474336       0.00000    
   1.36524      0.865720E-01  0.346718E-02  0.575770E-04   0.00000      0.400552E-01  0.475692       0.00000    
   1.37534      0.853200E-01  0.341710E-02  0.569014E-04   0.00000      0.400559E-01  0.476999       0.00000    
   1.38551      0.840859E-01  0.336777E-02  0.562342E-04   0.00000      0.400572E-01  0.478310       0.00000    
   1.39576      0.828688E-01  0.331914E-02  0.555756E-04   0.00000      0.400586E-01  0.479634       0.00000    
   1.40609      0.816683E-01  0.327122E-02  0.549258E-04   0.00000      0.400606E-01  0.480971       0.00000    
   1.41649      0.804850E-01  0.322404E-02  0.542885E-04   0.00000      0.400633E-01  0.482346       0.00000    
   1.42697      0.793185E-01  0.317748E-02  0.536638E-04   0.00000      0.400654E-01  0.483782       0.00000    
   1.43753      0.781712E-01  0.313161E-02  0.530451E-04   0.00000      0.400667E-01  0.485208       0.00000    
   1.44817      0.770417E-01  0.308648E-02  0.524278E-04   0.00000      0.400682E-01  0.486574       0.00000    
   1.45888      0.759291E-01  0.304202E-02  0.518203E-04   0.00000      0.400697E-01  0.487966       0.00000    
   1.46968      0.748316E-01  0.299815E-02  0.512255E-04   0.00000      0.400712E-01  0.489422       0.00000    
   1.48055      0.737492E-01  0.295497E-02  0.506402E-04   0.00000      0.400737E-01  0.490899       0.00000    
   1.49150      0.726807E-01  0.291239E-02  0.500608E-04   0.00000      0.400769E-01  0.492377       0.00000    
   1.50254      0.716305E-01  0.287045E-02  0.494887E-04   0.00000      0.400790E-01  0.493861       0.00000    
   1.51366      0.705966E-01  0.282914E-02  0.489284E-04   0.00000      0.400807E-01  0.495400       0.00000    
   1.52486      0.695777E-01  0.278844E-02  0.483822E-04   0.00000      0.400827E-01  0.497019       0.00000    
   1.53614      0.685742E-01  0.274831E-02  0.478448E-04   0.00000      0.400840E-01  0.498675       0.00000    
   1.54750      0.675837E-01  0.270876E-02  0.473082E-04   0.00000      0.400862E-01  0.500280       0.00000    
   1.55895      0.666072E-01  0.266988E-02  0.467728E-04   0.00000      0.400901E-01  0.501822       0.00000    
   1.57049      0.656443E-01  0.263146E-02  0.462466E-04   0.00000      0.400928E-01  0.503422       0.00000    
   1.58211      0.646980E-01  0.259365E-02  0.457368E-04   0.00000      0.400948E-01  0.505129       0.00000    
   1.59381      0.637656E-01  0.255642E-02  0.452371E-04   0.00000      0.400971E-01  0.506887       0.00000    
   1.60560      0.628477E-01  0.251972E-02  0.447471E-04   0.00000      0.400988E-01  0.508698       0.00000    
   1.61748      0.619417E-01  0.248355E-02  0.442713E-04   0.00000      0.401013E-01  0.510617       0.00000    
   1.62945      0.610475E-01  0.244795E-02  0.438066E-04   0.00000      0.401056E-01  0.512605       0.00000    
   1.64151      0.601670E-01  0.241286E-02  0.433488E-04   0.00000      0.401091E-01  0.514625       0.00000    
   1.65365      0.593002E-01  0.237827E-02  0.429017E-04   0.00000      0.401120E-01  0.516725       0.00000    
   1.66588      0.584475E-01  0.234421E-02  0.424649E-04   0.00000      0.401145E-01  0.518894       0.00000    
   1.67821      0.576073E-01  0.231062E-02  0.420295E-04   0.00000      0.401165E-01  0.521039       0.00000    
   1.69063      0.567780E-01  0.227756E-02  0.415966E-04   0.00000      0.401201E-01  0.523157       0.00000    
   1.70313      0.559589E-01  0.224498E-02  0.411726E-04   0.00000      0.401250E-01  0.525339       0.00000    
   1.71574      0.551536E-01  0.221289E-02  0.407584E-04   0.00000      0.401291E-01  0.527596       0.00000    
   1.72843      0.543612E-01  0.218128E-02  0.403546E-04   0.00000      0.401325E-01  0.529938       0.00000    
   1.74122      0.535809E-01  0.215011E-02  0.399677E-04   0.00000      0.401351E-01  0.532466       0.00000    
   1.75410      0.528125E-01  0.211942E-02  0.396006E-04   0.00000      0.401380E-01  0.535213       0.00000    
   1.76708      0.520519E-01  0.208914E-02  0.392445E-04   0.00000      0.401429E-01  0.538086       0.00000    
   1.78015      0.513025E-01  0.205934E-02  0.388928E-04   0.00000      0.401483E-01  0.540981       0.00000    
   1.79332      0.505662E-01  0.203000E-02  0.385484E-04   0.00000      0.401526E-01  0.543941       0.00000    
   1.80659      0.498414E-01  0.200104E-02  0.382181E-04   0.00000      0.401555E-01  0.547082       0.00000    
   1.81996      0.491278E-01  0.197253E-02  0.379037E-04   0.00000      0.401584E-01  0.550425       0.00000    
   1.83342      0.484228E-01  0.194441E-02  0.376027E-04   0.00000      0.401624E-01  0.553948       0.00000    
   1.84699      0.477262E-01  0.191663E-02  0.373145E-04   0.00000      0.401665E-01  0.557670       0.00000    
   1.86065      0.470419E-01  0.188923E-02  0.370437E-04   0.00000      0.401683E-01  0.561652       0.00000    
   1.87442      0.463687E-01  0.186211E-02  0.367950E-04   0.00000      0.401666E-01  0.566004       0.00000    
   1.88829      0.457068E-01  0.183534E-02  0.365762E-04   0.00000      0.401627E-01  0.570843       0.00000    
   1.90226      0.450515E-01  0.180887E-02  0.363786E-04   0.00000      0.401593E-01  0.576066       0.00000    
   1.91633      0.444056E-01  0.178292E-02  0.361658E-04   0.00000      0.401590E-01  0.581031       0.00000    
   1.93051      0.437694E-01  0.175748E-02  0.359102E-04   0.00000      0.401615E-01  0.585276       0.00000    
   1.94479      0.431455E-01  0.173253E-02  0.356293E-04   0.00000      0.401641E-01  0.589057       0.00000    
   1.95918      0.425307E-01  0.170796E-02  0.353429E-04   0.00000      0.401669E-01  0.592729       0.00000    
   1.97368      0.419241E-01  0.168379E-02  0.350611E-04   0.00000      0.401716E-01  0.596440       0.00000    
   1.98828      0.413228E-01  0.165991E-02  0.347914E-04   0.00000      0.401781E-01  0.600368       0.00000    
   2.00299      0.407334E-01  0.163644E-02  0.345354E-04   0.00000      0.401832E-01  0.604497       0.00000    
   2.01781      0.401542E-01  0.161329E-02  0.342837E-04   0.00000      0.401864E-01  0.608699       0.00000    
   2.03274      0.395834E-01  0.159049E-02  0.340344E-04   0.00000      0.401900E-01  0.612933       0.00000    
   2.04778      0.390189E-01  0.156805E-02  0.337894E-04   0.00000      0.401962E-01  0.617229       0.00000    
   2.06293      0.384611E-01  0.154591E-02  0.335476E-04   0.00000      0.402036E-01  0.621588       0.00000    
   2.07819      0.379143E-01  0.152412E-02  0.333131E-04   0.00000      0.402087E-01  0.626065       0.00000    
   2.09357      0.373767E-01  0.150263E-02  0.330871E-04   0.00000      0.402120E-01  0.630710       0.00000    
   2.10906      0.368464E-01  0.148147E-02  0.328691E-04   0.00000      0.402167E-01  0.635500       0.00000    
   2.12466      0.363211E-01  0.146063E-02  0.326581E-04   0.00000      0.402246E-01  0.640428       0.00000    
   2.14038      0.358038E-01  0.144009E-02  0.324505E-04   0.00000      0.402320E-01  0.645431       0.00000    
   2.15622      0.352973E-01  0.141987E-02  0.322501E-04   0.00000      0.402364E-01  0.650580       0.00000    
   2.17217      0.347980E-01  0.139993E-02  0.320606E-04   0.00000      0.402407E-01  0.655967       0.00000    
   2.18824      0.343035E-01  0.138029E-02  0.318781E-04   0.00000      0.402482E-01  0.661513       0.00000    
   2.20443      0.338160E-01  0.136096E-02  0.316993E-04   0.00000      0.402568E-01  0.667145       0.00000    
   2.22074      0.333376E-01  0.134188E-02  0.315224E-04   0.00000      0.402623E-01  0.672851       0.00000    
   2.23717      0.328676E-01  0.132309E-02  0.313478E-04   0.00000      0.402665E-01  0.678622       0.00000    
   2.25372      0.324021E-01  0.130458E-02  0.311780E-04   0.00000      0.402738E-01  0.684522       0.00000    
   2.27040      0.319423E-01  0.128637E-02  0.310190E-04   0.00000      0.402832E-01  0.690673       0.00000    
   2.28720      0.314915E-01  0.126841E-02  0.308709E-04   0.00000      0.402898E-01  0.697102       0.00000    
   2.30412      0.310481E-01  0.125069E-02  0.307273E-04   0.00000      0.402945E-01  0.703689       0.00000    
   2.32117      0.306099E-01  0.123329E-02  0.305819E-04   0.00000      0.403028E-01  0.710239       0.00000    
   2.33834      0.301765E-01  0.121617E-02  0.304349E-04   0.00000      0.403144E-01  0.716770       0.00000    
   2.35564      0.297516E-01  0.119933E-02  0.302907E-04   0.00000      0.403244E-01  0.723384       0.00000    
   2.37307      0.293345E-01  0.118280E-02  0.301489E-04   0.00000      0.403343E-01  0.730060       0.00000    
   2.39063      0.289206E-01  0.116652E-02  0.300048E-04   0.00000      0.403487E-01  0.736707       0.00000    
   2.40831      0.285123E-01  0.115050E-02  0.298662E-04   0.00000      0.403645E-01  0.743515       0.00000    
   2.42613      0.281124E-01  0.113458E-02  0.297726E-04   0.00000      0.403726E-01  0.751580       0.00000    
   2.44408      0.277186E-01  0.111869E-02  0.297518E-04   0.00000      0.403729E-01  0.761721       0.00000    
   2.46217      0.273276E-01  0.110292E-02  0.297691E-04   0.00000      0.403740E-01  0.773051       0.00000    
   2.48038      0.269433E-01  0.108745E-02  0.297754E-04   0.00000      0.403760E-01  0.784208       0.00000    
   2.49873      0.265671E-01  0.107225E-02  0.297597E-04   0.00000      0.403757E-01  0.794900       0.00000    
   2.51722      0.261955E-01  0.105726E-02  0.297415E-04   0.00000      0.403761E-01  0.805676       0.00000    
   2.53585      0.258270E-01  0.104242E-02  0.297410E-04   0.00000      0.403780E-01  0.817124       0.00000    
   2.55461      0.254658E-01  0.102777E-02  0.297490E-04   0.00000      0.403756E-01  0.828991       0.00000    
   2.57351      0.251120E-01  0.101341E-02  0.297354E-04   0.00000      0.403728E-01  0.840345       0.00000    
   2.59255      0.247611E-01  0.999390E-03  0.296904E-04   0.00000      0.403791E-01  0.850837       0.00000    
   2.61173      0.244144E-01  0.985632E-03  0.296340E-04   0.00000      0.403891E-01  0.861067       0.00000    
   2.63105      0.240757E-01  0.972092E-03  0.295795E-04   0.00000      0.403951E-01  0.871450       0.00000    
   2.65052      0.237419E-01  0.958772E-03  0.295269E-04   0.00000      0.404022E-01  0.881979       0.00000    
   2.67013      0.234102E-01  0.945629E-03  0.294759E-04   0.00000      0.404134E-01  0.892686       0.00000    
   2.68988      0.230851E-01  0.932672E-03  0.294263E-04   0.00000      0.404216E-01  0.903557       0.00000    
   2.70979      0.227667E-01  0.919948E-03  0.293777E-04   0.00000      0.404281E-01  0.914533       0.00000    
   2.72983      0.224497E-01  0.907379E-03  0.293296E-04   0.00000      0.404393E-01  0.925677       0.00000    
   2.75003      0.221385E-01  0.895001E-03  0.292862E-04   0.00000      0.404490E-01  0.937082       0.00000    
   2.77038      0.218338E-01  0.882801E-03  0.292450E-04   0.00000      0.404550E-01  0.948685       0.00000    
   2.79088      0.215311E-01  0.870772E-03  0.292075E-04   0.00000      0.404652E-01  0.960548       0.00000    
   2.81152      0.212334E-01  0.858953E-03  0.291765E-04   0.00000      0.404762E-01  0.972723       0.00000    
   2.83233      0.209416E-01  0.847293E-03  0.291477E-04   0.00000      0.404838E-01  0.985126       0.00000    
   2.85328      0.206528E-01  0.835819E-03  0.291225E-04   0.00000      0.404947E-01  0.997777       0.00000    
   2.87439      0.203678E-01  0.824513E-03  0.291013E-04   0.00000      0.405063E-01   1.01071       0.00000    
   2.89566      0.200888E-01  0.813355E-03  0.290849E-04   0.00000      0.405139E-01   1.02399       0.00000    
   2.91708      0.198127E-01  0.802365E-03  0.290725E-04   0.00000      0.405242E-01   1.03756       0.00000    
   2.93866      0.195400E-01  0.791524E-03  0.290607E-04   0.00000      0.405351E-01   1.05133       0.00000    
   2.96041      0.192733E-01  0.780853E-03  0.290494E-04   0.00000      0.405427E-01   1.06527       0.00000    
   2.98231      0.190089E-01  0.770339E-03  0.290346E-04   0.00000      0.405540E-01   1.07925       0.00000    
   3.00437      0.187488E-01  0.759985E-03  0.290161E-04   0.00000      0.405646E-01   1.09324       0.00000    
   3.02660      0.184937E-01  0.749776E-03  0.289976E-04   0.00000      0.405726E-01   1.10741       0.00000    
   3.04900      0.182403E-01  0.739713E-03  0.289810E-04   0.00000      0.405849E-01   1.12181       0.00000    
   3.07155      0.179921E-01  0.729807E-03  0.289683E-04   0.00000      0.405945E-01   1.13653       0.00000    
   3.09428      0.177480E-01  0.720028E-03  0.289565E-04   0.00000      0.406023E-01   1.15148       0.00000    
   3.11717      0.175057E-01  0.710402E-03  0.289444E-04   0.00000      0.406149E-01   1.16657       0.00000    
   3.14024      0.172682E-01  0.700916E-03  0.289364E-04   0.00000      0.406246E-01   1.18202       0.00000    
   3.16347      0.170346E-01  0.691565E-03  0.289286E-04   0.00000      0.406333E-01   1.19766       0.00000    
   3.18687      0.168034E-01  0.682343E-03  0.289135E-04   0.00000      0.406439E-01   1.21320       0.00000    
   3.21045      0.165764E-01  0.673272E-03  0.288940E-04   0.00000      0.406536E-01   1.22869       0.00000    
   3.23421      0.163522E-01  0.664343E-03  0.288753E-04   0.00000      0.406654E-01   1.24438       0.00000    
   3.25814      0.161318E-01  0.655534E-03  0.288629E-04   0.00000      0.406754E-01   1.26054       0.00000    
   3.28224      0.159145E-01  0.646839E-03  0.288540E-04   0.00000      0.406851E-01   1.27707       0.00000    
   3.30653      0.157002E-01  0.638272E-03  0.288399E-04   0.00000      0.406953E-01   1.29356       0.00000    
   3.33099      0.154896E-01  0.629823E-03  0.288209E-04   0.00000      0.407036E-01   1.31002       0.00000    
   3.35563      0.152813E-01  0.621502E-03  0.288013E-04   0.00000      0.407144E-01   1.32664       0.00000    
   3.38046      0.150767E-01  0.613312E-03  0.287798E-04   0.00000      0.407241E-01   1.34332       0.00000    
   3.40547      0.148752E-01  0.605252E-03  0.287521E-04   0.00000      0.407346E-01   1.35988       0.00000    
   3.43067      0.146761E-01  0.597295E-03  0.287156E-04   0.00000      0.407455E-01   1.37622       0.00000    
   3.45605      0.144808E-01  0.589475E-03  0.286750E-04   0.00000      0.407556E-01   1.39248       0.00000    
   3.48162      0.142875E-01  0.581757E-03  0.286369E-04   0.00000      0.407672E-01   1.40905       0.00000    
   3.50738      0.140977E-01  0.574144E-03  0.286015E-04   0.00000      0.407766E-01   1.42594       0.00000    
   3.53333      0.139104E-01  0.566634E-03  0.285641E-04   0.00000      0.407863E-01   1.44292       0.00000    
   3.55947      0.137258E-01  0.559238E-03  0.285205E-04   0.00000      0.407965E-01   1.45974       0.00000    
   3.58581      0.135443E-01  0.551959E-03  0.284684E-04   0.00000      0.408064E-01   1.47626       0.00000    
   3.61234      0.133650E-01  0.544770E-03  0.284116E-04   0.00000      0.408163E-01   1.49273       0.00000    
   3.63906      0.131887E-01  0.537694E-03  0.283485E-04   0.00000      0.408259E-01   1.50899       0.00000    
   3.66599      0.130149E-01  0.530729E-03  0.282754E-04   0.00000      0.408362E-01   1.52482       0.00000    
   3.69311      0.128438E-01  0.523869E-03  0.281964E-04   0.00000      0.408467E-01   1.54044       0.00000    
   3.72043      0.126749E-01  0.517093E-03  0.281145E-04   0.00000      0.408569E-01   1.55606       0.00000    
   3.74796      0.125088E-01  0.510434E-03  0.280300E-04   0.00000      0.408674E-01   1.57159       0.00000    
   3.77569      0.123450E-01  0.503868E-03  0.279383E-04   0.00000      0.408782E-01   1.58683       0.00000    
   3.80363      0.121837E-01  0.497392E-03  0.278399E-04   0.00000      0.408883E-01   1.60180       0.00000    
   3.83177      0.120247E-01  0.491013E-03  0.277351E-04   0.00000      0.408987E-01   1.61647       0.00000    
   3.86012      0.118682E-01  0.484736E-03  0.276227E-04   0.00000      0.409096E-01   1.63073       0.00000    
   3.88868      0.117138E-01  0.478548E-03  0.275048E-04   0.00000      0.409207E-01   1.64474       0.00000    
   3.91745      0.115617E-01  0.472446E-03  0.273825E-04   0.00000      0.409315E-01   1.65855       0.00000    
   3.94643      0.114121E-01  0.466440E-03  0.272538E-04   0.00000      0.409422E-01   1.67198       0.00000    
   3.97563      0.112643E-01  0.460534E-03  0.271150E-04   0.00000      0.409551E-01   1.68476       0.00000    
   4.00504      0.111190E-01  0.454723E-03  0.269665E-04   0.00000      0.409678E-01   1.69692       0.00000    
   4.03468      0.109757E-01  0.448986E-03  0.268106E-04   0.00000      0.409803E-01   1.70864       0.00000    
   4.06453      0.108346E-01  0.443337E-03  0.266470E-04   0.00000      0.409923E-01   1.71983       0.00000    
   4.09460      0.106955E-01  0.437763E-03  0.264801E-04   0.00000      0.410043E-01   1.73079       0.00000    
   4.12489      0.105583E-01  0.432271E-03  0.263176E-04   0.00000      0.410171E-01   1.74199       0.00000    
   4.15541      0.104234E-01  0.426858E-03  0.261513E-04   0.00000      0.410286E-01   1.75291       0.00000    
   4.18616      0.102904E-01  0.421548E-03  0.259667E-04   0.00000      0.410430E-01   1.76243       0.00000    
   4.21713      0.101590E-01  0.416317E-03  0.257638E-04   0.00000      0.410583E-01   1.77062       0.00000    
   4.24833      0.100301E-01  0.411161E-03  0.255520E-04   0.00000      0.410718E-01   1.77806       0.00000    
   4.27976      0.990266E-02  0.406097E-03  0.253364E-04   0.00000      0.410886E-01   1.78503       0.00000    
   4.31143      0.977715E-02  0.401110E-03  0.251158E-04   0.00000      0.411056E-01   1.79147       0.00000    
   4.34332      0.965385E-02  0.396188E-03  0.248904E-04   0.00000      0.411202E-01   1.79743       0.00000    
   4.37546      0.953182E-02  0.391342E-03  0.246604E-04   0.00000      0.411378E-01   1.80286       0.00000    
   4.40783      0.941158E-02  0.386587E-03  0.244250E-04   0.00000      0.411576E-01   1.80760       0.00000    
   4.44044      0.929364E-02  0.381908E-03  0.241869E-04   0.00000      0.411758E-01   1.81191       0.00000    
   4.47330      0.917702E-02  0.377279E-03  0.239434E-04   0.00000      0.411940E-01   1.81565       0.00000    
   4.50639      0.906199E-02  0.372736E-03  0.236910E-04   0.00000      0.412148E-01   1.81840       0.00000    
   4.53974      0.894869E-02  0.368263E-03  0.234326E-04   0.00000      0.412360E-01   1.82041       0.00000    
   4.57332      0.883747E-02  0.363865E-03  0.231732E-04   0.00000      0.412564E-01   1.82202       0.00000    
   4.60716      0.872748E-02  0.359526E-03  0.229090E-04   0.00000      0.412782E-01   1.82298       0.00000    
   4.64125      0.861899E-02  0.355270E-03  0.226333E-04   0.00000      0.413030E-01   1.82262       0.00000    
   4.67559      0.851216E-02  0.351099E-03  0.223504E-04   0.00000      0.413303E-01   1.82122       0.00000    
   4.71018      0.840685E-02  0.346985E-03  0.220654E-04   0.00000      0.413574E-01   1.81932       0.00000    
   4.74503      0.830331E-02  0.342934E-03  0.217794E-04   0.00000      0.413841E-01   1.81696       0.00000    
   4.78013      0.820113E-02  0.338956E-03  0.214935E-04   0.00000      0.414134E-01   1.81416       0.00000    
   4.81550      0.810025E-02  0.335044E-03  0.212033E-04   0.00000      0.414449E-01   1.81057       0.00000    
   4.85113      0.800098E-02  0.331193E-03  0.209063E-04   0.00000      0.414765E-01   1.80597       0.00000    
   4.88702      0.790311E-02  0.327403E-03  0.206081E-04   0.00000      0.415091E-01   1.80084       0.00000    
   4.92318      0.780655E-02  0.323678E-03  0.203112E-04   0.00000      0.415439E-01   1.79534       0.00000    
   4.95960      0.771155E-02  0.320024E-03  0.200130E-04   0.00000      0.415803E-01   1.78920       0.00000    
   4.99630      0.761775E-02  0.316420E-03  0.197139E-04   0.00000      0.416178E-01   1.78254       0.00000    
   5.03326      0.752534E-02  0.312883E-03  0.194112E-04   0.00000      0.416572E-01   1.77503       0.00000    
   5.07050      0.743421E-02  0.309413E-03  0.191015E-04   0.00000      0.416994E-01   1.76633       0.00000    
   5.10802      0.734441E-02  0.306001E-03  0.187913E-04   0.00000      0.417430E-01   1.75703       0.00000    
   5.14581      0.725583E-02  0.302637E-03  0.184860E-04   0.00000      0.417872E-01   1.74773       0.00000    
   5.18388      0.716850E-02  0.299332E-03  0.181823E-04   0.00000      0.418335E-01   1.73802       0.00000    
   5.22224      0.708235E-02  0.296088E-03  0.178782E-04   0.00000      0.418826E-01   1.72771       0.00000    
   5.26087      0.699742E-02  0.292900E-03  0.175758E-04   0.00000      0.419336E-01   1.71699       0.00000    
   5.29980      0.691362E-02  0.289765E-03  0.172736E-04   0.00000      0.419866E-01   1.70575       0.00000    
   5.33901      0.683108E-02  0.286684E-03  0.169735E-04   0.00000      0.420411E-01   1.69415       0.00000    
   5.37851      0.674971E-02  0.283641E-03  0.166810E-04   0.00000      0.420953E-01   1.68285       0.00000    
   5.41830      0.666940E-02  0.280638E-03  0.163955E-04   0.00000      0.421502E-01   1.67178       0.00000    
   5.45839      0.659022E-02  0.277695E-03  0.161119E-04   0.00000      0.422084E-01   1.66029       0.00000    
   5.49878      0.651216E-02  0.274811E-03  0.158292E-04   0.00000      0.422697E-01   1.64830       0.00000    
   5.53946      0.643512E-02  0.271967E-03  0.155482E-04   0.00000      0.423319E-01   1.63600       0.00000    
   5.58044      0.635922E-02  0.269162E-03  0.152667E-04   0.00000      0.423942E-01   1.62315       0.00000    
   5.62173      0.628426E-02  0.266400E-03  0.149870E-04   0.00000      0.424588E-01   1.60996       0.00000    
   5.66332      0.621042E-02  0.263685E-03  0.147151E-04   0.00000      0.425245E-01   1.59706       0.00000    
   5.70522      0.613751E-02  0.261002E-03  0.144515E-04   0.00000      0.425908E-01   1.58459       0.00000    
   5.74744      0.606555E-02  0.258363E-03  0.141934E-04   0.00000      0.426594E-01   1.57222       0.00000    
   5.78996      0.599459E-02  0.255769E-03  0.139431E-04   0.00000      0.427301E-01   1.56018       0.00000    
   5.83280      0.592459E-02  0.253207E-03  0.137040E-04   0.00000      0.428009E-01   1.54896       0.00000    
   5.87595      0.585547E-02  0.250673E-03  0.134725E-04   0.00000      0.428718E-01   1.53822       0.00000    
   5.91943      0.578733E-02  0.248188E-03  0.132424E-04   0.00000      0.429456E-01   1.52710       0.00000    
   5.96322      0.572008E-02  0.245747E-03  0.130144E-04   0.00000      0.430223E-01   1.51574       0.00000    
   6.00734      0.565374E-02  0.243337E-03  0.127948E-04   0.00000      0.430994E-01   1.50494       0.00000    
   6.05179      0.558822E-02  0.240964E-03  0.125851E-04   0.00000      0.431788E-01   1.49487       0.00000    
   6.09656      0.552354E-02  0.238646E-03  0.123842E-04   0.00000      0.432634E-01   1.48531       0.00000    
   6.14167      0.545947E-02  0.236363E-03  0.121943E-04   0.00000      0.433517E-01   1.47668       0.00000    
   6.18711      0.539605E-02  0.234104E-03  0.120187E-04   0.00000      0.434414E-01   1.46947       0.00000    
   6.23289      0.533303E-02  0.231858E-03  0.118600E-04   0.00000      0.435326E-01   1.46413       0.00000    
   6.27900      0.526918E-02  0.229609E-03  0.117248E-04   0.00000      0.436327E-01   1.46160       0.00000    
   6.32546      0.520369E-02  0.227333E-03  0.116175E-04   0.00000      0.437439E-01   1.46273       0.00000    
   6.37226      0.513939E-02  0.225052E-03  0.115337E-04   0.00000      0.438470E-01   1.46690       0.00000    
   6.41940      0.507907E-02  0.222798E-03  0.114694E-04   0.00000      0.439239E-01   1.47346       0.00000    
   6.46690      0.502285E-02  0.220566E-03  0.114257E-04   0.00000      0.439713E-01   1.48269       0.00000    
   6.51474      0.496661E-02  0.218364E-03  0.114054E-04   0.00000      0.440264E-01   1.49496       0.00000    
   6.56294      0.490281E-02  0.216184E-03  0.114109E-04   0.00000      0.441553E-01   1.51073       0.00000    
   6.61150      0.483215E-02  0.214029E-03  0.114446E-04   0.00000      0.443560E-01   1.53040       0.00000    
   6.66042      0.473206E-02  0.211893E-03  0.115073E-04   0.00000      0.448442E-01   1.55425       0.00000    
   6.70970      0.457017E-02  0.209788E-03  0.116000E-04   0.00000      0.459739E-01   1.58245       0.00000    
   6.75934      0.440413E-02  0.207706E-03  0.117291E-04   0.00000      0.472367E-01   1.61602       0.00000    
   6.80935      0.430651E-02  0.205621E-03  0.119121E-04   0.00000      0.478266E-01   1.65779       0.00000    
   6.85973      0.424945E-02  0.203512E-03  0.121775E-04   0.00000      0.479770E-01   1.71216       0.00000    
   6.91048      0.419483E-02  0.201371E-03  0.125481E-04   0.00000      0.480976E-01   1.78284       0.00000    
   6.96161      0.414104E-02  0.199172E-03  0.130210E-04   0.00000      0.481998E-01   1.87022       0.00000    
   7.01312      0.408767E-02  0.196811E-03  0.135688E-04   0.00000      0.482618E-01   1.97196       0.00000    
   7.06500      0.403468E-02  0.194170E-03  0.141452E-04   0.00000      0.482529E-01   2.08330       0.00000    
   7.11728      0.398244E-02  0.191138E-03  0.147013E-04   0.00000      0.481370E-01   2.19912       0.00000    
   7.16993      0.393141E-02  0.187634E-03  0.152270E-04   0.00000      0.478837E-01   2.31978       0.00000    
   7.22298      0.388173E-02  0.183589E-03  0.157617E-04   0.00000      0.474697E-01   2.45349       0.00000    
   7.27642      0.383323E-02  0.179067E-03  0.163834E-04   0.00000      0.469095E-01   2.61381       0.00000    
   7.33026      0.378575E-02  0.174624E-03  0.170811E-04   0.00000      0.463469E-01   2.79335       0.00000    
   7.38449      0.373978E-02  0.170926E-03  0.177069E-04   0.00000      0.459495E-01   2.95720       0.00000    
   7.43913      0.369152E-02  0.167998E-03  0.181717E-04   0.00000      0.457746E-01   3.08673       0.00000    
   7.49417      0.363629E-02  0.165629E-03  0.184811E-04   0.00000      0.458314E-01   3.18341       0.00000    
   7.54961      0.358130E-02  0.163719E-03  0.186593E-04   0.00000      0.460109E-01   3.25102       0.00000    
   7.60547      0.353524E-02  0.162101E-03  0.187581E-04   0.00000      0.461590E-01   3.30040       0.00000    
   7.66174      0.349455E-02  0.160591E-03  0.188350E-04   0.00000      0.462698E-01   3.34469       0.00000    
   7.71843      0.345458E-02  0.159110E-03  0.189106E-04   0.00000      0.463819E-01   3.38897       0.00000    
   7.77553      0.341520E-02  0.157656E-03  0.189829E-04   0.00000      0.464964E-01   3.43289       0.00000    
   7.83306      0.337637E-02  0.156218E-03  0.190554E-04   0.00000      0.466109E-01   3.47728       0.00000    
   7.89102      0.333808E-02  0.154796E-03  0.191293E-04   0.00000      0.467254E-01   3.52239       0.00000    
   7.94940      0.330028E-02  0.153395E-03  0.192021E-04   0.00000      0.468421E-01   3.56760       0.00000    
   8.00821      0.326309E-02  0.152024E-03  0.192734E-04   0.00000      0.469618E-01   3.61267       0.00000    
   8.06746      0.322633E-02  0.150667E-03  0.193449E-04   0.00000      0.470826E-01   3.65822       0.00000    
   8.12715      0.319011E-02  0.149327E-03  0.194166E-04   0.00000      0.472034E-01   3.70423       0.00000    
   8.18728      0.315439E-02  0.148008E-03  0.194875E-04   0.00000      0.473264E-01   3.75034       0.00000    
   8.24786      0.311914E-02  0.146711E-03  0.195578E-04   0.00000      0.474517E-01   3.79662       0.00000    
   8.30888      0.308436E-02  0.145427E-03  0.196271E-04   0.00000      0.475771E-01   3.84315       0.00000    
   8.37035      0.305007E-02  0.144162E-03  0.196961E-04   0.00000      0.477042E-01   3.88993       0.00000    
   8.43228      0.301626E-02  0.142918E-03  0.197678E-04   0.00000      0.478337E-01   3.93747       0.00000    
   8.49467      0.298290E-02  0.141691E-03  0.198395E-04   0.00000      0.479644E-01   3.98536       0.00000    
   8.55752      0.295001E-02  0.140484E-03  0.199065E-04   0.00000      0.480973E-01   4.03254       0.00000    
   8.62083      0.291755E-02  0.139297E-03  0.199710E-04   0.00000      0.482327E-01   4.07944       0.00000    
   8.68462      0.288552E-02  0.138119E-03  0.200392E-04   0.00000      0.483676E-01   4.12761       0.00000    
   8.74887      0.285388E-02  0.136947E-03  0.201125E-04   0.00000      0.485010E-01   4.17746       0.00000    
   8.81360      0.282270E-02  0.135797E-03  0.201861E-04   0.00000      0.486374E-01   4.22753       0.00000    
   8.87881      0.279193E-02  0.134671E-03  0.202571E-04   0.00000      0.487787E-01   4.27712       0.00000    
   8.94450      0.276156E-02  0.133557E-03  0.203271E-04   0.00000      0.489199E-01   4.32693       0.00000    
   9.01068      0.273161E-02  0.132448E-03  0.203950E-04   0.00000      0.490586E-01   4.37696       0.00000    
   9.07734      0.270204E-02  0.131354E-03  0.204584E-04   0.00000      0.491991E-01   4.42633       0.00000    
   9.14450      0.267286E-02  0.130282E-03  0.205199E-04   0.00000      0.493436E-01   4.47537       0.00000    
   9.21216      0.264406E-02  0.129222E-03  0.205826E-04   0.00000      0.494887E-01   4.52505       0.00000    
   9.28032      0.261561E-02  0.128174E-03  0.206438E-04   0.00000      0.496349E-01   4.57477       0.00000    
   9.34898      0.258755E-02  0.127145E-03  0.207008E-04   0.00000      0.497843E-01   4.62367       0.00000    
   9.41815      0.255985E-02  0.126127E-03  0.207554E-04   0.00000      0.499340E-01   4.67240       0.00000    
   9.48783      0.253250E-02  0.125113E-03  0.208090E-04   0.00000      0.500815E-01   4.72156       0.00000    
   9.55803      0.250550E-02  0.124110E-03  0.208604E-04   0.00000      0.502297E-01   4.77055       0.00000    
   9.62875      0.247884E-02  0.123123E-03  0.209089E-04   0.00000      0.503807E-01   4.81904       0.00000    
   9.69999      0.245250E-02  0.122145E-03  0.209580E-04   0.00000      0.505319E-01   4.86811       0.00000    
   9.77175      0.242649E-02  0.121173E-03  0.210091E-04   0.00000      0.506827E-01   4.91809       0.00000    
   9.84405      0.240084E-02  0.120219E-03  0.210577E-04   0.00000      0.508363E-01   4.96759       0.00000    
   9.91688      0.237549E-02  0.119281E-03  0.211021E-04   0.00000      0.509930E-01   5.01621       0.00000    
   9.99025      0.235044E-02  0.118350E-03  0.211450E-04   0.00000      0.511498E-01   5.06491       0.00000    
   10.0642      0.232573E-02  0.117428E-03  0.211868E-04   0.00000      0.513061E-01   5.11374       0.00000    
   10.1386      0.230132E-02  0.116519E-03  0.212253E-04   0.00000      0.514645E-01   5.16196       0.00000    
   10.2136      0.227721E-02  0.115621E-03  0.212597E-04   0.00000      0.516243E-01   5.20941       0.00000    
   10.2892      0.225338E-02  0.114728E-03  0.212900E-04   0.00000      0.517829E-01   5.25639       0.00000    
   10.3653      0.222985E-02  0.113841E-03  0.213178E-04   0.00000      0.519409E-01   5.30315       0.00000    
   10.4420      0.220658E-02  0.112963E-03  0.213447E-04   0.00000      0.520994E-01   5.35005       0.00000    
   10.5193      0.218358E-02  0.112089E-03  0.213698E-04   0.00000      0.522573E-01   5.39695       0.00000    
   10.5971      0.216088E-02  0.111228E-03  0.213896E-04   0.00000      0.524168E-01   5.44265       0.00000    
   10.6755      0.213844E-02  0.110385E-03  0.214041E-04   0.00000      0.525808E-01   5.48686       0.00000    
   10.7545      0.211625E-02  0.109546E-03  0.214144E-04   0.00000      0.527440E-01   5.53043       0.00000    
   10.8341      0.209434E-02  0.108708E-03  0.214202E-04   0.00000      0.529039E-01   5.57347       0.00000    
   10.9142      0.207268E-02  0.107881E-03  0.214220E-04   0.00000      0.530652E-01   5.61559       0.00000    
   10.9950      0.205126E-02  0.107067E-03  0.214203E-04   0.00000      0.532298E-01   5.65676       0.00000    
   11.0763      0.203008E-02  0.106257E-03  0.214157E-04   0.00000      0.533940E-01   5.69752       0.00000    
   11.1583      0.200915E-02  0.105453E-03  0.214083E-04   0.00000      0.535572E-01   5.73789       0.00000    
   11.2408      0.198846E-02  0.104661E-03  0.213961E-04   0.00000      0.537229E-01   5.77696       0.00000    
   11.3240      0.196798E-02  0.103878E-03  0.213785E-04   0.00000      0.538902E-01   5.81468       0.00000    
   11.4078      0.194773E-02  0.103099E-03  0.213566E-04   0.00000      0.540564E-01   5.85158       0.00000    
   11.4922      0.192769E-02  0.102326E-03  0.213314E-04   0.00000      0.542233E-01   5.88777       0.00000    
   11.5772      0.190790E-02  0.101568E-03  0.213034E-04   0.00000      0.543936E-01   5.92290       0.00000    
   11.6629      0.188829E-02  0.100814E-03  0.212730E-04   0.00000      0.545645E-01   5.95766       0.00000    
   11.7492      0.186890E-02  0.100059E-03  0.212395E-04   0.00000      0.547320E-01   5.99210       0.00000    
   11.8361      0.184973E-02  0.993116E-04  0.211988E-04   0.00000      0.548994E-01   6.02470       0.00000    
   11.9237      0.183076E-02  0.985727E-04  0.211504E-04   0.00000      0.550679E-01   6.05506       0.00000    
   12.0119      0.181197E-02  0.978355E-04  0.210989E-04   0.00000      0.552352E-01   6.08493       0.00000    
   12.1007      0.179340E-02  0.971034E-04  0.210464E-04   0.00000      0.554021E-01   6.11463       0.00000    
   12.1903      0.177501E-02  0.963836E-04  0.209900E-04   0.00000      0.555731E-01   6.14291       0.00000    
   12.2805      0.175683E-02  0.956755E-04  0.209285E-04   0.00000      0.557467E-01   6.16940       0.00000    
   12.3713      0.173881E-02  0.949690E-04  0.208632E-04   0.00000      0.559196E-01   6.19507       0.00000    
   12.4629      0.172099E-02  0.942656E-04  0.207934E-04   0.00000      0.560907E-01   6.21963       0.00000    
   12.5551      0.170334E-02  0.935712E-04  0.207162E-04   0.00000      0.562641E-01   6.24182       0.00000    
   12.6480      0.168587E-02  0.928864E-04  0.206315E-04   0.00000      0.564397E-01   6.26148       0.00000    
   12.7415      0.166858E-02  0.922017E-04  0.205417E-04   0.00000      0.566124E-01   6.27992       0.00000    
   12.8358      0.165143E-02  0.915177E-04  0.204456E-04   0.00000      0.567833E-01   6.29671       0.00000    
   12.9308      0.163446E-02  0.908466E-04  0.203405E-04   0.00000      0.569581E-01   6.31017       0.00000    
   13.0264      0.161766E-02  0.901841E-04  0.202300E-04   0.00000      0.571351E-01   6.32161       0.00000    
   13.1228      0.160099E-02  0.895197E-04  0.201193E-04   0.00000      0.573100E-01   6.33331       0.00000    
   13.2199      0.158450E-02  0.888596E-04  0.200049E-04   0.00000      0.574842E-01   6.34371       0.00000    
   13.3177      0.156816E-02  0.882040E-04  0.198835E-04   0.00000      0.576582E-01   6.35183       0.00000    
   13.4163      0.155195E-02  0.875475E-04  0.197594E-04   0.00000      0.578303E-01   6.35926       0.00000    
   13.5155      0.153591E-02  0.869005E-04  0.196334E-04   0.00000      0.580053E-01   6.36553       0.00000    
   13.6155      0.152002E-02  0.862663E-04  0.195027E-04   0.00000      0.581858E-01   6.36952       0.00000    
   13.7162      0.150426E-02  0.856339E-04  0.193670E-04   0.00000      0.583655E-01   6.37184       0.00000    
   13.8177      0.148863E-02  0.850003E-04  0.192274E-04   0.00000      0.585424E-01   6.37300       0.00000    
   13.9200      0.147316E-02  0.843768E-04  0.190823E-04   0.00000      0.587226E-01   6.37171       0.00000    
   14.0229      0.145780E-02  0.837632E-04  0.189309E-04   0.00000      0.589077E-01   6.36759       0.00000    
   14.1267      0.144258E-02  0.831501E-04  0.187762E-04   0.00000      0.590910E-01   6.36229       0.00000    
   14.2312      0.142749E-02  0.825348E-04  0.186180E-04   0.00000      0.592708E-01   6.35595       0.00000    
   14.3365      0.141253E-02  0.819242E-04  0.184531E-04   0.00000      0.594512E-01   6.34692       0.00000    
   14.4426      0.139769E-02  0.813185E-04  0.182835E-04   0.00000      0.596332E-01   6.33579       0.00000    
   14.5494      0.138298E-02  0.807146E-04  0.181125E-04   0.00000      0.598142E-01   6.32386       0.00000    
   14.6571      0.136837E-02  0.801148E-04  0.179384E-04   0.00000      0.599976E-01   6.31043       0.00000    
   14.7655      0.135391E-02  0.795278E-04  0.177603E-04   0.00000      0.601862E-01   6.29442       0.00000    
   14.8748      0.133953E-02  0.789421E-04  0.175789E-04   0.00000      0.603762E-01   6.27691       0.00000    
   14.9848      0.132528E-02  0.783534E-04  0.173943E-04   0.00000      0.605614E-01   6.25828       0.00000    
   15.0957      0.131112E-02  0.777705E-04  0.172061E-04   0.00000      0.607504E-01   6.23763       0.00000    
   15.2074      0.129711E-02  0.772012E-04  0.170145E-04   0.00000      0.609461E-01   6.21440       0.00000    
   15.3199      0.128318E-02  0.766306E-04  0.168209E-04   0.00000      0.611410E-01   6.19020       0.00000    
   15.4332      0.126938E-02  0.760544E-04  0.166249E-04   0.00000      0.613294E-01   6.16522       0.00000    
   15.5474      0.125567E-02  0.754807E-04  0.164259E-04   0.00000      0.615189E-01   6.13856       0.00000    
   15.6625      0.124206E-02  0.749145E-04  0.162262E-04   0.00000      0.617131E-01   6.11065       0.00000    
   15.7783      0.122857E-02  0.743500E-04  0.160258E-04   0.00000      0.619075E-01   6.08188       0.00000    
   15.8951      0.121518E-02  0.737879E-04  0.158212E-04   0.00000      0.621021E-01   6.05093       0.00000    
   16.0127      0.120187E-02  0.732310E-04  0.156125E-04   0.00000      0.623000E-01   6.01751       0.00000    
   16.1311      0.118867E-02  0.726733E-04  0.154026E-04   0.00000      0.624966E-01   5.98319       0.00000    
   16.2505      0.117556E-02  0.721108E-04  0.151922E-04   0.00000      0.626885E-01   5.94851       0.00000    
   16.3707      0.116254E-02  0.715513E-04  0.149817E-04   0.00000      0.628818E-01   5.91298       0.00000    
   16.4918      0.114963E-02  0.709962E-04  0.147725E-04   0.00000      0.630783E-01   5.87704       0.00000    
   16.6139      0.113681E-02  0.704404E-04  0.145627E-04   0.00000      0.632733E-01   5.84032       0.00000    
   16.7368      0.112409E-02  0.698883E-04  0.143494E-04   0.00000      0.634700E-01   5.80134       0.00000    
   16.8606      0.111147E-02  0.693423E-04  0.141350E-04   0.00000      0.636711E-01   5.76077       0.00000    
   16.9854      0.109892E-02  0.687940E-04  0.139229E-04   0.00000      0.638706E-01   5.72066       0.00000    
   17.1110      0.108647E-02  0.682421E-04  0.137121E-04   0.00000      0.640665E-01   5.68066       0.00000    
   17.2376      0.107410E-02  0.676944E-04  0.135001E-04   0.00000      0.642650E-01   5.63917       0.00000    
   17.3652      0.106183E-02  0.671508E-04  0.132881E-04   0.00000      0.644667E-01   5.59665       0.00000    
   17.4936      0.104965E-02  0.666047E-04  0.130778E-04   0.00000      0.646661E-01   5.55435       0.00000    
   17.6231      0.103755E-02  0.660587E-04  0.128671E-04   0.00000      0.648647E-01   5.51113       0.00000    
   17.7535      0.102554E-02  0.655184E-04  0.126539E-04   0.00000      0.650675E-01   5.46561       0.00000    
   17.8848      0.101363E-02  0.649798E-04  0.124406E-04   0.00000      0.652705E-01   5.41916       0.00000    
   18.0171      0.100178E-02  0.644345E-04  0.122299E-04   0.00000      0.654680E-01   5.37356       0.00000    
   18.1504      0.990028E-03  0.638861E-04  0.120202E-04   0.00000      0.656618E-01   5.32785       0.00000    
   18.2847      0.978371E-03  0.633416E-04  0.118101E-04   0.00000      0.658576E-01   5.28078       0.00000    
   18.4200      0.966790E-03  0.627987E-04  0.116018E-04   0.00000      0.660551E-01   5.23356       0.00000    
   18.5563      0.955290E-03  0.622531E-04  0.113969E-04   0.00000      0.662497E-01   5.18723       0.00000    
   18.6936      0.943876E-03  0.617072E-04  0.111937E-04   0.00000      0.664433E-01   5.14083       0.00000    
   18.8319      0.932556E-03  0.611631E-04  0.109916E-04   0.00000      0.666372E-01   5.09395       0.00000    
   18.9712      0.921316E-03  0.606156E-04  0.107914E-04   0.00000      0.668269E-01   5.04730       0.00000    
   19.1116      0.910160E-03  0.600656E-04  0.105930E-04   0.00000      0.670130E-01   5.00086       0.00000    
   19.2530      0.899086E-03  0.595209E-04  0.103961E-04   0.00000      0.672038E-01   4.95377       0.00000    
   19.3954      0.888109E-03  0.589809E-04  0.102008E-04   0.00000      0.673977E-01   4.90616       0.00000    
   19.5389      0.877202E-03  0.584382E-04  0.100078E-04   0.00000      0.675887E-01   4.85896       0.00000    
   19.6835      0.866384E-03  0.578972E-04  0.981622E-05   0.00000      0.677799E-01   4.81137       0.00000    
   19.8291      0.855660E-03  0.573618E-04  0.962521E-05   0.00000      0.679753E-01   4.76270       0.00000    
   19.9758      0.845017E-03  0.568245E-04  0.943690E-05   0.00000      0.681675E-01   4.71456       0.00000    
   20.1236      0.834456E-03  0.562795E-04  0.925312E-05   0.00000      0.683500E-01   4.66834       0.00000    
   20.2725      0.823980E-03  0.557325E-04  0.907255E-05   0.00000      0.685285E-01   4.62297       0.00000    
   20.4225      0.813592E-03  0.551914E-04  0.889336E-05   0.00000      0.687118E-01   4.57688       0.00000    
   20.5736      0.803293E-03  0.546534E-04  0.871696E-05   0.00000      0.688966E-01   4.53104       0.00000    
   20.7258      0.793071E-03  0.541129E-04  0.854326E-05   0.00000      0.690772E-01   4.48586       0.00000    
   20.8792      0.782941E-03  0.535747E-04  0.836957E-05   0.00000      0.692575E-01   4.43956       0.00000    
   21.0336      0.772889E-03  0.530383E-04  0.819684E-05   0.00000      0.694381E-01   4.39265       0.00000    
   21.1893      0.762925E-03  0.525013E-04  0.802674E-05   0.00000      0.696155E-01   4.34622       0.00000    
   21.3460      0.753055E-03  0.519653E-04  0.785925E-05   0.00000      0.697908E-01   4.30013       0.00000    
   21.5040      0.743264E-03  0.514281E-04  0.769567E-05   0.00000      0.699625E-01   4.25528       0.00000    
   21.6631      0.733553E-03  0.508879E-04  0.753698E-05   0.00000      0.701285E-01   4.21240       0.00000    
   21.8233      0.723931E-03  0.503489E-04  0.738200E-05   0.00000      0.702929E-01   4.17055       0.00000    
   21.9848      0.714400E-03  0.498153E-04  0.722815E-05   0.00000      0.704604E-01   4.12798       0.00000    
   22.1475      0.704953E-03  0.492832E-04  0.707537E-05   0.00000      0.706267E-01   4.08494       0.00000    
   22.3113      0.695591E-03  0.487482E-04  0.692597E-05   0.00000      0.707854E-01   4.04313       0.00000    
   22.4764      0.686316E-03  0.482141E-04  0.677985E-05   0.00000      0.709417E-01   4.00221       0.00000    
   22.6427      0.677128E-03  0.476853E-04  0.663565E-05   0.00000      0.711015E-01   3.96106       0.00000    
   22.8102      0.668030E-03  0.471585E-04  0.649423E-05   0.00000      0.712595E-01   3.92047       0.00000    
   22.9790      0.659013E-03  0.466295E-04  0.635647E-05   0.00000      0.714110E-01   3.88132       0.00000    
   23.1490      0.650085E-03  0.461034E-04  0.622072E-05   0.00000      0.715616E-01   3.84225       0.00000    
   23.3203      0.641247E-03  0.455820E-04  0.608644E-05   0.00000      0.717143E-01   3.80278       0.00000    
   23.4928      0.632490E-03  0.450596E-04  0.595553E-05   0.00000      0.718612E-01   3.76457       0.00000    
   23.6666      0.623822E-03  0.445356E-04  0.582839E-05   0.00000      0.720002E-01   3.72798       0.00000    
   23.8417      0.615240E-03  0.440143E-04  0.570285E-05   0.00000      0.721381E-01   3.69129       0.00000    
   24.0181      0.606747E-03  0.434966E-04  0.557791E-05   0.00000      0.722751E-01   3.65380       0.00000    
   24.1958      0.598339E-03  0.429806E-04  0.545530E-05   0.00000      0.724095E-01   3.61679       0.00000    
   24.3748      0.590014E-03  0.424670E-04  0.533594E-05   0.00000      0.725421E-01   3.58082       0.00000    
   24.5552      0.581781E-03  0.419575E-04  0.521891E-05   0.00000      0.726748E-01   3.54517       0.00000    
   24.7368      0.573630E-03  0.414505E-04  0.510437E-05   0.00000      0.728058E-01   3.51014       0.00000    
   24.9199      0.565567E-03  0.409426E-04  0.499348E-05   0.00000      0.729286E-01   3.47681       0.00000    
   25.1042      0.557584E-03  0.404354E-04  0.488556E-05   0.00000      0.730464E-01   3.44465       0.00000    
   25.2900      0.549690E-03  0.399361E-04  0.477818E-05   0.00000      0.731702E-01   3.41137       0.00000    
   25.4771      0.541892E-03  0.394428E-04  0.467171E-05   0.00000      0.732960E-01   3.37740       0.00000    
   25.6656      0.534171E-03  0.389487E-04  0.456861E-05   0.00000      0.734141E-01   3.34505       0.00000    
   25.8555      0.526536E-03  0.384575E-04  0.446833E-05   0.00000      0.735301E-01   3.31370       0.00000    
   26.0468      0.518990E-03  0.379688E-04  0.437060E-05   0.00000      0.736421E-01   3.28322       0.00000    
   26.2395      0.511522E-03  0.374812E-04  0.427653E-05   0.00000      0.737493E-01   3.25459       0.00000    
   26.4336      0.504146E-03  0.370015E-04  0.418428E-05   0.00000      0.738622E-01   3.22592       0.00000    
   26.6292      0.496846E-03  0.365271E-04  0.409260E-05   0.00000      0.739780E-01   3.19646       0.00000    
   26.8262      0.489635E-03  0.360514E-04  0.400351E-05   0.00000      0.740818E-01   3.16836       0.00000    
   27.0247      0.482501E-03  0.355746E-04  0.391670E-05   0.00000      0.741750E-01   3.14143       0.00000    
   27.2246      0.475453E-03  0.351035E-04  0.382950E-05   0.00000      0.742698E-01   3.11293       0.00000    
   27.4261      0.468489E-03  0.346384E-04  0.374312E-05   0.00000      0.743669E-01   3.08380       0.00000    
   27.6290      0.461603E-03  0.341745E-04  0.366005E-05   0.00000      0.744577E-01   3.05651       0.00000    
   27.8334      0.454801E-03  0.337145E-04  0.357882E-05   0.00000      0.745468E-01   3.02965       0.00000    
   28.0393      0.448083E-03  0.332620E-04  0.349809E-05   0.00000      0.746411E-01   3.00180       0.00000    
   28.2468      0.441450E-03  0.328119E-04  0.342046E-05   0.00000      0.747303E-01   2.97563       0.00000    
   28.4558      0.434887E-03  0.323606E-04  0.334724E-05   0.00000      0.748085E-01   2.95271       0.00000    
   28.6663      0.428404E-03  0.319136E-04  0.327557E-05   0.00000      0.748856E-01   2.93012       0.00000    
   28.8784      0.422005E-03  0.314742E-04  0.320385E-05   0.00000      0.749681E-01   2.90614       0.00000    
   29.0921      0.415688E-03  0.310387E-04  0.313362E-05   0.00000      0.750477E-01   2.88248       0.00000    
   29.3073      0.409446E-03  0.306050E-04  0.306564E-05   0.00000      0.751212E-01   2.86007       0.00000    
   29.5241      0.403285E-03  0.301773E-04  0.299896E-05   0.00000      0.751973E-01   2.83765       0.00000    
   29.7426      0.397200E-03  0.297557E-04  0.293285E-05   0.00000      0.752767E-01   2.81457       0.00000    
   29.9626      0.391187E-03  0.293358E-04  0.286845E-05   0.00000      0.753495E-01   2.79231       0.00000    
   30.1843      0.385247E-03  0.289180E-04  0.280634E-05   0.00000      0.754162E-01   2.77145       0.00000    
   30.4076      0.379392E-03  0.285063E-04  0.274514E-05   0.00000      0.754845E-01   2.75029       0.00000    
   30.6326      0.373610E-03  0.280992E-04  0.268472E-05   0.00000      0.755526E-01   2.72886       0.00000    
   30.8592      0.367901E-03  0.276945E-04  0.262568E-05   0.00000      0.756147E-01   2.70798       0.00000    
   31.0876      0.362266E-03  0.272936E-04  0.256783E-05   0.00000      0.756741E-01   2.68733       0.00000    
   31.3176      0.356708E-03  0.268969E-04  0.251143E-05   0.00000      0.757310E-01   2.66719       0.00000    
   31.5493      0.351225E-03  0.265039E-04  0.245721E-05   0.00000      0.757849E-01   2.64841       0.00000    
   31.7827      0.345806E-03  0.261159E-04  0.240501E-05   0.00000      0.758415E-01   2.63075       0.00000    
   32.0178      0.340465E-03  0.257348E-04  0.235363E-05   0.00000      0.759027E-01   2.61279       0.00000    
   32.2547      0.335193E-03  0.253575E-04  0.230246E-05   0.00000      0.759616E-01   2.59411       0.00000    
   32.4934      0.329994E-03  0.249808E-04  0.225212E-05   0.00000      0.760076E-01   2.57576       0.00000    
   32.7338      0.324863E-03  0.246067E-04  0.220342E-05   0.00000      0.760480E-01   2.55846       0.00000    
   32.9760      0.319798E-03  0.242388E-04  0.215686E-05   0.00000      0.760937E-01   2.54249       0.00000    
   33.2199      0.314802E-03  0.238750E-04  0.211227E-05   0.00000      0.761375E-01   2.52795       0.00000    
   33.4657      0.309873E-03  0.235134E-04  0.206785E-05   0.00000      0.761738E-01   2.51292       0.00000    
   33.7133      0.305015E-03  0.231572E-04  0.202304E-05   0.00000      0.762108E-01   2.49637       0.00000    
   33.9628      0.300220E-03  0.228062E-04  0.197977E-05   0.00000      0.762507E-01   2.48066       0.00000    
   34.2140      0.295488E-03  0.224582E-04  0.193850E-05   0.00000      0.762862E-01   2.46666       0.00000    
   34.4672      0.290822E-03  0.221137E-04  0.189732E-05   0.00000      0.763178E-01   2.45195       0.00000    
   34.7222      0.286225E-03  0.217749E-04  0.185525E-05   0.00000      0.763516E-01   2.43496       0.00000    
   34.9791      0.281694E-03  0.214413E-04  0.181354E-05   0.00000      0.763873E-01   2.41733       0.00000    
   35.2379      0.277222E-03  0.211114E-04  0.177329E-05   0.00000      0.764216E-01   2.40070       0.00000    
   35.4986      0.272813E-03  0.207853E-04  0.173454E-05   0.00000      0.764537E-01   2.38515       0.00000    
   35.7612      0.268467E-03  0.204634E-04  0.169690E-05   0.00000      0.764850E-01   2.37016       0.00000    
   36.0258      0.264183E-03  0.201449E-04  0.166039E-05   0.00000      0.765124E-01   2.35590       0.00000    
   36.2924      0.259955E-03  0.198287E-04  0.162525E-05   0.00000      0.765331E-01   2.34287       0.00000    
   36.5609      0.255788E-03  0.195166E-04  0.159061E-05   0.00000      0.765528E-01   2.32966       0.00000    
   36.8314      0.251685E-03  0.192090E-04  0.155617E-05   0.00000      0.765718E-01   2.31577       0.00000    
   37.1039      0.247639E-03  0.189049E-04  0.152317E-05   0.00000      0.765880E-01   2.30319       0.00000    
   37.3784      0.243648E-03  0.186058E-04  0.149144E-05   0.00000      0.766081E-01   2.29151       0.00000    
   37.6550      0.239716E-03  0.183115E-04  0.146003E-05   0.00000      0.766308E-01   2.27936       0.00000    
   37.9336      0.235840E-03  0.180194E-04  0.142915E-05   0.00000      0.766452E-01   2.26736       0.00000    
   38.2142      0.232021E-03  0.177302E-04  0.139917E-05   0.00000      0.766540E-01   2.25606       0.00000    
   38.4969      0.228254E-03  0.174463E-04  0.137000E-05   0.00000      0.766689E-01   2.24501       0.00000    
   38.7818      0.224542E-03  0.171668E-04  0.134124E-05   0.00000      0.766852E-01   2.23373       0.00000    
   39.0687      0.220886E-03  0.168888E-04  0.131323E-05   0.00000      0.766902E-01   2.22312       0.00000    
   39.3578      0.217277E-03  0.166132E-04  0.128545E-05   0.00000      0.766895E-01   2.21223       0.00000    
   39.6490      0.213724E-03  0.163432E-04  0.125716E-05   0.00000      0.766944E-01   2.19934       0.00000    
   39.9423      0.210227E-03  0.160777E-04  0.122913E-05   0.00000      0.767008E-01   2.18586       0.00000    
   40.2378      0.206777E-03  0.158146E-04  0.120288E-05   0.00000      0.767026E-01   2.17481       0.00000    
   40.5355      0.203374E-03  0.155542E-04  0.117811E-05   0.00000      0.766999E-01   2.16571       0.00000    
   40.8354      0.200023E-03  0.152976E-04  0.115286E-05   0.00000      0.766961E-01   2.15488       0.00000    
   41.1376      0.196726E-03  0.150454E-04  0.112738E-05   0.00000      0.766935E-01   2.14263       0.00000    
   41.4419      0.193476E-03  0.147973E-04  0.110285E-05   0.00000      0.766935E-01   2.13119       0.00000    
   41.7485      0.190273E-03  0.145532E-04  0.107917E-05   0.00000      0.766959E-01   2.12045       0.00000    
   42.0574      0.187121E-03  0.143122E-04  0.105597E-05   0.00000      0.766942E-01   2.10985       0.00000    
   42.3686      0.184013E-03  0.140733E-04  0.103341E-05   0.00000      0.766859E-01   2.09987       0.00000    
   42.6821      0.180950E-03  0.138377E-04  0.101156E-05   0.00000      0.766765E-01   2.09049       0.00000    
   42.9978      0.177935E-03  0.136060E-04  0.989377E-06   0.00000      0.766681E-01   2.07951       0.00000    
   43.3160      0.174964E-03  0.133771E-04  0.967091E-06   0.00000      0.766558E-01   2.06749       0.00000    
   43.6365      0.172034E-03  0.131501E-04  0.946611E-06   0.00000      0.766365E-01   2.05867       0.00000    
   43.9593      0.169149E-03  0.129260E-04  0.927675E-06   0.00000      0.766143E-01   2.05249       0.00000    
   44.2845      0.166310E-03  0.127067E-04  0.908640E-06   0.00000      0.765987E-01   2.04510       0.00000    
   44.6122      0.163512E-03  0.124911E-04  0.889424E-06   0.00000      0.765855E-01   2.03643       0.00000    
   44.9423      0.160755E-03  0.122770E-04  0.869972E-06   0.00000      0.765624E-01   2.02666       0.00000    
   45.2748      0.158043E-03  0.120665E-04  0.850086E-06   0.00000      0.765391E-01   2.01491       0.00000    
   45.6097      0.155372E-03  0.118607E-04  0.830624E-06   0.00000      0.765249E-01   2.00298       0.00000    
   45.9472      0.152740E-03  0.116566E-04  0.811670E-06   0.00000      0.765017E-01   1.99158       0.00000    
   46.2871      0.150148E-03  0.114540E-04  0.792609E-06   0.00000      0.764672E-01   1.97926       0.00000    
   46.6296      0.147595E-03  0.112560E-04  0.773592E-06   0.00000      0.764430E-01   1.96579       0.00000    
   46.9746      0.145082E-03  0.110615E-04  0.755130E-06   0.00000      0.764206E-01   1.95266       0.00000    
   47.3221      0.142604E-03  0.108681E-04  0.737296E-06   0.00000      0.763872E-01   1.94050       0.00000    
   47.6723      0.140164E-03  0.106780E-04  0.719118E-06   0.00000      0.763543E-01   1.92641       0.00000    
   48.0250      0.137765E-03  0.104914E-04  0.700212E-06   0.00000      0.763236E-01   1.90917       0.00000    
   48.3803      0.135401E-03  0.103072E-04  0.682110E-06   0.00000      0.762900E-01   1.89309       0.00000    
   48.7382      0.133072E-03  0.101254E-04  0.665152E-06   0.00000      0.762533E-01   1.87923       0.00000    
   49.0988      0.130780E-03  0.994628E-05  0.647901E-06   0.00000      0.762146E-01   1.86349       0.00000    
   49.4621      0.128522E-03  0.977058E-05  0.630264E-06   0.00000      0.761805E-01   1.84541       0.00000    
   49.8281      0.126298E-03  0.959682E-05  0.612973E-06   0.00000      0.761403E-01   1.82733       0.00000    
   50.1967      0.124108E-03  0.942461E-05  0.596317E-06   0.00000      0.760906E-01   1.81021       0.00000    
   50.5681      0.121951E-03  0.925648E-05  0.579966E-06   0.00000      0.760519E-01   1.79259       0.00000    
   50.9423      0.119831E-03  0.909162E-05  0.563424E-06   0.00000      0.760159E-01   1.77309       0.00000    
   51.3192      0.117742E-03  0.892791E-05  0.547089E-06   0.00000      0.759686E-01   1.75331       0.00000    
   51.6988      0.115683E-03  0.876591E-05  0.530834E-06   0.00000      0.759144E-01   1.73270       0.00000    
   52.0813      0.113656E-03  0.860661E-05  0.514526E-06   0.00000      0.758603E-01   1.71061       0.00000    
   52.4667      0.111661E-03  0.845008E-05  0.498829E-06   0.00000      0.758083E-01   1.68919       0.00000    
   52.8549      0.109697E-03  0.829634E-05  0.483164E-06   0.00000      0.757580E-01   1.66652       0.00000    
   53.2459      0.107764E-03  0.814620E-05  0.467137E-06   0.00000      0.757169E-01   1.64099       0.00000    
   53.6399      0.105862E-03  0.799807E-05  0.451281E-06   0.00000      0.756722E-01   1.61471       0.00000    
   54.0367      0.103987E-03  0.785078E-05  0.435977E-06   0.00000      0.756140E-01   1.58927       0.00000    
   54.4365      0.102140E-03  0.770568E-05  0.421093E-06   0.00000      0.755547E-01   1.56397       0.00000    
   54.8393      0.100323E-03  0.756339E-05  0.405961E-06   0.00000      0.754986E-01   1.53619       0.00000    
   55.2450      0.985342E-04  0.742356E-05  0.390508E-06   0.00000      0.754442E-01   1.50560       0.00000    
   55.6538      0.967724E-04  0.728577E-05  0.375011E-06   0.00000      0.753874E-01   1.47325       0.00000    
   56.0655      0.950394E-04  0.715054E-05  0.359655E-06   0.00000      0.753327E-01   1.43971       0.00000    
   56.4803      0.933325E-04  0.701749E-05  0.344740E-06   0.00000      0.752788E-01   1.40622       0.00000    
   56.8982      0.916513E-04  0.688610E-05  0.330494E-06   0.00000      0.752202E-01   1.37388       0.00000    
   57.3192      0.899961E-04  0.675696E-05  0.316331E-06   0.00000      0.751628E-01   1.34019       0.00000    
   57.7433      0.883693E-04  0.663091E-05  0.301498E-06   0.00000      0.751139E-01   1.30168       0.00000    
   58.1705      0.867680E-04  0.650758E-05  0.286435E-06   0.00000      0.750724E-01   1.26014       0.00000    
   58.6009      0.851894E-04  0.638571E-05  0.272096E-06   0.00000      0.750270E-01   1.21995       0.00000    
   59.0344      0.836343E-04  0.626530E-05  0.258393E-06   0.00000      0.749767E-01   1.18083       0.00000    
   59.4712      0.821044E-04  0.614729E-05  0.244376E-06   0.00000      0.749308E-01   1.13825       0.00000    
   59.9112      0.805992E-04  0.603159E-05  0.229941E-06   0.00000      0.748887E-01   1.09161       0.00000    
   60.3545      0.791176E-04  0.591753E-05  0.215355E-06   0.00000      0.748436E-01   1.04211       0.00000    
   60.8010      0.776596E-04  0.580558E-05  0.200638E-06   0.00000      0.748013E-01  0.989662       0.00000    
   61.2509      0.762251E-04  0.569605E-05  0.186173E-06   0.00000      0.747666E-01  0.936014       0.00000    
   61.7040      0.748119E-04  0.558816E-05  0.172379E-06   0.00000      0.747318E-01  0.883427       0.00000    
   62.1606      0.734205E-04  0.548176E-05  0.158898E-06   0.00000      0.746939E-01  0.830172       0.00000    
   62.6205      0.720508E-04  0.537754E-05  0.145105E-06   0.00000      0.746626E-01  0.772831       0.00000    
   63.0838      0.707034E-04  0.527566E-05  0.131217E-06   0.00000      0.746399E-01  0.712389       0.00000    
   63.5505      0.693762E-04  0.517508E-05  0.117245E-06   0.00000      0.746136E-01  0.648925       0.00000    
   64.0207      0.680691E-04  0.507606E-05  0.103156E-06   0.00000      0.745876E-01  0.582103       0.00000    
   64.4944      0.667832E-04  0.497916E-05  0.889697E-07   0.00000      0.745690E-01  0.511838       0.00000    
   64.9715      0.655171E-04  0.488365E-05  0.748402E-07   0.00000      0.745489E-01  0.438984       0.00000    
   65.4522      0.642696E-04  0.478912E-05  0.615000E-07   0.00000      0.745223E-01  0.367865       0.00000    
   65.9365      0.630420E-04  0.469610E-05  0.485268E-07   0.00000      0.744955E-01  0.296020       0.00000    
   66.4243      0.618346E-04  0.460543E-05  0.355438E-07   0.00000      0.744819E-01  0.221095       0.00000    
   66.9158      0.606447E-04  0.451658E-05  0.228952E-07   0.00000      0.744770E-01  0.145219       0.00000    
   67.4109      0.594744E-04  0.442926E-05  0.100351E-07   0.00000      0.744736E-01  0.649059E-01   0.00000    
   67.9096      0.583232E-04  0.434435E-05 -0.318287E-08   0.00000      0.744874E-01 -0.209888E-01   0.00000    
   68.4121      0.571897E-04  0.426127E-05 -0.162890E-07   0.00000      0.745118E-01 -0.109508       0.00000    
   68.9182      0.560735E-04  0.417870E-05 -0.294174E-07   0.00000      0.745236E-01 -0.201673       0.00000    
   69.4281      0.549746E-04  0.409740E-05 -0.423759E-07   0.00000      0.745366E-01 -0.296270       0.00000    
   69.9418      0.538923E-04  0.401832E-05 -0.548621E-07   0.00000      0.745689E-01 -0.391105       0.00000    
   70.4593      0.528280E-04  0.394070E-05 -0.673725E-07   0.00000      0.746058E-01 -0.489733       0.00000    
   70.9806      0.517807E-04  0.386424E-05 -0.801302E-07   0.00000      0.746429E-01 -0.593968       0.00000    
   71.5057      0.507501E-04  0.378957E-05 -0.925276E-07   0.00000      0.746934E-01 -0.699339       0.00000    
   72.0348      0.497349E-04  0.371641E-05 -0.104177E-06   0.00000      0.747537E-01 -0.802838       0.00000    
   72.5677      0.487345E-04  0.364404E-05 -0.115312E-06   0.00000      0.748107E-01 -0.906231       0.00000    
   73.1046      0.477499E-04  0.357273E-05 -0.126294E-06   0.00000      0.748685E-01  -1.01226       0.00000    
   73.6455      0.467813E-04  0.350341E-05 -0.137553E-06   0.00000      0.749467E-01  -1.12421       0.00000    
   74.1904      0.458288E-04  0.343600E-05 -0.149019E-06   0.00000      0.750452E-01  -1.24168       0.00000    
   74.7393      0.448897E-04  0.336963E-05 -0.160119E-06   0.00000      0.751494E-01  -1.36027       0.00000    
   75.2923      0.439655E-04  0.330434E-05 -0.170751E-06   0.00000      0.752578E-01  -1.47905       0.00000    
   75.8493      0.430558E-04  0.324032E-05 -0.181220E-06   0.00000      0.753761E-01  -1.60052       0.00000    
   76.4105      0.421605E-04  0.317743E-05 -0.191589E-06   0.00000      0.755019E-01  -1.72529       0.00000    
   76.9758      0.412791E-04  0.311560E-05 -0.201685E-06   0.00000      0.756345E-01  -1.85191       0.00000    
   77.5454      0.404113E-04  0.305512E-05 -0.211325E-06   0.00000      0.757811E-01  -1.97845       0.00000    
   78.1191      0.395574E-04  0.299595E-05 -0.220348E-06   0.00000      0.759411E-01  -2.10323       0.00000    
   78.6971      0.387165E-04  0.293767E-05 -0.228904E-06   0.00000      0.761065E-01  -2.22775       0.00000    
   79.2793      0.378889E-04  0.288034E-05 -0.237286E-06   0.00000      0.762783E-01  -2.35473       0.00000    
   79.8659      0.370739E-04  0.282419E-05 -0.245527E-06   0.00000      0.764645E-01  -2.48431       0.00000    
   80.4568      0.362708E-04  0.276882E-05 -0.253333E-06   0.00000      0.766565E-01  -2.61385       0.00000    
   81.0521      0.354800E-04  0.271395E-05 -0.260540E-06   0.00000      0.768440E-01  -2.74181       0.00000    
   81.6517      0.347017E-04  0.266006E-05 -0.267489E-06   0.00000      0.770417E-01  -2.87111       0.00000    
   82.2558      0.339362E-04  0.260734E-05 -0.274426E-06   0.00000      0.772552E-01  -3.00416       0.00000    
   82.8644      0.331824E-04  0.255518E-05 -0.281105E-06   0.00000      0.774687E-01  -3.13903       0.00000    
   83.4775      0.324404E-04  0.250354E-05 -0.287285E-06   0.00000      0.776801E-01  -3.27306       0.00000    
   84.0951      0.317101E-04  0.245268E-05 -0.292991E-06   0.00000      0.778968E-01  -3.40606       0.00000    
   84.7173      0.309918E-04  0.240230E-05 -0.298322E-06   0.00000      0.781094E-01  -3.53943       0.00000    
   85.3441      0.302846E-04  0.235214E-05 -0.303180E-06   0.00000      0.783105E-01  -3.67233       0.00000    
   85.9755      0.295888E-04  0.230248E-05 -0.307549E-06   0.00000      0.785072E-01  -3.80406       0.00000    
   86.6116      0.289042E-04  0.225334E-05 -0.311509E-06   0.00000      0.787004E-01  -3.93542       0.00000    
   87.2525      0.282306E-04  0.220436E-05 -0.314881E-06   0.00000      0.788766E-01  -4.06470       0.00000    
   87.8980      0.275678E-04  0.215556E-05 -0.317494E-06   0.00000      0.790351E-01  -4.18944       0.00000    
   88.5483      0.269154E-04  0.210719E-05 -0.319284E-06   0.00000      0.791828E-01  -4.30800       0.00000    
   89.2035      0.262736E-04  0.205902E-05 -0.320289E-06   0.00000      0.793111E-01  -4.42086       0.00000    
   89.8635      0.256416E-04  0.201088E-05 -0.320371E-06   0.00000      0.794115E-01  -4.52612       0.00000    
   90.5283      0.250204E-04  0.196313E-05 -0.319321E-06   0.00000      0.794924E-01  -4.61937       0.00000    
   91.1981      0.244088E-04  0.191602E-05 -0.317094E-06   0.00000      0.795647E-01  -4.69854       0.00000    
   91.8729      0.238072E-04  0.186920E-05 -0.313544E-06   0.00000      0.796113E-01  -4.76113       0.00000    
   92.5526      0.232143E-04  0.182253E-05 -0.308602E-06   0.00000      0.796264E-01  -4.80527       0.00000    
   93.2374      0.226312E-04  0.177648E-05 -0.302470E-06   0.00000      0.796265E-01  -4.83136       0.00000    
   93.9272      0.220585E-04  0.173118E-05 -0.295316E-06   0.00000      0.796152E-01  -4.84034       0.00000    
   94.6221      0.214952E-04  0.168614E-05 -0.287179E-06   0.00000      0.795723E-01  -4.83285       0.00000    
   95.3222      0.209418E-04  0.164117E-05 -0.278159E-06   0.00000      0.794859E-01  -4.80978       0.00000    
   96.0275      0.203982E-04  0.159653E-05 -0.268401E-06   0.00000      0.793664E-01  -4.77154       0.00000    
   96.7379      0.198645E-04  0.155228E-05 -0.257886E-06   0.00000      0.792145E-01  -4.71628       0.00000    
   97.4537      0.193407E-04  0.150804E-05 -0.246426E-06   0.00000      0.790067E-01  -4.64027       0.00000    
   98.1747      0.188263E-04  0.146370E-05 -0.234041E-06   0.00000      0.787353E-01  -4.54226       0.00000    
   98.9010      0.183227E-04  0.142016E-05 -0.220944E-06   0.00000      0.784410E-01  -4.42149       0.00000    
   99.6328      0.178294E-04  0.137804E-05 -0.207399E-06   0.00000      0.781611E-01  -4.27947       0.00000    
