1.20444	0.306939	0.595397E-03	56.1725
1.21335	0.302457	0.606628E-03	56.1892
1.22233	0.298038	0.618209E-03	56.2030
1.23137	0.293691	0.629891E-03	56.2080
1.24048	0.289399	0.641678E-03	56.1994
1.24966	0.285179	0.653548E-03	56.1786
1.25891	0.281013	0.665573E-03	56.1490
1.26822	0.276913	0.677819E-03	56.1066
1.27760	0.272871	0.690155E-03	56.0441
1.28706	0.268885	0.702664E-03	55.9654
1.29658	0.264964	0.715397E-03	55.8865
1.30617	0.261097	0.728339E-03	55.8192
1.31583	0.257286	0.741814E-03	55.7689
1.32557	0.253529	0.756069E-03	55.7405
1.33538	0.249831	0.770965E-03	55.7255
1.34526	0.246184	0.786289E-03	55.7130
1.35521	0.242596	0.801863E-03	55.7090
1.36524	0.239053	0.817710E-03	55.7132
1.37534	0.235568	0.833519E-03	55.7132
1.38551	0.232134	0.849056E-03	55.7079
1.39576	0.228747	0.864701E-03	55.7026
1.40609	0.225410	0.880862E-03	55.7000
1.41649	0.222126	0.897257E-03	55.7013
1.42697	0.218885	0.913514E-03	55.7030
1.43753	0.215692	0.929872E-03	55.7015
1.44817	0.212549	0.946816E-03	55.7021
1.45888	0.209452	0.964373E-03	55.7094
1.46968	0.206397	0.982185E-03	55.7175
1.48055	0.203389	0.999946E-03	55.7229
1.49150	0.200425	0.101795E-02	55.7242
1.50254	0.197504	0.103645E-02	55.7262
1.51366	0.194626	0.105505E-02	55.7380
1.52486	0.191791	0.107336E-02	55.7617
1.53614	0.188995	0.109177E-02	55.7948
1.54750	0.186240	0.111091E-02	55.8249
1.55895	0.183530	0.113078E-02	55.8473
1.57049	0.180853	0.115104E-02	55.8735
1.58211	0.178220	0.117135E-02	55.9066
1.59381	0.175624	0.119168E-02	55.9421
1.60560	0.173066	0.121222E-02	55.9832
1.61748	0.170545	0.123316E-02	56.0265
1.62945	0.168063	0.125467E-02	56.0625
1.64151	0.165615	0.127666E-02	56.1009
1.65365	0.163203	0.129903E-02	56.1519
1.66588	0.160828	0.132208E-02	56.2081
1.67821	0.158485	0.134594E-02	56.2622
1.69063	0.156178	0.137033E-02	56.3152
1.70313	0.153904	0.139501E-02	56.3706
1.71574	0.151664	0.141994E-02	56.4262
1.72843	0.149457	0.144524E-02	56.4732
1.74122	0.147281	0.147105E-02	56.5028
1.75410	0.145140	0.149745E-02	56.5152
1.76708	0.143026	0.152431E-02	56.5080
1.78015	0.140944	0.155113E-02	56.4710
1.79332	0.138893	0.157822E-02	56.4039
1.80659	0.136871	0.160607E-02	56.3108
1.81996	0.134881	0.163416E-02	56.1899
1.83342	0.132919	0.166224E-02	56.0471
1.84699	0.130984	0.169117E-02	55.9045
1.86065	0.129080	0.172177E-02	55.7825
1.87442	0.127201	0.175456E-02	55.6936
1.88829	0.125353	0.179039E-02	55.6593
1.90226	0.123528	0.182955E-02	55.6880
1.91633	0.121734	0.186947E-02	55.7409
1.93051	0.119965	0.190768E-02	55.7698
1.94479	0.118223	0.194466E-02	55.7751
1.95918	0.116506	0.198192E-02	55.7800
1.97368	0.114817	0.201977E-02	55.7890
1.98828	0.113149	0.205824E-02	55.7958
2.00299	0.111509	0.209701E-02	55.8000
2.01781	0.109890	0.213608E-02	55.8063
2.03274	0.108296	0.217578E-02	55.8165
2.04778	0.106726	0.221647E-02	55.8293
2.06293	0.105178	0.225764E-02	55.8447
2.07819	0.103654	0.229876E-02	55.8625
2.09357	0.102150	0.234063E-02	55.8816
2.10906	0.100670	0.238382E-02	55.9077
2.12466	0.992116E-01	0.242789E-02	55.9409
2.14038	0.977735E-01	0.247224E-02	55.9705
2.15622	0.963578E-01	0.251685E-02	55.9955
2.17217	0.949618E-01	0.256235E-02	56.0262
2.18824	0.935861E-01	0.260912E-02	56.0677
2.20443	0.922321E-01	0.265720E-02	56.1180
2.22074	0.908967E-01	0.270659E-02	56.1773
2.23717	0.895815E-01	0.275714E-02	56.2454
2.25372	0.882845E-01	0.280869E-02	56.3169
2.27040	0.870073E-01	0.286110E-02	56.3924
2.28720	0.857490E-01	0.291535E-02	56.4787
2.30412	0.845076E-01	0.297202E-02	56.5718
2.32117	0.832863E-01	0.302969E-02	56.6544
2.33834	0.820822E-01	0.308714E-02	56.7086
2.35564	0.808955E-01	0.314441E-02	56.7191
2.37307	0.797271E-01	0.320136E-02	56.6813
2.39063	0.785742E-01	0.325744E-02	56.5987
2.40831	0.774393E-01	0.331302E-02	56.4779
2.42613	0.763200E-01	0.337194E-02	56.3521
2.44408	0.752167E-01	0.343761E-02	56.2606
2.46217	0.741289E-01	0.350751E-02	56.1966
2.48038	0.730588E-01	0.357751E-02	56.1349
2.49873	0.720036E-01	0.364797E-02	56.0724
2.51722	0.709638E-01	0.372150E-02	56.0263
2.53585	0.699402E-01	0.380058E-02	56.0166
2.55461	0.689315E-01	0.388557E-02	56.0414
2.57351	0.679378E-01	0.397189E-02	56.0720
2.59255	0.669601E-01	0.405499E-02	56.0885
2.61173	0.659965E-01	0.413670E-02	56.0970
2.63105	0.650470E-01	0.422034E-02	56.1029
2.65052	0.641125E-01	0.430602E-02	56.1034
2.67013	0.631911E-01	0.439296E-02	56.1012
2.68988	0.622826E-01	0.448096E-02	56.1006
2.70979	0.613893E-01	0.457020E-02	56.1040
2.72983	0.605071E-01	0.466120E-02	56.1080
2.75003	0.596395E-01	0.475427E-02	56.1073
2.77038	0.587846E-01	0.484992E-02	56.1039
2.79088	0.579408E-01	0.494700E-02	56.1002
2.81152	0.571112E-01	0.504490E-02	56.0946
2.83233	0.562926E-01	0.514534E-02	56.0884
2.85328	0.554866E-01	0.524797E-02	56.0869
2.87439	0.546926E-01	0.535203E-02	56.0896
2.89566	0.539098E-01	0.545848E-02	56.0932
2.91708	0.531393E-01	0.556761E-02	56.0959
2.93866	0.523793E-01	0.567944E-02	56.0958
2.96041	0.516313E-01	0.579401E-02	56.0943
2.98231	0.508941E-01	0.591048E-02	56.0945
3.00437	0.501679E-01	0.602805E-02	56.0948
3.02660	0.494522E-01	0.614754E-02	56.0937
3.04900	0.487469E-01	0.626990E-02	56.0941
3.07155	0.480530E-01	0.639552E-02	56.0975
3.09428	0.473682E-01	0.652382E-02	56.1017
3.11717	0.466938E-01	0.665344E-02	56.1012
3.14024	0.460293E-01	0.678485E-02	56.0966
3.16347	0.453753E-01	0.691898E-02	56.0966
3.18687	0.447302E-01	0.705583E-02	56.1016
3.21045	0.440945E-01	0.719472E-02	56.1040
3.23421	0.434689E-01	0.733591E-02	56.1036
3.25814	0.428525E-01	0.748029E-02	56.1024
3.28224	0.422444E-01	0.762804E-02	56.0975
3.30653	0.416461E-01	0.777927E-02	56.0932
3.33099	0.410566E-01	0.793430E-02	56.0923
3.35563	0.404755E-01	0.809174E-02	56.0899
3.38046	0.399031E-01	0.825065E-02	56.0893
3.40547	0.393397E-01	0.841187E-02	56.0949
3.43067	0.387835E-01	0.857723E-02	56.0997
3.45605	0.382367E-01	0.874611E-02	56.0983
3.48162	0.376973E-01	0.891818E-02	56.0968
3.50738	0.371663E-01	0.909447E-02	56.0995
3.53333	0.366432E-01	0.927458E-02	56.1036
3.55947	0.361276E-01	0.945598E-02	56.1066
3.58581	0.356206E-01	0.963877E-02	56.1080
3.61234	0.351206E-01	0.982507E-02	56.1077
3.63906	0.346296E-01	0.100148E-01	56.1060
3.66599	0.341490E-01	0.102079E-01	56.1031
3.69311	0.336775E-01	0.104045E-01	56.1020
3.72043	0.332115E-01	0.106053E-01	56.1049
3.74796	0.327522E-01	0.108091E-01	56.1073
3.77569	0.322989E-01	0.110162E-01	56.1067
3.80363	0.318523E-01	0.112276E-01	56.1060
3.83177	0.314124E-01	0.114434E-01	56.1072
3.86012	0.309792E-01	0.116628E-01	56.1079
3.88868	0.305520E-01	0.118851E-01	56.1056
3.91745	0.301315E-01	0.121108E-01	56.1024
3.94643	0.297175E-01	0.123414E-01	56.1001
3.97563	0.293095E-01	0.125762E-01	56.0974
4.00504	0.289080E-01	0.128147E-01	56.0943
4.03468	0.285123E-01	0.130571E-01	56.0926
4.06453	0.281231E-01	0.133007E-01	56.0875
4.09460	0.277395E-01	0.135452E-01	56.0744
4.12489	0.273624E-01	0.137916E-01	56.0572
4.15541	0.269906E-01	0.140409E-01	56.0369
4.18616	0.266246E-01	0.142925E-01	56.0087
4.21713	0.262639E-01	0.145472E-01	55.9754
4.24833	0.259088E-01	0.148037E-01	55.9422
4.27976	0.255594E-01	0.150603E-01	55.9056
4.31143	0.252152E-01	0.153184E-01	55.8620
4.34332	0.248762E-01	0.155789E-01	55.8141
4.37546	0.245424E-01	0.158407E-01	55.7646
4.40783	0.242139E-01	0.161040E-01	55.7121
4.44044	0.238907E-01	0.163695E-01	55.6574
4.47330	0.235721E-01	0.166379E-01	55.6036
4.50639	0.232592E-01	0.169062E-01	55.5502
4.53974	0.229507E-01	0.171745E-01	55.4930
4.57332	0.226474E-01	0.174434E-01	55.4324
4.60716	0.223484E-01	0.177146E-01	55.3730
4.64125	0.220542E-01	0.179851E-01	55.3124
4.67559	0.217652E-01	0.182534E-01	55.2464
4.71018	0.214803E-01	0.185221E-01	55.1792
4.74503	0.212004E-01	0.187897E-01	55.1159
4.78013	0.209250E-01	0.190548E-01	55.0518
4.81550	0.206536E-01	0.193200E-01	54.9842
4.85113	0.203869E-01	0.195846E-01	54.9182
4.88702	0.201248E-01	0.198456E-01	54.8562
4.92318	0.198668E-01	0.201030E-01	54.7952
4.95960	0.196134E-01	0.203569E-01	54.7340
4.99630	0.193640E-01	0.206085E-01	54.6743
5.03326	0.191189E-01	0.208559E-01	54.6148
5.07050	0.188777E-01	0.210982E-01	54.5527
5.10802	0.186407E-01	0.213349E-01	54.4919
5.14581	0.184077E-01	0.215664E-01	54.4379
5.18388	0.181787E-01	0.217911E-01	54.3878
5.22224	0.179537E-01	0.220068E-01	54.3392
5.26087	0.177327E-01	0.222144E-01	54.2948
5.29980	0.175155E-01	0.224136E-01	54.2565
5.33901	0.173025E-01	0.225999E-01	54.2255
5.37851	0.170932E-01	0.227754E-01	54.2011
5.41830	0.168877E-01	0.229425E-01	54.1842
5.45839	0.166863E-01	0.230984E-01	54.1755
5.49878	0.164889E-01	0.232427E-01	54.1759
5.53946	0.162954E-01	0.233748E-01	54.1871
5.58044	0.161061E-01	0.234924E-01	54.2102
5.62173	0.159208E-01	0.235968E-01	54.2461
5.66332	0.157400E-01	0.236872E-01	54.2963
5.70522	0.155632E-01	0.237625E-01	54.3635
5.74744	0.153913E-01	0.238211E-01	54.4513
5.78996	0.152250E-01	0.238624E-01	54.5603
5.83280	0.150643E-01	0.238875E-01	54.6925
5.87595	0.149101E-01	0.238961E-01	54.8522
5.91943	0.147641E-01	0.238845E-01	55.0372
5.96322	0.146201E-01	0.238630E-01	55.2455
6.00734	0.144703E-01	0.238441E-01	55.4790
6.05179	0.143172E-01	0.238198E-01	55.7329
6.09656	0.141666E-01	0.237802E-01	55.9982
6.14167	0.140183E-01	0.237291E-01	56.2767
6.18711	0.138725E-01	0.236706E-01	56.5737
6.23289	0.137284E-01	0.236093E-01	56.8860
6.27900	0.135797E-01	0.235668E-01	57.2168
6.32546	0.134226E-01	0.235622E-01	57.5751
6.37226	0.132712E-01	0.235728E-01	57.9597
6.41940	0.131391E-01	0.235709E-01	58.3643
6.46690	0.130282E-01	0.235523E-01	58.7846
6.51474	0.129188E-01	0.235542E-01	59.2107
6.56294	0.127755E-01	0.236445E-01	59.6288
6.61150	0.125989E-01	0.238185E-01	60.0174
6.66042	0.122931E-01	0.242568E-01	60.3476
6.70970	0.117154E-01	0.252837E-01	60.5901
6.75934	0.111054E-01	0.264700E-01	60.7131
6.80935	0.107756E-01	0.270323E-01	60.6893
6.85973	0.106149E-01	0.271328E-01	60.5017
6.91048	0.104638E-01	0.271321E-01	60.1392
6.96161	0.103146E-01	0.270506E-01	59.6041
7.01312	0.101658E-01	0.269418E-01	58.9219
7.06500	0.100168E-01	0.268843E-01	58.1464
7.11728	0.986964E-02	0.269609E-01	57.3610
7.16993	0.972646E-02	0.272432E-01	56.6625
7.22298	0.958833E-02	0.277927E-01	56.1417
7.27642	0.945454E-02	0.286157E-01	55.8699
7.33026	0.932384E-02	0.295591E-01	55.8135
7.38449	0.919755E-02	0.304388E-01	55.8555
7.43913	0.906045E-02	0.312877E-01	55.9405
7.49417	0.889316E-02	0.322035E-01	56.0555
7.54961	0.872475E-02	0.330563E-01	56.1498
7.60547	0.859177E-02	0.336921E-01	56.1858
7.66174	0.848029E-02	0.342116E-01	56.1921
7.71843	0.837118E-02	0.347316E-01	56.1969
7.77553	0.826384E-02	0.352581E-01	56.1980
7.83306	0.815809E-02	0.357925E-01	56.1977
7.89102	0.805387E-02	0.363334E-01	56.2006
7.94940	0.795106E-02	0.368800E-01	56.2070
8.00821	0.784996E-02	0.374300E-01	56.2121
8.06746	0.775010E-02	0.379865E-01	56.2151
8.12715	0.765188E-02	0.385512E-01	56.2206
8.18728	0.755515E-02	0.391223E-01	56.2260
8.24786	0.745978E-02	0.396969E-01	56.2277
8.30888	0.736576E-02	0.402779E-01	56.2288
8.37035	0.727313E-02	0.408644E-01	56.2308
8.43228	0.718187E-02	0.414574E-01	56.2343
8.49467	0.709196E-02	0.420609E-01	56.2401
8.55752	0.700336E-02	0.426680E-01	56.2469
8.62083	0.691603E-02	0.432744E-01	56.2540
8.68462	0.683000E-02	0.438892E-01	56.2608
8.74887	0.674517E-02	0.445168E-01	56.2653
8.81360	0.666166E-02	0.451463E-01	56.2682
8.87881	0.657935E-02	0.457759E-01	56.2702
8.94450	0.649823E-02	0.464168E-01	56.2730
9.01068	0.641829E-02	0.470724E-01	56.2788
9.07734	0.633951E-02	0.477333E-01	56.2862
9.14450	0.626189E-02	0.483938E-01	56.2931
9.21216	0.618535E-02	0.490584E-01	56.2998
9.28032	0.610987E-02	0.497298E-01	56.3082
9.34898	0.603553E-02	0.504059E-01	56.3143
9.41815	0.596229E-02	0.510865E-01	56.3168
9.48783	0.589010E-02	0.517741E-01	56.3213
9.55803	0.581895E-02	0.524711E-01	56.3289
9.62875	0.574874E-02	0.531752E-01	56.3356
9.69999	0.567950E-02	0.538823E-01	56.3413
9.77175	0.561127E-02	0.545942E-01	56.3491
9.84405	0.554413E-02	0.553096E-01	56.3576
9.91688	0.547793E-02	0.560274E-01	56.3646
9.99025	0.541260E-02	0.567525E-01	56.3724
10.0642	0.534822E-02	0.574853E-01	56.3799
10.1386	0.528476E-02	0.582185E-01	56.3847
10.2136	0.522221E-02	0.589507E-01	56.3904
10.2892	0.516052E-02	0.596887E-01	56.3978
10.3653	0.509967E-02	0.604370E-01	56.4045
10.4420	0.503968E-02	0.611975E-01	56.4110
10.5193	0.498055E-02	0.619668E-01	56.4191
10.5971	0.492230E-02	0.627336E-01	56.4268
10.6755	0.486480E-02	0.634941E-01	56.4322
10.7545	0.480806E-02	0.642565E-01	56.4383
10.8341	0.475214E-02	0.650283E-01	56.4456
10.9142	0.469703E-02	0.658045E-01	56.4521
10.9950	0.464270E-02	0.665817E-01	56.4568
11.0763	0.458904E-02	0.673639E-01	56.4606
11.1583	0.453610E-02	0.681517E-01	56.4657
11.2408	0.448393E-02	0.689450E-01	56.4715
11.3240	0.443250E-02	0.697414E-01	56.4783
11.4078	0.438180E-02	0.705425E-01	56.4854
11.4922	0.433171E-02	0.713508E-01	56.4914
11.5772	0.428239E-02	0.721542E-01	56.4969
11.6629	0.423366E-02	0.729564E-01	56.5013
11.7492	0.418562E-02	0.737664E-01	56.5048
11.8361	0.413821E-02	0.745851E-01	56.5098
11.9237	0.409146E-02	0.754005E-01	56.5153
12.0119	0.404528E-02	0.762089E-01	56.5198
12.1007	0.399977E-02	0.770160E-01	56.5247
12.1903	0.395482E-02	0.778262E-01	56.5297
12.2805	0.391049E-02	0.786351E-01	56.5333
12.3713	0.386665E-02	0.794459E-01	56.5372
12.4629	0.382342E-02	0.802579E-01	56.5437
12.5551	0.378070E-02	0.810715E-01	56.5503
12.6480	0.373855E-02	0.818810E-01	56.5546
12.7415	0.369700E-02	0.826903E-01	56.5588
12.8358	0.365598E-02	0.835081E-01	56.5643
12.9308	0.361556E-02	0.843234E-01	56.5674
13.0264	0.357559E-02	0.851308E-01	56.5685
13.1228	0.353601E-02	0.859392E-01	56.5707
13.2199	0.349699E-02	0.867456E-01	56.5737
13.3177	0.345847E-02	0.875462E-01	56.5768
13.4163	0.342035E-02	0.883455E-01	56.5823
13.5155	0.338278E-02	0.891405E-01	56.5900
13.6155	0.334565E-02	0.899264E-01	56.5959
13.7162	0.330890E-02	0.907084E-01	56.5985
13.8177	0.327258E-02	0.914949E-01	56.6010
13.9200	0.323680E-02	0.922758E-01	56.6047
14.0229	0.320142E-02	0.930460E-01	56.6089
14.1267	0.316644E-02	0.938083E-01	56.6144
14.2312	0.313183E-02	0.945670E-01	56.6196
14.3365	0.309761E-02	0.953177E-01	56.6226
14.4426	0.306377E-02	0.960584E-01	56.6257
14.5494	0.303037E-02	0.967951E-01	56.6307
14.6571	0.299728E-02	0.975324E-01	56.6371
14.7655	0.296465E-02	0.982516E-01	56.6435
14.8748	0.293222E-02	0.989655E-01	56.6501
14.9848	0.290022E-02	0.996784E-01	56.6589
15.0957	0.286853E-02	0.100388	56.6672
15.2074	0.283728E-02	0.101086	56.6731
15.3199	0.280625E-02	0.101784	56.6801
15.4332	0.277562E-02	0.102468	56.6887
15.5474	0.274528E-02	0.103133	56.6966
15.6625	0.271524E-02	0.103788	56.7040
15.7783	0.268551E-02	0.104441	56.7124
15.8951	0.265612E-02	0.105081	56.7216
16.0127	0.262699E-02	0.105703	56.7289
16.1311	0.259809E-02	0.106318	56.7363
16.2505	0.256945E-02	0.106934	56.7470
16.3707	0.254109E-02	0.107541	56.7580
16.4918	0.251300E-02	0.108124	56.7670
16.6139	0.248520E-02	0.108692	56.7772
16.7368	0.245769E-02	0.109250	56.7889
16.8606	0.243044E-02	0.109797	56.7995
16.9854	0.240339E-02	0.110342	56.8111
17.1110	0.237657E-02	0.110878	56.8254
17.2376	0.234999E-02	0.111393	56.8402
17.3652	0.232367E-02	0.111893	56.8562
17.4936	0.229756E-02	0.112394	56.8719
17.6231	0.227165E-02	0.112881	56.8840
17.7535	0.224597E-02	0.113340	56.8926
17.8848	0.222055E-02	0.113785	56.9021
18.0171	0.219528E-02	0.114240	56.9153
18.1504	0.217022E-02	0.114689	56.9284
18.2847	0.214544E-02	0.115117	56.9399
18.4200	0.212088E-02	0.115530	56.9533
18.5563	0.209650E-02	0.115936	56.9697
18.6936	0.207229E-02	0.116331	56.9845
18.8319	0.204826E-02	0.116705	56.9977
18.9712	0.202442E-02	0.117070	57.0146
19.1116	0.200077E-02	0.117430	57.0320
19.2530	0.197734E-02	0.117775	57.0455
19.3954	0.195414E-02	0.118105	57.0593
19.5389	0.193107E-02	0.118431	57.0769
19.6835	0.190818E-02	0.118747	57.0938
19.8291	0.188552E-02	0.119043	57.1077
19.9758	0.186305E-02	0.119329	57.1227
20.1236	0.184071E-02	0.119612	57.1385
20.2725	0.181856E-02	0.119886	57.1519
20.4225	0.179664E-02	0.120145	57.1653
20.5736	0.177491E-02	0.120390	57.1809
20.7258	0.175330E-02	0.120626	57.1970
20.8792	0.173189E-02	0.120857	57.2113
21.0336	0.171067E-02	0.121090	57.2255
21.1893	0.168963E-02	0.121321	57.2402
21.3460	0.166880E-02	0.121527	57.2543
21.5040	0.164813E-02	0.121707	57.2692
21.6631	0.162758E-02	0.121882	57.2839
21.8233	0.160720E-02	0.122057	57.2976
21.9848	0.158706E-02	0.122220	57.3119
22.1475	0.156709E-02	0.122379	57.3261
22.3113	0.154724E-02	0.122541	57.3411
22.4764	0.152758E-02	0.122692	57.3571
22.6427	0.150814E-02	0.122821	57.3715
22.8102	0.148888E-02	0.122936	57.3843
22.9790	0.146973E-02	0.123056	57.3977
23.1490	0.145076E-02	0.123165	57.4118
23.3203	0.143198E-02	0.123256	57.4237
23.4928	0.141337E-02	0.123345	57.4351
23.6666	0.139494E-02	0.123437	57.4497
23.8417	0.137671E-02	0.123520	57.4633
24.0181	0.135867E-02	0.123596	57.4744
24.1958	0.134077E-02	0.123679	57.4871
24.3748	0.132301E-02	0.123750	57.5024
24.5552	0.130543E-02	0.123793	57.5164
24.7368	0.128801E-02	0.123829	57.5261
24.9199	0.127078E-02	0.123871	57.5352
25.1042	0.125373E-02	0.123912	57.5472
25.2900	0.123687E-02	0.123937	57.5602
25.4771	0.122021E-02	0.123947	57.5729
25.6656	0.120366E-02	0.123958	57.5851
25.8555	0.118726E-02	0.123965	57.5940
26.0468	0.117106E-02	0.123966	57.6022
26.2395	0.115504E-02	0.123969	57.6135
26.4336	0.113923E-02	0.123962	57.6238
26.6292	0.112356E-02	0.123954	57.6325
26.8262	0.110804E-02	0.123954	57.6446
27.0247	0.109268E-02	0.123949	57.6583
27.2246	0.107751E-02	0.123916	57.6664
27.4261	0.106252E-02	0.123874	57.6698
27.6290	0.104767E-02	0.123837	57.6762
27.8334	0.103298E-02	0.123796	57.6849
28.0393	0.101846E-02	0.123747	57.6916
28.2468	0.100412E-02	0.123695	57.6997
28.4558	0.989930E-03	0.123654	57.7123
28.6663	0.975918E-03	0.123599	57.7251
28.8784	0.962072E-03	0.123526	57.7328
29.0921	0.948380E-03	0.123461	57.7382
29.3073	0.934821E-03	0.123412	57.7437
29.5241	0.921442E-03	0.123341	57.7475
29.7426	0.908232E-03	0.123249	57.7520
29.9626	0.895165E-03	0.123170	57.7608
30.1843	0.882257E-03	0.123096	57.7714
30.4076	0.869531E-03	0.122994	57.7782
30.6326	0.856936E-03	0.122887	57.7821
30.8592	0.844484E-03	0.122797	57.7873
31.0876	0.832181E-03	0.122709	57.7943
31.3176	0.820051E-03	0.122595	57.8021
31.5493	0.808077E-03	0.122467	57.8097
31.7827	0.796224E-03	0.122348	57.8165
32.0178	0.784542E-03	0.122230	57.8206
32.2547	0.773027E-03	0.122104	57.8213
32.4934	0.761661E-03	0.121976	57.8231
32.7338	0.750418E-03	0.121858	57.8265
32.9760	0.739315E-03	0.121738	57.8297
33.2199	0.728365E-03	0.121605	57.8336
33.4657	0.717538E-03	0.121473	57.8376
33.7133	0.706866E-03	0.121333	57.8411
33.9628	0.696338E-03	0.121180	57.8446
34.2140	0.685929E-03	0.121040	57.8494
34.4672	0.675649E-03	0.120905	57.8559
34.7222	0.665523E-03	0.120739	57.8617
34.9791	0.655532E-03	0.120561	57.8646
35.2379	0.645658E-03	0.120406	57.8678
35.4986	0.635931E-03	0.120253	57.8715
35.7612	0.626352E-03	0.120082	57.8732
36.0258	0.616905E-03	0.119899	57.8746
36.2924	0.607555E-03	0.119726	57.8790
36.5609	0.598328E-03	0.119554	57.8848
36.8314	0.589242E-03	0.119368	57.8870
37.1039	0.580282E-03	0.119188	57.8863
37.3784	0.571448E-03	0.119021	57.8871
37.6550	0.562738E-03	0.118843	57.8871
37.9336	0.554143E-03	0.118641	57.8862
38.2142	0.545665E-03	0.118443	57.8889
38.4969	0.537314E-03	0.118270	57.8950
38.7818	0.529085E-03	0.118086	57.8992
39.0687	0.520960E-03	0.117883	57.9011
39.3578	0.512933E-03	0.117692	57.9046
39.6490	0.505033E-03	0.117506	57.9079
39.9423	0.497250E-03	0.117305	57.9050
40.2378	0.489569E-03	0.117086	57.9008
40.5355	0.481997E-03	0.116864	57.9028
40.8354	0.474527E-03	0.116637	57.9048
41.1376	0.467169E-03	0.116404	57.9015
41.4419	0.459914E-03	0.116183	57.8988
41.7485	0.452761E-03	0.115970	57.8986
42.0574	0.445716E-03	0.115738	57.8978
42.3686	0.438766E-03	0.115494	57.8989
42.6821	0.431916E-03	0.115263	57.9013
42.9978	0.425168E-03	0.115040	57.9015
43.3160	0.418519E-03	0.114814	57.9015
43.6365	0.411965E-03	0.114586	57.9026
43.9593	0.405509E-03	0.114353	57.9020
44.2845	0.399152E-03	0.114110	57.9007
44.6122	0.392889E-03	0.113866	57.9038
44.9423	0.386704E-03	0.113625	57.9080
45.2748	0.380615E-03	0.113361	57.9075
45.6097	0.374610E-03	0.113094	57.9034
45.9472	0.368686E-03	0.112841	57.9010
46.2871	0.362859E-03	0.112579	57.8997
46.6296	0.357130E-03	0.112311	57.8965
46.9746	0.351480E-03	0.112050	57.8968
47.3221	0.345895E-03	0.111789	57.9007
47.6723	0.340391E-03	0.111513	57.9032
48.0250	0.334981E-03	0.111221	57.9043
48.3803	0.329659E-03	0.110926	57.9026
48.7382	0.324418E-03	0.110640	57.8989
49.0988	0.319256E-03	0.110354	57.8953
49.4621	0.314168E-03	0.110060	57.8897
49.8281	0.309153E-03	0.109766	57.8848
50.1967	0.304212E-03	0.109479	57.8845
50.5681	0.299339E-03	0.109187	57.8844
50.9423	0.294541E-03	0.108880	57.8826
51.3192	0.289815E-03	0.108581	57.8836
51.6988	0.285161E-03	0.108294	57.8855
52.0813	0.280576E-03	0.107992	57.8845
52.4667	0.276058E-03	0.107680	57.8814
52.8549	0.271609E-03	0.107377	57.8749
53.2459	0.267228E-03	0.107060	57.8663
53.6399	0.262915E-03	0.106722	57.8597
54.0367	0.258669E-03	0.106394	57.8579
54.4365	0.254486E-03	0.106087	57.8587
54.8393	0.250368E-03	0.105764	57.8581
55.2450	0.246310E-03	0.105418	57.8561
55.6538	0.242309E-03	0.105076	57.8527
56.0655	0.238370E-03	0.104741	57.8499
56.4803	0.234489E-03	0.104408	57.8501
56.8982	0.230665E-03	0.104064	57.8521
57.3192	0.226900E-03	0.103710	57.8506
57.7433	0.223196E-03	0.103346	57.8391
58.1705	0.219544E-03	0.102965	57.8251
58.6009	0.215938E-03	0.102567	57.8153
59.0344	0.212384E-03	0.102154	57.8023
59.4712	0.208888E-03	0.101731	57.7834
59.9112	0.205446E-03	0.101313	57.7625
60.3545	0.202048E-03	0.100893	57.7404
60.8010	0.198696E-03	0.100441	57.7160
61.2509	0.195396E-03	0.999535E-01	57.6880
61.7040	0.192142E-03	0.994554E-01	57.6592
62.1606	0.188932E-03	0.989468E-01	57.6291
62.6205	0.185771E-03	0.984103E-01	57.5917
63.0838	0.182664E-03	0.978557E-01	57.5510
63.5505	0.179600E-03	0.973059E-01	57.5136
64.0207	0.176577E-03	0.967483E-01	57.4763
64.4944	0.173602E-03	0.961587E-01	57.4322
64.9715	0.170668E-03	0.955350E-01	57.3802
65.4522	0.167773E-03	0.948802E-01	57.3243
65.9365	0.164920E-03	0.941979E-01	57.2679
66.4243	0.162116E-03	0.935107E-01	57.2136
66.9158	0.159352E-03	0.928312E-01	57.1594
67.4109	0.156631E-03	0.921269E-01	57.1052
67.9096	0.153953E-03	0.913730E-01	57.0502
68.4121	0.151306E-03	0.905786E-01	56.9921
68.9182	0.148688E-03	0.897572E-01	56.9310
69.4281	0.146109E-03	0.889003E-01	56.8684
69.9418	0.143573E-03	0.880050E-01	56.8114
70.4593	0.141073E-03	0.870744E-01	56.7603
70.9806	0.138601E-03	0.861014E-01	56.7045
71.5057	0.136162E-03	0.850769E-01	56.6437
72.0348	0.133763E-03	0.840055E-01	56.5861
72.5677	0.131402E-03	0.829092E-01	56.5334
73.1046	0.129074E-03	0.817876E-01	56.4861
73.6455	0.126772E-03	0.806165E-01	56.4422
74.1904	0.124498E-03	0.794015E-01	56.4014
74.7393	0.122252E-03	0.781494E-01	56.3679
75.2923	0.120045E-03	0.768307E-01	56.3457
75.8493	0.117873E-03	0.754285E-01	56.3392
76.4105	0.115729E-03	0.739581E-01	56.3504
76.9758	0.113605E-03	0.724507E-01	56.3696
77.5454	0.111505E-03	0.708919E-01	56.3933
78.1191	0.109436E-03	0.692551E-01	56.4381
78.6971	0.107395E-03	0.675534E-01	56.5157
79.2793	0.105378E-03	0.657898E-01	56.6267
79.8659	0.103387E-03	0.639509E-01	56.7675
80.4568	0.101419E-03	0.620584E-01	56.9413
81.0521	0.994743E-04	0.601280E-01	57.1584
81.6517	0.975521E-04	0.581305E-01	57.4216
82.2558	0.956556E-04	0.560571E-01	57.7429
82.8644	0.937781E-04	0.539296E-01	58.1471
83.4775	0.919169E-04	0.517618E-01	58.6441
84.0951	0.900766E-04	0.495477E-01	59.2325
84.7173	0.882582E-04	0.473033E-01	59.9312
85.3441	0.864558E-04	0.450812E-01	60.7717
85.9755	0.846716E-04	0.428911E-01	61.7788
86.6116	0.829076E-04	0.407306E-01	62.9814
87.2525	0.811623E-04	0.386434E-01	64.4186
87.8980	0.794338E-04	0.366558E-01	66.1189
88.5483	0.777229E-04	0.348039E-01	68.1052
89.2035	0.760267E-04	0.331933E-01	70.3909
89.8635	0.743380E-04	0.318898E-01	72.9555
90.5283	0.726617E-04	0.309052E-01	75.7650
91.1981	0.709958E-04	0.302931E-01	78.7612
91.8729	0.693394E-04	0.301237E-01	81.8431
92.5526	0.676833E-04	0.304464E-01	84.9068
93.2374	0.660229E-04	0.312673E-01	87.8864
93.9272	0.643608E-04	0.325228E-01	90.7004
94.6221	0.627051E-04	0.340833E-01	93.2195
95.3222	0.610619E-04	0.357325E-01	95.3751
96.0275	0.594317E-04	0.370657E-01	97.2459
96.7379	0.578145E-04	0.376150E-01	99.0064
97.4537	0.562092E-04	0.371147E-01	100.852
98.1747	0.546147E-04	0.354489E-01	103.006
98.9010	0.530374E-04	0.324743E-01	105.828
99.6328	0.514817E-04	0.285579E-01	109.874
