   1.20444      0.767331E-01  0.101485E-04  0.276237E-06   0.00000      0.132306E-03  0.779586       0.00000    
   1.21335      0.756122E-01  0.101869E-04  0.285893E-06   0.00000      0.134779E-03  0.803784       0.00000    
   1.22233      0.745071E-01  0.102322E-04  0.297124E-06   0.00000      0.137390E-03  0.831645       0.00000    
   1.23137      0.734199E-01  0.102829E-04  0.309603E-06   0.00000      0.140119E-03  0.862287       0.00000    
   1.24048      0.723466E-01  0.103349E-04  0.322051E-06   0.00000      0.142922E-03  0.892422       0.00000    
   1.24966      0.712910E-01  0.103883E-04  0.335288E-06   0.00000      0.145792E-03  0.924308       0.00000    
   1.25891      0.702491E-01  0.104414E-04  0.351695E-06   0.00000      0.148718E-03  0.964577       0.00000    
   1.26822      0.692237E-01  0.104888E-04  0.371655E-06   0.00000      0.151616E-03   1.01467       0.00000    
   1.27760      0.682130E-01  0.105295E-04  0.391768E-06   0.00000      0.154469E-03   1.06540       0.00000    
   1.28706      0.672161E-01  0.105624E-04  0.411236E-06   0.00000      0.157260E-03   1.11481       0.00000    
   1.29658      0.662354E-01  0.105811E-04  0.434800E-06   0.00000      0.159884E-03   1.17654       0.00000    
   1.30617      0.652683E-01  0.105826E-04  0.464547E-06   0.00000      0.162297E-03   1.25675       0.00000    
   1.31583      0.643151E-01  0.105660E-04  0.496873E-06   0.00000      0.164467E-03   1.34619       0.00000    
   1.32557      0.633758E-01  0.105326E-04  0.525991E-06   0.00000      0.166401E-03   1.42946       0.00000    
   1.33538      0.624509E-01  0.104947E-04  0.547653E-06   0.00000      0.168276E-03   1.49360       0.00000    
   1.34526      0.615388E-01  0.104654E-04  0.563296E-06   0.00000      0.170308E-03   1.54048       0.00000    
   1.35521      0.606415E-01  0.104503E-04  0.576576E-06   0.00000      0.172592E-03   1.57899       0.00000    
   1.36524      0.597553E-01  0.104543E-04  0.585741E-06   0.00000      0.175227E-03   1.60342       0.00000    
   1.37534      0.588837E-01  0.104819E-04  0.587789E-06   0.00000      0.178290E-03   1.60479       0.00000    
   1.38551      0.580248E-01  0.105289E-04  0.584068E-06   0.00000      0.181734E-03   1.58755       0.00000    
   1.39576      0.571778E-01  0.105856E-04  0.575655E-06   0.00000      0.185408E-03   1.55637       0.00000    
   1.40609      0.563430E-01  0.106417E-04  0.563811E-06   0.00000      0.189139E-03   1.51638       0.00000    
   1.41649      0.555217E-01  0.106920E-04  0.552593E-06   0.00000      0.192831E-03   1.47929       0.00000    
   1.42697      0.547112E-01  0.107404E-04  0.544821E-06   0.00000      0.196564E-03   1.45196       0.00000    
   1.43753      0.539126E-01  0.107929E-04  0.538184E-06   0.00000      0.200442E-03   1.42733       0.00000    
   1.44817      0.531264E-01  0.108485E-04  0.530173E-06   0.00000      0.204446E-03   1.39892       0.00000    
   1.45888      0.523518E-01  0.109029E-04  0.523815E-06   0.00000      0.208502E-03   1.37530       0.00000    
   1.46968      0.515876E-01  0.109581E-04  0.519035E-06   0.00000      0.212656E-03   1.35590       0.00000    
   1.48055      0.508354E-01  0.110103E-04  0.511848E-06   0.00000      0.216821E-03   1.33083       0.00000    
   1.49150      0.500938E-01  0.110557E-04  0.501647E-06   0.00000      0.220927E-03   1.29899       0.00000    
   1.50254      0.493634E-01  0.111065E-04  0.489024E-06   0.00000      0.225212E-03   1.26057       0.00000    
   1.51366      0.486435E-01  0.111686E-04  0.475744E-06   0.00000      0.229810E-03   1.21956       0.00000    
   1.52486      0.479343E-01  0.112332E-04  0.463707E-06   0.00000      0.234545E-03   1.18192       0.00000    
   1.53614      0.472350E-01  0.112932E-04  0.450948E-06   0.00000      0.239277E-03   1.14333       0.00000    
   1.54750      0.465458E-01  0.113522E-04  0.433122E-06   0.00000      0.244071E-03   1.09247       0.00000    
   1.55895      0.458680E-01  0.114117E-04  0.408127E-06   0.00000      0.248954E-03   1.02412       0.00000    
   1.57049      0.451986E-01  0.114665E-04  0.379400E-06   0.00000      0.253829E-03  0.947551       0.00000    
   1.58211      0.445399E-01  0.115228E-04  0.350726E-06   0.00000      0.258827E-03  0.871703       0.00000    
   1.59381      0.438908E-01  0.115929E-04  0.320643E-06   0.00000      0.264233E-03  0.792154       0.00000    
   1.60560      0.432508E-01  0.116713E-04  0.290048E-06   0.00000      0.269935E-03  0.711791       0.00000    
   1.61748      0.426202E-01  0.117439E-04  0.264433E-06   0.00000      0.275619E-03  0.644943       0.00000    
   1.62945      0.419994E-01  0.118129E-04  0.241921E-06   0.00000      0.281322E-03  0.586611       0.00000    
   1.64151      0.413872E-01  0.118884E-04  0.216644E-06   0.00000      0.287297E-03  0.521994       0.00000    
   1.65365      0.407838E-01  0.119633E-04  0.191893E-06   0.00000      0.293373E-03  0.459475       0.00000    
   1.66588      0.401898E-01  0.120316E-04  0.170882E-06   0.00000      0.299399E-03  0.406852       0.00000    
   1.67821      0.396038E-01  0.121023E-04  0.149932E-06   0.00000      0.305608E-03  0.354891       0.00000    
   1.69063      0.390267E-01  0.121741E-04  0.132406E-06   0.00000      0.311960E-03  0.311563       0.00000    
   1.70313      0.384580E-01  0.122404E-04  0.125490E-06   0.00000      0.318296E-03  0.293692       0.00000    
   1.71574      0.378978E-01  0.123050E-04  0.125453E-06   0.00000      0.324707E-03  0.292062       0.00000    
   1.72843      0.373458E-01  0.123709E-04  0.126489E-06   0.00000      0.331270E-03  0.292908       0.00000    
   1.74122      0.368016E-01  0.124342E-04  0.130686E-06   0.00000      0.337891E-03  0.301084       0.00000    
   1.75410      0.362660E-01  0.124965E-04  0.140889E-06   0.00000      0.344602E-03  0.322971       0.00000    
   1.76708      0.357373E-01  0.125664E-04  0.154799E-06   0.00000      0.351661E-03  0.352880       0.00000    
   1.78015      0.352165E-01  0.126431E-04  0.167717E-06   0.00000      0.359040E-03  0.380007       0.00000    
   1.79332      0.347039E-01  0.127154E-04  0.179309E-06   0.00000      0.366434E-03  0.403957       0.00000    
   1.80659      0.341982E-01  0.127822E-04  0.192979E-06   0.00000      0.373810E-03  0.432480       0.00000    
   1.81996      0.337003E-01  0.128466E-04  0.209848E-06   0.00000      0.381253E-03  0.467918       0.00000    
   1.83342      0.332097E-01  0.128956E-04  0.230604E-06   0.00000      0.388370E-03  0.512239       0.00000    
   1.84699      0.327258E-01  0.129068E-04  0.257484E-06   0.00000      0.394471E-03  0.571433       0.00000    
   1.86065      0.322498E-01  0.128682E-04  0.292335E-06   0.00000      0.399118E-03  0.650702       0.00000    
   1.87442      0.317799E-01  0.127766E-04  0.337892E-06   0.00000      0.402173E-03  0.757453       0.00000    
   1.88829      0.313177E-01  0.126278E-04  0.398993E-06   0.00000      0.403417E-03  0.904869       0.00000    
   1.90226      0.308614E-01  0.124453E-04  0.469893E-06   0.00000      0.403552E-03   1.08113       0.00000    
   1.91633      0.304129E-01  0.123165E-04  0.523415E-06   0.00000      0.405341E-03   1.21672       0.00000    
   1.93051      0.299703E-01  0.122995E-04  0.542192E-06   0.00000      0.410790E-03   1.26205       0.00000    
   1.94479      0.295346E-01  0.123482E-04  0.539151E-06   0.00000      0.418493E-03   1.25003       0.00000    
   1.95918      0.291050E-01  0.124089E-04  0.526070E-06   0.00000      0.426733E-03   1.21379       0.00000    
   1.97368      0.286825E-01  0.124723E-04  0.506457E-06   0.00000      0.435197E-03   1.16266       0.00000    
   1.98828      0.282651E-01  0.125372E-04  0.487845E-06   0.00000      0.443893E-03   1.11418       0.00000    
   2.00299      0.278548E-01  0.126031E-04  0.471114E-06   0.00000      0.452774E-03   1.07038       0.00000    
   2.01781      0.274500E-01  0.126700E-04  0.451522E-06   0.00000      0.461861E-03   1.02049       0.00000    
   2.03274      0.270511E-01  0.127397E-04  0.427493E-06   0.00000      0.471214E-03  0.960949       0.00000    
   2.04778      0.266583E-01  0.128128E-04  0.398526E-06   0.00000      0.480864E-03  0.890769       0.00000    
   2.06293      0.262709E-01  0.128863E-04  0.365545E-06   0.00000      0.490712E-03  0.812437       0.00000    
   2.07819      0.258897E-01  0.129608E-04  0.331393E-06   0.00000      0.500781E-03  0.732332       0.00000    
   2.09357      0.255136E-01  0.130386E-04  0.298857E-06   0.00000      0.511180E-03  0.656522       0.00000    
   2.10906      0.251433E-01  0.131183E-04  0.268543E-06   0.00000      0.521851E-03  0.586365       0.00000    
   2.12466      0.247784E-01  0.132016E-04  0.234564E-06   0.00000      0.532872E-03  0.508956       0.00000    
   2.14038      0.244186E-01  0.132929E-04  0.189571E-06   0.00000      0.544431E-03  0.408521       0.00000    
   2.15622      0.240645E-01  0.133882E-04  0.137546E-06   0.00000      0.556376E-03  0.294309       0.00000    
   2.17217      0.237153E-01  0.134813E-04  0.887110E-07   0.00000      0.568478E-03  0.188509       0.00000    
   2.18824      0.233711E-01  0.135741E-04  0.461661E-07   0.00000      0.580807E-03  0.974328E-01   0.00000    
   2.20443      0.230324E-01  0.136662E-04  0.868539E-08   0.00000      0.593349E-03  0.182068E-01   0.00000    
   2.22074      0.226982E-01  0.137541E-04 -0.257494E-07   0.00000      0.605957E-03 -0.536322E-01   0.00000    
   2.23717      0.223692E-01  0.138378E-04 -0.586580E-07   0.00000      0.618617E-03 -0.121436       0.00000    
   2.25372      0.220447E-01  0.139227E-04 -0.868282E-07   0.00000      0.631576E-03 -0.178659       0.00000    
   2.27040      0.217252E-01  0.140088E-04 -0.105599E-06   0.00000      0.644837E-03 -0.215944       0.00000    
   2.28720      0.214105E-01  0.140883E-04 -0.115574E-06   0.00000      0.658031E-03 -0.235009       0.00000    
   2.30412      0.210999E-01  0.141650E-04 -0.123765E-06   0.00000      0.671356E-03 -0.250302       0.00000    
   2.32117      0.207943E-01  0.142561E-04 -0.136601E-06   0.00000      0.685609E-03 -0.274493       0.00000    
   2.33834      0.204931E-01  0.143707E-04 -0.153935E-06   0.00000      0.701290E-03 -0.306856       0.00000    
   2.35564      0.201962E-01  0.145148E-04 -0.173248E-06   0.00000      0.718744E-03 -0.341924       0.00000    
   2.37307      0.199039E-01  0.146923E-04 -0.195254E-06   0.00000      0.738227E-03 -0.380695       0.00000    
   2.39063      0.196155E-01  0.148930E-04 -0.221866E-06   0.00000      0.759334E-03 -0.426746       0.00000    
   2.40831      0.193316E-01  0.150860E-04 -0.246885E-06   0.00000      0.780488E-03 -0.468785       0.00000    
   2.42613      0.190516E-01  0.151907E-04 -0.244945E-06   0.00000      0.797447E-03 -0.461899       0.00000    
   2.44408      0.187757E-01  0.151596E-04 -0.197945E-06   0.00000      0.807473E-03 -0.374046       0.00000    
   2.46217      0.185037E-01  0.150703E-04 -0.127604E-06   0.00000      0.814475E-03 -0.242564       0.00000    
   2.48038      0.182361E-01  0.150096E-04 -0.659252E-07   0.00000      0.823079E-03 -0.125827       0.00000    
   2.49873      0.179722E-01  0.149813E-04 -0.202691E-07   0.00000      0.833581E-03 -0.387596E-01   0.00000    
   2.51722      0.177122E-01  0.149409E-04  0.222308E-07   0.00000      0.843539E-03  0.426256E-01   0.00000    
   2.53585      0.174562E-01  0.148521E-04  0.741387E-07   0.00000      0.850829E-03  0.143004       0.00000    
   2.55461      0.172039E-01  0.147379E-04  0.130140E-06   0.00000      0.856691E-03  0.252963       0.00000    
   2.57351      0.169554E-01  0.146751E-04  0.172061E-06   0.00000      0.865575E-03  0.335872       0.00000    
   2.59255      0.167107E-01  0.146982E-04  0.194469E-06   0.00000      0.879646E-03  0.379013       0.00000    
   2.61173      0.164695E-01  0.147652E-04  0.207265E-06   0.00000      0.896603E-03  0.402116       0.00000    
   2.63105      0.162319E-01  0.148402E-04  0.215383E-06   0.00000      0.914355E-03  0.415752       0.00000    
   2.65052      0.159981E-01  0.149177E-04  0.218728E-06   0.00000      0.932567E-03  0.420015       0.00000    
   2.67013      0.157675E-01  0.149948E-04  0.219934E-06   0.00000      0.951099E-03  0.420159       0.00000    
   2.68988      0.155401E-01  0.150742E-04  0.220286E-06   0.00000      0.970120E-03  0.418615       0.00000    
   2.70979      0.153165E-01  0.151597E-04  0.219784E-06   0.00000      0.989862E-03  0.415306       0.00000    
   2.72983      0.150957E-01  0.152447E-04  0.221266E-06   0.00000      0.100997E-02  0.415775       0.00000    
   2.75003      0.148785E-01  0.153224E-04  0.225264E-06   0.00000      0.102994E-02  0.421141       0.00000    
   2.77038      0.146645E-01  0.153972E-04  0.227887E-06   0.00000      0.105008E-02  0.423972       0.00000    
   2.79088      0.144533E-01  0.154780E-04  0.228060E-06   0.00000      0.107101E-02  0.422080       0.00000    
   2.81152      0.142457E-01  0.155672E-04  0.227784E-06   0.00000      0.109288E-02  0.419156       0.00000    
   2.83233      0.140408E-01  0.156591E-04  0.227048E-06   0.00000      0.111538E-02  0.415349       0.00000    
   2.85328      0.138391E-01  0.157478E-04  0.226438E-06   0.00000      0.113804E-02  0.411899       0.00000    
   2.87439      0.136403E-01  0.158352E-04  0.227966E-06   0.00000      0.116103E-02  0.412390       0.00000    
   2.89566      0.134444E-01  0.159218E-04  0.232269E-06   0.00000      0.118440E-02  0.417889       0.00000    
   2.91708      0.132515E-01  0.160045E-04  0.238762E-06   0.00000      0.120788E-02  0.427350       0.00000    
   2.93866      0.130612E-01  0.160867E-04  0.246270E-06   0.00000      0.123178E-02  0.438535       0.00000    
   2.96041      0.128740E-01  0.161730E-04  0.253932E-06   0.00000      0.125641E-02  0.449764       0.00000    
   2.98231      0.126894E-01  0.162609E-04  0.260725E-06   0.00000      0.128162E-02  0.459298       0.00000    
   3.00437      0.125076E-01  0.163462E-04  0.266329E-06   0.00000      0.130707E-02  0.466721       0.00000    
   3.02660      0.123284E-01  0.164323E-04  0.272297E-06   0.00000      0.133307E-02  0.474676       0.00000    
   3.04900      0.121518E-01  0.165218E-04  0.279594E-06   0.00000      0.135981E-02  0.484754       0.00000    
   3.07155      0.119780E-01  0.166116E-04  0.287792E-06   0.00000      0.138705E-02  0.496268       0.00000    
   3.09428      0.118066E-01  0.167047E-04  0.296024E-06   0.00000      0.141508E-02  0.507616       0.00000    
   3.11717      0.116377E-01  0.168031E-04  0.305650E-06   0.00000      0.144409E-02  0.521051       0.00000    
   3.14024      0.114713E-01  0.168965E-04  0.318293E-06   0.00000      0.147319E-02  0.539600       0.00000    
   3.16347      0.113076E-01  0.169807E-04  0.329539E-06   0.00000      0.150199E-02  0.555891       0.00000    
   3.18687      0.111460E-01  0.170677E-04  0.336161E-06   0.00000      0.153158E-02  0.564167       0.00000    
   3.21045      0.109869E-01  0.171642E-04  0.342001E-06   0.00000      0.156256E-02  0.570740       0.00000    
   3.23421      0.108302E-01  0.172637E-04  0.351094E-06   0.00000      0.159436E-02  0.582536       0.00000    
   3.25814      0.106759E-01  0.173608E-04  0.362675E-06   0.00000      0.162653E-02  0.598378       0.00000    
   3.28224      0.105236E-01  0.174565E-04  0.371964E-06   0.00000      0.165917E-02  0.610338       0.00000    
   3.30653      0.103737E-01  0.175482E-04  0.378980E-06   0.00000      0.169199E-02  0.618597       0.00000    
   3.33099      0.102261E-01  0.176344E-04  0.388012E-06   0.00000      0.172487E-02  0.630241       0.00000    
   3.35563      0.100805E-01  0.177235E-04  0.398531E-06   0.00000      0.175864E-02  0.644069       0.00000    
   3.38046      0.993712E-02  0.178204E-04  0.407570E-06   0.00000      0.179379E-02  0.655090       0.00000    
   3.40547      0.979601E-02  0.179202E-04  0.412423E-06   0.00000      0.182982E-02  0.659200       0.00000    
   3.43067      0.965670E-02  0.180218E-04  0.413299E-06   0.00000      0.186674E-02  0.656875       0.00000    
   3.45605      0.951975E-02  0.181284E-04  0.413464E-06   0.00000      0.190478E-02  0.653276       0.00000    
   3.48162      0.938461E-02  0.182344E-04  0.415565E-06   0.00000      0.194351E-02  0.652778       0.00000    
   3.50738      0.925161E-02  0.183342E-04  0.421126E-06   0.00000      0.198225E-02  0.657911       0.00000    
   3.53333      0.912056E-02  0.184334E-04  0.428303E-06   0.00000      0.202163E-02  0.665519       0.00000    
   3.55947      0.899139E-02  0.185382E-04  0.434600E-06   0.00000      0.206233E-02  0.671485       0.00000    
   3.58581      0.886444E-02  0.186427E-04  0.441621E-06   0.00000      0.210368E-02  0.678505       0.00000    
   3.61234      0.873930E-02  0.187408E-04  0.451231E-06   0.00000      0.214505E-02  0.689635       0.00000    
   3.63906      0.861660E-02  0.188386E-04  0.461438E-06   0.00000      0.218697E-02  0.701569       0.00000    
   3.66599      0.849685E-02  0.189417E-04  0.469951E-06   0.00000      0.222994E-02  0.710621       0.00000    
   3.69311      0.837961E-02  0.190458E-04  0.478913E-06   0.00000      0.227360E-02  0.720208       0.00000    
   3.72043      0.826356E-02  0.191484E-04  0.491423E-06   0.00000      0.231797E-02  0.735056       0.00000    
   3.74796      0.814900E-02  0.192540E-04  0.505740E-06   0.00000      0.236355E-02  0.752316       0.00000    
   3.77569      0.803586E-02  0.193619E-04  0.519086E-06   0.00000      0.241030E-02  0.767858       0.00000    
   3.80363      0.792430E-02  0.194660E-04  0.531645E-06   0.00000      0.245741E-02  0.782221       0.00000    
   3.83177      0.781437E-02  0.195687E-04  0.543858E-06   0.00000      0.250516E-02  0.795985       0.00000    
   3.86012      0.770607E-02  0.196758E-04  0.556570E-06   0.00000      0.255431E-02  0.810146       0.00000    
   3.88868      0.759926E-02  0.197842E-04  0.571705E-06   0.00000      0.260453E-02  0.827608       0.00000    
   3.91745      0.749408E-02  0.198877E-04  0.589950E-06   0.00000      0.265496E-02  0.849562       0.00000    
   3.94643      0.739049E-02  0.199912E-04  0.610045E-06   0.00000      0.270625E-02  0.873939       0.00000    
   3.97563      0.728838E-02  0.201014E-04  0.630647E-06   0.00000      0.275936E-02  0.898483       0.00000    
   4.00504      0.718785E-02  0.202102E-04  0.656702E-06   0.00000      0.281320E-02  0.930547       0.00000    
   4.03468      0.708875E-02  0.203062E-04  0.699063E-06   0.00000      0.286627E-02  0.985845       0.00000    
   4.06453      0.699126E-02  0.203925E-04  0.766665E-06   0.00000      0.291892E-02   1.07652       0.00000    
   4.09460      0.689517E-02  0.204716E-04  0.867308E-06   0.00000      0.297163E-02   1.21299       0.00000    
   4.12489      0.680071E-02  0.205379E-04  0.100403E-05   0.00000      0.302358E-02   1.39938       0.00000    
   4.15541      0.670750E-02  0.205977E-04  0.116529E-05   0.00000      0.307575E-02   1.61899       0.00000    
   4.18616      0.661574E-02  0.206578E-04  0.133702E-05   0.00000      0.312905E-02   1.85158       0.00000    
   4.21713      0.652522E-02  0.207101E-04  0.151867E-05   0.00000      0.318237E-02   2.09700       0.00000    
   4.24833      0.643605E-02  0.207514E-04  0.171369E-05   0.00000      0.323522E-02   2.36044       0.00000    
   4.27976      0.634828E-02  0.207909E-04  0.191922E-05   0.00000      0.328898E-02   2.63702       0.00000    
   4.31143      0.626178E-02  0.208260E-04  0.213185E-05   0.00000      0.334327E-02   2.92236       0.00000    
   4.34332      0.617654E-02  0.208452E-04  0.235164E-05   0.00000      0.339631E-02   3.21828       0.00000    
   4.37546      0.609258E-02  0.208561E-04  0.257801E-05   0.00000      0.344925E-02   3.52328       0.00000    
   4.40783      0.600988E-02  0.208692E-04  0.280888E-05   0.00000      0.350379E-02   3.83282       0.00000    
   4.44044      0.592850E-02  0.208769E-04  0.304197E-05   0.00000      0.355863E-02   4.14511       0.00000    
   4.47330      0.584820E-02  0.208744E-04  0.327342E-05   0.00000      0.361299E-02   4.45613       0.00000    
   4.50639      0.576928E-02  0.208705E-04  0.350043E-05   0.00000      0.366806E-02   4.76055       0.00000    
   4.53974      0.569140E-02  0.208679E-04  0.372477E-05   0.00000      0.372452E-02   5.06014       0.00000    
   4.57332      0.561485E-02  0.208574E-04  0.394873E-05   0.00000      0.378067E-02   5.36019       0.00000    
   4.60716      0.553933E-02  0.208390E-04  0.416858E-05   0.00000      0.383655E-02   5.65599       0.00000    
   4.64125      0.546498E-02  0.208267E-04  0.437872E-05   0.00000      0.389425E-02   5.93663       0.00000    
   4.67559      0.539185E-02  0.208193E-04  0.458000E-05   0.00000      0.395358E-02   6.20338       0.00000    
   4.71018      0.531972E-02  0.208024E-04  0.477653E-05   0.00000      0.401220E-02   6.46588       0.00000    
   4.74503      0.524879E-02  0.207761E-04  0.496827E-05   0.00000      0.406986E-02   6.72441       0.00000    
   4.78013      0.517894E-02  0.207524E-04  0.515125E-05   0.00000      0.412868E-02   6.97021       0.00000    
   4.81550      0.511009E-02  0.207322E-04  0.532180E-05   0.00000      0.418864E-02   7.19829       0.00000    
   4.85113      0.504236E-02  0.207070E-04  0.547929E-05   0.00000      0.424794E-02   7.41070       0.00000    
   4.88702      0.497570E-02  0.206788E-04  0.562507E-05   0.00000      0.430698E-02   7.60872       0.00000    
   4.92318      0.491003E-02  0.206569E-04  0.575751E-05   0.00000      0.436744E-02   7.78714       0.00000    
   4.95960      0.484546E-02  0.206402E-04  0.587604E-05   0.00000      0.442896E-02   7.94553       0.00000    
   4.99630      0.478180E-02  0.206226E-04  0.598260E-05   0.00000      0.449054E-02   8.08869       0.00000    
   5.03326      0.471921E-02  0.206061E-04  0.607347E-05   0.00000      0.455214E-02   8.21122       0.00000    
   5.07050      0.465758E-02  0.205946E-04  0.614523E-05   0.00000      0.461438E-02   8.30731       0.00000    
   5.10802      0.459694E-02  0.205842E-04  0.620149E-05   0.00000      0.467660E-02   8.38312       0.00000    
   5.14581      0.453726E-02  0.205728E-04  0.624243E-05   0.00000      0.473833E-02   8.43972       0.00000    
   5.18388      0.447856E-02  0.205684E-04  0.626296E-05   0.00000      0.480082E-02   8.46761       0.00000    
   5.22224      0.442079E-02  0.205752E-04  0.626241E-05   0.00000      0.486499E-02   8.46427       0.00000    
   5.26087      0.436397E-02  0.205901E-04  0.624102E-05   0.00000      0.493017E-02   8.43124       0.00000    
   5.29980      0.430808E-02  0.206133E-04  0.619627E-05   0.00000      0.499630E-02   8.36526       0.00000    
   5.33901      0.425319E-02  0.206454E-04  0.612896E-05   0.00000      0.506347E-02   8.26725       0.00000    
   5.37851      0.419921E-02  0.206812E-04  0.604187E-05   0.00000      0.513089E-02   8.14267       0.00000    
   5.41830      0.414616E-02  0.207232E-04  0.593311E-05   0.00000      0.519900E-02   7.98827       0.00000    
   5.45839      0.409406E-02  0.207812E-04  0.579882E-05   0.00000      0.526984E-02   7.79568       0.00000    
   5.49878      0.404291E-02  0.208540E-04  0.563828E-05   0.00000      0.534336E-02   7.56465       0.00000    
   5.53946      0.399270E-02  0.209335E-04  0.545086E-05   0.00000      0.541777E-02   7.29754       0.00000    
   5.58044      0.394352E-02  0.210235E-04  0.523418E-05   0.00000      0.549388E-02   6.99031       0.00000    
   5.62173      0.389533E-02  0.211309E-04  0.498986E-05   0.00000      0.557387E-02   6.64323       0.00000    
   5.66332      0.384828E-02  0.212518E-04  0.472396E-05   0.00000      0.565720E-02   6.26612       0.00000    
   5.70522      0.380230E-02  0.213826E-04  0.443949E-05   0.00000      0.574353E-02   5.86460       0.00000    
   5.74744      0.375758E-02  0.215282E-04  0.413519E-05   0.00000      0.583401E-02   5.43654       0.00000    
   5.78996      0.371433E-02  0.216910E-04  0.381076E-05   0.00000      0.592924E-02   4.98215       0.00000    
   5.83280      0.367262E-02  0.218659E-04  0.346697E-05   0.00000      0.602813E-02   4.50480       0.00000    
   5.87595      0.363278E-02  0.220533E-04  0.310253E-05   0.00000      0.613041E-02   4.00400       0.00000    
   5.91943      0.359537E-02  0.222611E-04  0.271630E-05   0.00000      0.623754E-02   3.47841       0.00000    
   5.96322      0.355792E-02  0.224875E-04  0.231104E-05   0.00000      0.635368E-02   2.93385       0.00000    
   6.00734      0.351739E-02  0.227256E-04  0.189100E-05   0.00000      0.648326E-02   2.37832       0.00000    
   6.05179      0.347489E-02  0.229842E-04  0.145715E-05   0.00000      0.662765E-02   1.81379       0.00000    
   6.09656      0.343268E-02  0.232730E-04  0.101032E-05   0.00000      0.678623E-02   1.24288       0.00000    
   6.14167      0.339095E-02  0.235817E-04  0.554973E-06   0.00000      0.695625E-02  0.674076       0.00000    
   6.18711      0.334972E-02  0.238965E-04  0.956393E-07   0.00000      0.713394E-02  0.114655       0.00000    
   6.23289      0.330882E-02  0.242118E-04 -0.362482E-06   0.00000      0.731817E-02 -0.428865       0.00000    
   6.27900      0.326739E-02  0.245118E-04 -0.808507E-06   0.00000      0.750603E-02 -0.944592       0.00000    
   6.32546      0.322486E-02  0.247809E-04 -0.123100E-05   0.00000      0.769379E-02  -1.42193       0.00000    
   6.37226      0.318321E-02  0.250266E-04 -0.162390E-05   0.00000      0.787860E-02  -1.85627       0.00000    
   6.41940      0.314436E-02  0.252571E-04 -0.197852E-05   0.00000      0.805711E-02  -2.23956       0.00000    
   6.46690      0.310842E-02  0.254670E-04 -0.228041E-05   0.00000      0.822567E-02  -2.55842       0.00000    
   6.51474      0.307258E-02  0.256520E-04 -0.251920E-05   0.00000      0.838882E-02  -2.80442       0.00000    
   6.56294      0.303171E-02  0.258135E-04 -0.269026E-05   0.00000      0.856061E-02  -2.97492       0.00000    
   6.61150      0.298631E-02  0.259539E-04 -0.279395E-05   0.00000      0.874117E-02  -3.07213       0.00000    
   6.66042      0.292095E-02  0.260772E-04 -0.283943E-05   0.00000      0.898040E-02  -3.10711       0.00000    
   6.70970      0.281296E-02  0.261928E-04 -0.284086E-05   0.00000      0.936610E-02  -3.09504       0.00000    
   6.75934      0.270086E-02  0.263084E-04 -0.280904E-05   0.00000      0.979612E-02  -3.04730       0.00000    
   6.80935      0.263446E-02  0.264134E-04 -0.274096E-05   0.00000      0.100800E-01  -2.96223       0.00000    
   6.85973      0.259555E-02  0.264960E-04 -0.261890E-05   0.00000      0.102580E-01  -2.82242       0.00000    
   6.91048      0.255834E-02  0.265543E-04 -0.242597E-05   0.00000      0.104227E-01  -2.61000       0.00000    
   6.96161      0.252168E-02  0.265584E-04 -0.216141E-05   0.00000      0.105668E-01  -2.32633       0.00000    
   7.01312      0.248531E-02  0.264365E-04 -0.184292E-05   0.00000      0.106629E-01  -1.99386       0.00000    
   7.06500      0.244919E-02  0.261022E-04 -0.150477E-05   0.00000      0.106752E-01  -1.64971       0.00000    
   7.11728      0.241358E-02  0.254756E-04 -0.118171E-05   0.00000      0.105665E-01  -1.32791       0.00000    
   7.16993      0.237879E-02  0.244920E-04 -0.876847E-06   0.00000      0.103026E-01  -1.02520       0.00000    
   7.22298      0.234493E-02  0.230998E-04 -0.558281E-06   0.00000      0.985386E-02 -0.692233       0.00000    
   7.27642      0.231187E-02  0.213392E-04 -0.172183E-06   0.00000      0.923057E-02 -0.231151       0.00000    
   7.33026      0.227949E-02  0.195862E-04  0.270250E-06   0.00000      0.859318E-02  0.395257       0.00000    
   7.38449      0.224814E-02  0.182887E-04  0.665062E-06   0.00000      0.814041E-02   1.04131       0.00000    
   7.43913      0.221526E-02  0.174736E-04  0.950959E-06   0.00000      0.789951E-02   1.55756       0.00000    
   7.49417      0.217763E-02  0.170032E-04  0.113113E-05   0.00000      0.782540E-02   1.90297       0.00000    
   7.54961      0.214006E-02  0.168128E-04  0.122231E-05   0.00000      0.787695E-02   2.07907       0.00000    
   7.60547      0.210849E-02  0.167968E-04  0.126041E-05   0.00000      0.798867E-02   2.14567       0.00000    
   7.66174      0.208059E-02  0.168356E-04  0.128301E-05   0.00000      0.811519E-02   2.17899       0.00000    
   7.71843      0.205320E-02  0.168790E-04  0.130328E-05   0.00000      0.824529E-02   2.20761       0.00000    
   7.77553      0.202624E-02  0.169246E-04  0.132085E-05   0.00000      0.837813E-02   2.23125       0.00000    
   7.83306      0.199967E-02  0.169679E-04  0.133846E-05   0.00000      0.851170E-02   2.25513       0.00000    
   7.89102      0.197349E-02  0.170088E-04  0.135678E-05   0.00000      0.864600E-02   2.28039       0.00000    
   7.94940      0.194768E-02  0.170518E-04  0.137410E-05   0.00000      0.878333E-02   2.30358       0.00000    
   8.00821      0.192229E-02  0.170981E-04  0.139059E-05   0.00000      0.892401E-02   2.32482       0.00000    
   8.06746      0.189722E-02  0.171424E-04  0.140832E-05   0.00000      0.906599E-02   2.34827       0.00000    
   8.12715      0.187254E-02  0.171834E-04  0.142707E-05   0.00000      0.920809E-02   2.37375       0.00000    
   8.18728      0.184823E-02  0.172281E-04  0.144487E-05   0.00000      0.935412E-02   2.39701       0.00000    
   8.24786      0.182426E-02  0.172759E-04  0.146276E-05   0.00000      0.950396E-02   2.41987       0.00000    
   8.30888      0.180063E-02  0.173188E-04  0.148242E-05   0.00000      0.965333E-02   2.44620       0.00000    
   8.37035      0.177735E-02  0.173580E-04  0.150390E-05   0.00000      0.980284E-02   2.47586       0.00000    
   8.43228      0.175442E-02  0.173989E-04  0.152642E-05   0.00000      0.995525E-02   2.50690       0.00000    
   8.49467      0.173183E-02  0.174413E-04  0.154713E-05   0.00000      0.101106E-01   2.53458       0.00000    
   8.55752      0.170956E-02  0.174852E-04  0.156425E-05   0.00000      0.102687E-01   2.55607       0.00000    
   8.62083      0.168762E-02  0.175302E-04  0.157978E-05   0.00000      0.104296E-01   2.57472       0.00000    
   8.68462      0.166600E-02  0.175717E-04  0.159744E-05   0.00000      0.105908E-01   2.59723       0.00000    
   8.74887      0.164467E-02  0.176090E-04  0.161904E-05   0.00000      0.107519E-01   2.62661       0.00000    
   8.81360      0.162367E-02  0.176503E-04  0.164219E-05   0.00000      0.109176E-01   2.65775       0.00000    
   8.87881      0.160296E-02  0.176978E-04  0.166481E-05   0.00000      0.110894E-01   2.68697       0.00000    
   8.94450      0.158256E-02  0.177411E-04  0.168813E-05   0.00000      0.112610E-01   2.71777       0.00000    
   9.01068      0.156246E-02  0.177765E-04  0.171149E-05   0.00000      0.114299E-01   2.74970       0.00000    
   9.07734      0.154264E-02  0.178129E-04  0.173229E-05   0.00000      0.116014E-01   2.77726       0.00000    
   9.14450      0.152312E-02  0.178531E-04  0.175215E-05   0.00000      0.117777E-01   2.80260       0.00000    
   9.21216      0.150387E-02  0.178905E-04  0.177425E-05   0.00000      0.119547E-01   2.83183       0.00000    
   9.28032      0.148489E-02  0.179263E-04  0.179724E-05   0.00000      0.121330E-01   2.86259       0.00000    
   9.34898      0.146619E-02  0.179663E-04  0.181873E-05   0.00000      0.123164E-01   2.89019       0.00000    
   9.41815      0.144776E-02  0.180055E-04  0.183992E-05   0.00000      0.125015E-01   2.91731       0.00000    
   9.48783      0.142959E-02  0.180390E-04  0.186221E-05   0.00000      0.126853E-01   2.94695       0.00000    
   9.55803      0.141169E-02  0.180716E-04  0.188397E-05   0.00000      0.128708E-01   2.97580       0.00000    
   9.62875      0.139404E-02  0.181072E-04  0.190464E-05   0.00000      0.130607E-01   3.00235       0.00000    
   9.69999      0.137662E-02  0.181411E-04  0.192781E-05   0.00000      0.132522E-01   3.03295       0.00000    
   9.77175      0.135946E-02  0.181713E-04  0.195463E-05   0.00000      0.134437E-01   3.06975       0.00000    
   9.84405      0.134256E-02  0.182035E-04  0.198079E-05   0.00000      0.136389E-01   3.10506       0.00000    
   9.91688      0.132589E-02  0.182403E-04  0.200454E-05   0.00000      0.138399E-01   3.13571       0.00000    
   9.99025      0.130944E-02  0.182759E-04  0.202854E-05   0.00000      0.140427E-01   3.16682       0.00000    
   10.0642      0.129325E-02  0.183076E-04  0.205351E-05   0.00000      0.142450E-01   3.19997       0.00000    
   10.1386      0.127729E-02  0.183395E-04  0.207792E-05   0.00000      0.144500E-01   3.23211       0.00000    
   10.2136      0.126155E-02  0.183719E-04  0.210167E-05   0.00000      0.146579E-01   3.26302       0.00000    
   10.2892      0.124602E-02  0.184003E-04  0.212518E-05   0.00000      0.148654E-01   3.29415       0.00000    
   10.3653      0.123072E-02  0.184255E-04  0.214915E-05   0.00000      0.150728E-01   3.32647       0.00000    
   10.4420      0.121563E-02  0.184492E-04  0.217528E-05   0.00000      0.152818E-01   3.36224       0.00000    
   10.5193      0.120073E-02  0.184702E-04  0.220313E-05   0.00000      0.154915E-01   3.40106       0.00000    
   10.5971      0.118607E-02  0.184925E-04  0.223033E-05   0.00000      0.157045E-01   3.43853       0.00000    
   10.6755      0.117160E-02  0.185195E-04  0.225686E-05   0.00000      0.159240E-01   3.47402       0.00000    
   10.7545      0.115732E-02  0.185437E-04  0.228355E-05   0.00000      0.161439E-01   3.51015       0.00000    
   10.8341      0.114326E-02  0.185618E-04  0.230979E-05   0.00000      0.163611E-01   3.54664       0.00000    
   10.9142      0.112939E-02  0.185809E-04  0.233601E-05   0.00000      0.165817E-01   3.58285       0.00000    
   10.9950      0.111571E-02  0.186026E-04  0.236367E-05   0.00000      0.168074E-01   3.62062       0.00000    
   11.0763      0.110221E-02  0.186199E-04  0.239350E-05   0.00000      0.170322E-01   3.66247       0.00000    
   11.1583      0.108890E-02  0.186324E-04  0.242423E-05   0.00000      0.172554E-01   3.70651       0.00000    
   11.2408      0.107578E-02  0.186473E-04  0.245334E-05   0.00000      0.174831E-01   3.74756       0.00000    
   11.3240      0.106282E-02  0.186638E-04  0.248106E-05   0.00000      0.177151E-01   3.78609       0.00000    
   11.4078      0.105005E-02  0.186764E-04  0.250971E-05   0.00000      0.179461E-01   3.82674       0.00000    
   11.4922      0.103744E-02  0.186865E-04  0.253969E-05   0.00000      0.181778E-01   3.86983       0.00000    
   11.5772      0.102502E-02  0.186993E-04  0.256974E-05   0.00000      0.184142E-01   3.91242       0.00000    
   11.6629      0.101275E-02  0.187111E-04  0.260065E-05   0.00000      0.186531E-01   3.95642       0.00000    
   11.7492      0.100065E-02  0.187168E-04  0.263321E-05   0.00000      0.188888E-01   4.00410       0.00000    
   11.8361      0.988720E-03  0.187209E-04  0.266428E-05   0.00000      0.191253E-01   4.04984       0.00000    
   11.9237      0.976954E-03  0.187259E-04  0.269260E-05   0.00000      0.193648E-01   4.09123       0.00000    
   12.0119      0.965331E-03  0.187275E-04  0.272141E-05   0.00000      0.196039E-01   4.13407       0.00000    
   12.1007      0.953873E-03  0.187266E-04  0.275175E-05   0.00000      0.198430E-01   4.17970       0.00000    
   12.1903      0.942563E-03  0.187290E-04  0.278223E-05   0.00000      0.200884E-01   4.22481       0.00000    
   12.2805      0.931419E-03  0.187341E-04  0.281287E-05   0.00000      0.203389E-01   4.26951       0.00000    
   12.3713      0.920396E-03  0.187361E-04  0.284449E-05   0.00000      0.205898E-01   4.31633       0.00000    
   12.4629      0.909533E-03  0.187332E-04  0.287640E-05   0.00000      0.208379E-01   4.36467       0.00000    
   12.5551      0.898803E-03  0.187306E-04  0.290624E-05   0.00000      0.210888E-01   4.40984       0.00000    
   12.6480      0.888218E-03  0.187294E-04  0.293395E-05   0.00000      0.213437E-01   4.45150       0.00000    
   12.7415      0.877775E-03  0.187238E-04  0.296114E-05   0.00000      0.215961E-01   4.49341       0.00000    
   12.8358      0.867452E-03  0.187140E-04  0.298695E-05   0.00000      0.218466E-01   4.53427       0.00000    
   12.9308      0.857274E-03  0.187066E-04  0.300989E-05   0.00000      0.221017E-01   4.57028       0.00000    
   13.0264      0.847228E-03  0.187005E-04  0.303220E-05   0.00000      0.223609E-01   4.60504       0.00000    
   13.1228      0.837292E-03  0.186905E-04  0.305622E-05   0.00000      0.226190E-01   4.64333       0.00000    
   13.2199      0.827497E-03  0.186781E-04  0.307939E-05   0.00000      0.228765E-01   4.68096       0.00000    
   13.3177      0.817825E-03  0.186630E-04  0.310133E-05   0.00000      0.231332E-01   4.71747       0.00000    
   13.4163      0.808255E-03  0.186426E-04  0.312511E-05   0.00000      0.233870E-01   4.75810       0.00000    
   13.5155      0.798822E-03  0.186226E-04  0.314965E-05   0.00000      0.236437E-01   4.79981       0.00000    
   13.6155      0.789511E-03  0.186067E-04  0.317213E-05   0.00000      0.239075E-01   4.83747       0.00000    
   13.7162      0.780306E-03  0.185885E-04  0.319273E-05   0.00000      0.241709E-01   4.87297       0.00000    
   13.8177      0.771208E-03  0.185655E-04  0.321263E-05   0.00000      0.244311E-01   4.90869       0.00000    
   13.9200      0.762238E-03  0.185443E-04  0.323086E-05   0.00000      0.246952E-01   4.94155       0.00000    
   14.0229      0.753364E-03  0.185260E-04  0.324721E-05   0.00000      0.249659E-01   4.97087       0.00000    
   14.1267      0.744599E-03  0.185044E-04  0.326337E-05   0.00000      0.252350E-01   5.00081       0.00000    
   14.2312      0.735939E-03  0.184788E-04  0.327776E-05   0.00000      0.255011E-01   5.02923       0.00000    
   14.3365      0.727384E-03  0.184533E-04  0.328814E-05   0.00000      0.257690E-01   5.05167       0.00000    
   14.4426      0.718927E-03  0.184270E-04  0.329737E-05   0.00000      0.260384E-01   5.07264       0.00000    
   14.5494      0.710577E-03  0.183971E-04  0.330789E-05   0.00000      0.263056E-01   5.09656       0.00000    
   14.6571      0.702305E-03  0.183670E-04  0.331780E-05   0.00000      0.265757E-01   5.11972       0.00000    
   14.7655      0.694160E-03  0.183402E-04  0.332573E-05   0.00000      0.268516E-01   5.13903       0.00000    
   14.8748      0.686078E-03  0.183105E-04  0.333221E-05   0.00000      0.271269E-01   5.15702       0.00000    
   14.9848      0.678105E-03  0.182741E-04  0.333708E-05   0.00000      0.273944E-01   5.17445       0.00000    
   15.0957      0.670207E-03  0.182398E-04  0.333971E-05   0.00000      0.276676E-01   5.18797       0.00000    
   15.2074      0.662424E-03  0.182109E-04  0.334078E-05   0.00000      0.279501E-01   5.19763       0.00000    
   15.3199      0.654706E-03  0.181788E-04  0.334114E-05   0.00000      0.282314E-01   5.20719       0.00000    
   15.4332      0.647086E-03  0.181390E-04  0.333939E-05   0.00000      0.285028E-01   5.21569       0.00000    
   15.5474      0.639544E-03  0.180980E-04  0.333439E-05   0.00000      0.287746E-01   5.21957       0.00000    
   15.6625      0.632086E-03  0.180599E-04  0.332841E-05   0.00000      0.290532E-01   5.22116       0.00000    
   15.7783      0.624711E-03  0.180208E-04  0.332231E-05   0.00000      0.293328E-01   5.22286       0.00000    
   15.8951      0.617417E-03  0.179793E-04  0.331405E-05   0.00000      0.296107E-01   5.22195       0.00000    
   16.0127      0.610194E-03  0.179373E-04  0.330367E-05   0.00000      0.298904E-01   5.21788       0.00000    
   16.1311      0.603043E-03  0.178913E-04  0.329306E-05   0.00000      0.301668E-01   5.21454       0.00000    
   16.2505      0.595969E-03  0.178391E-04  0.328234E-05   0.00000      0.304354E-01   5.21282       0.00000    
   16.3707      0.588974E-03  0.177864E-04  0.327064E-05   0.00000      0.307053E-01   5.20969       0.00000    
   16.4918      0.582056E-03  0.177357E-04  0.325778E-05   0.00000      0.309806E-01   5.20416       0.00000    
   16.6139      0.575209E-03  0.176835E-04  0.324271E-05   0.00000      0.312554E-01   5.19558       0.00000    
   16.7368      0.568434E-03  0.176311E-04  0.322469E-05   0.00000      0.315315E-01   5.18236       0.00000    
   16.8606      0.561730E-03  0.175791E-04  0.320544E-05   0.00000      0.318106E-01   5.16699       0.00000    
   16.9854      0.555085E-03  0.175226E-04  0.318669E-05   0.00000      0.320852E-01   5.15363       0.00000    
   17.1110      0.548506E-03  0.174611E-04  0.316761E-05   0.00000      0.323536E-01   5.14107       0.00000    
   17.2376      0.541995E-03  0.174008E-04  0.314596E-05   0.00000      0.326256E-01   5.12402       0.00000    
   17.3652      0.535555E-03  0.173421E-04  0.312230E-05   0.00000      0.329021E-01   5.10315       0.00000    
   17.4936      0.529174E-03  0.172800E-04  0.309873E-05   0.00000      0.331755E-01   5.08325       0.00000    
   17.6231      0.522857E-03  0.172152E-04  0.307414E-05   0.00000      0.334461E-01   5.06232       0.00000    
   17.7535      0.516599E-03  0.171510E-04  0.304694E-05   0.00000      0.337197E-01   5.03684       0.00000    
   17.8848      0.510409E-03  0.170849E-04  0.301871E-05   0.00000      0.339914E-01   5.01004       0.00000    
   18.0171      0.504269E-03  0.170130E-04  0.299080E-05   0.00000      0.342554E-01   4.98520       0.00000    
   18.1504      0.498189E-03  0.169374E-04  0.296207E-05   0.00000      0.345140E-01   4.95988       0.00000    
   18.2847      0.492176E-03  0.168621E-04  0.293181E-05   0.00000      0.347743E-01   4.93170       0.00000    
   18.4200      0.486217E-03  0.167857E-04  0.290145E-05   0.00000      0.350349E-01   4.90342       0.00000    
   18.5563      0.480314E-03  0.167049E-04  0.287176E-05   0.00000      0.352893E-01   4.87723       0.00000    
   18.6936      0.474468E-03  0.166223E-04  0.284147E-05   0.00000      0.355418E-01   4.85029       0.00000    
   18.8319      0.468683E-03  0.165407E-04  0.280973E-05   0.00000      0.357975E-01   4.82033       0.00000    
   18.9712      0.462950E-03  0.164568E-04  0.277729E-05   0.00000      0.360503E-01   4.78955       0.00000    
   19.1116      0.457271E-03  0.163689E-04  0.274496E-05   0.00000      0.362968E-01   4.75978       0.00000    
   19.2530      0.451643E-03  0.162819E-04  0.271223E-05   0.00000      0.365471E-01   4.72874       0.00000    
   19.3954      0.446075E-03  0.161954E-04  0.267861E-05   0.00000      0.367997E-01   4.69566       0.00000    
   19.5389      0.440552E-03  0.161049E-04  0.264458E-05   0.00000      0.370456E-01   4.66266       0.00000    
   19.6835      0.435086E-03  0.160121E-04  0.261007E-05   0.00000      0.372880E-01   4.62905       0.00000    
   19.8291      0.429677E-03  0.159212E-04  0.257481E-05   0.00000      0.375353E-01   4.59323       0.00000    
   19.9758      0.424316E-03  0.158281E-04  0.254008E-05   0.00000      0.377798E-01   4.55854       0.00000    
   20.1236      0.419003E-03  0.157286E-04  0.250672E-05   0.00000      0.380119E-01   4.52762       0.00000    
   20.2725      0.413743E-03  0.156275E-04  0.247263E-05   0.00000      0.382408E-01   4.49549       0.00000    
   20.4225      0.408539E-03  0.155297E-04  0.243616E-05   0.00000      0.384777E-01   4.45770       0.00000    
   20.5736      0.403389E-03  0.154311E-04  0.239948E-05   0.00000      0.387134E-01   4.41926       0.00000    
   20.7258      0.398280E-03  0.153269E-04  0.236416E-05   0.00000      0.389379E-01   4.38436       0.00000    
   20.8792      0.393223E-03  0.152209E-04  0.232881E-05   0.00000      0.391585E-01   4.34942       0.00000    
   21.0336      0.388208E-03  0.151144E-04  0.229336E-05   0.00000      0.393795E-01   4.31394       0.00000    
   21.1893      0.383240E-03  0.150058E-04  0.225829E-05   0.00000      0.395961E-01   4.27922       0.00000    
   21.3460      0.378328E-03  0.148963E-04  0.222286E-05   0.00000      0.398100E-01   4.24359       0.00000    
   21.5040      0.373462E-03  0.147849E-04  0.218755E-05   0.00000      0.400197E-01   4.20817       0.00000    
   21.6631      0.368641E-03  0.146698E-04  0.215370E-05   0.00000      0.402209E-01   4.17601       0.00000    
   21.8233      0.363868E-03  0.145535E-04  0.212093E-05   0.00000      0.404191E-01   4.14577       0.00000    
   21.9848      0.359147E-03  0.144391E-04  0.208710E-05   0.00000      0.406217E-01   4.11242       0.00000    
   22.1475      0.354473E-03  0.143240E-04  0.205188E-05   0.00000      0.408219E-01   4.07600       0.00000    
   22.3113      0.349842E-03  0.142049E-04  0.201691E-05   0.00000      0.410110E-01   4.04060       0.00000    
   22.4764      0.345258E-03  0.140844E-04  0.198222E-05   0.00000      0.411959E-01   4.00555       0.00000    
   22.6427      0.340722E-03  0.139658E-04  0.194722E-05   0.00000      0.413853E-01   3.96873       0.00000    
   22.8102      0.336235E-03  0.138468E-04  0.191323E-05   0.00000      0.415732E-01   3.93340       0.00000    
   22.9790      0.331789E-03  0.137245E-04  0.188138E-05   0.00000      0.417519E-01   3.90279       0.00000    
   23.1490      0.327391E-03  0.136006E-04  0.185016E-05   0.00000      0.419251E-01   3.87334       0.00000    
   23.3203      0.323040E-03  0.134776E-04  0.181824E-05   0.00000      0.420990E-01   3.84165       0.00000    
   23.4928      0.318730E-03  0.133534E-04  0.178655E-05   0.00000      0.422690E-01   3.81017       0.00000    
   23.6666      0.314468E-03  0.132272E-04  0.175573E-05   0.00000      0.424311E-01   3.78051       0.00000    
   23.8417      0.310250E-03  0.131014E-04  0.172469E-05   0.00000      0.425928E-01   3.74970       0.00000    
   24.0181      0.306081E-03  0.129766E-04  0.169311E-05   0.00000      0.427552E-01   3.71682       0.00000    
   24.1958      0.301953E-03  0.128500E-04  0.166246E-05   0.00000      0.429109E-01   3.68582       0.00000    
   24.3748      0.297868E-03  0.127216E-04  0.163293E-05   0.00000      0.430592E-01   3.65722       0.00000    
   24.5552      0.293829E-03  0.125942E-04  0.160307E-05   0.00000      0.432081E-01   3.62697       0.00000    
   24.7368      0.289832E-03  0.124670E-04  0.157305E-05   0.00000      0.433558E-01   3.59569       0.00000    
   24.9199      0.285880E-03  0.123371E-04  0.154425E-05   0.00000      0.434916E-01   3.56734       0.00000    
   25.1042      0.281967E-03  0.122059E-04  0.151658E-05   0.00000      0.436213E-01   3.54134       0.00000    
   25.2900      0.278101E-03  0.120772E-04  0.148871E-05   0.00000      0.437562E-01   3.51358       0.00000    
   25.4771      0.274282E-03  0.119494E-04  0.146085E-05   0.00000      0.438905E-01   3.48498       0.00000    
   25.6656      0.270500E-03  0.118199E-04  0.143392E-05   0.00000      0.440169E-01   3.45849       0.00000    
   25.8555      0.266761E-03  0.116909E-04  0.140717E-05   0.00000      0.441417E-01   3.43168       0.00000    
   26.0468      0.263067E-03  0.115615E-04  0.138095E-05   0.00000      0.442613E-01   3.40569       0.00000    
   26.2395      0.259412E-03  0.114307E-04  0.135623E-05   0.00000      0.443729E-01   3.38321       0.00000    
   26.4336      0.255805E-03  0.113016E-04  0.133169E-05   0.00000      0.444862E-01   3.36016       0.00000    
   26.6292      0.252234E-03  0.111743E-04  0.130661E-05   0.00000      0.446030E-01   3.33468       0.00000    
   26.8262      0.248708E-03  0.110452E-04  0.128237E-05   0.00000      0.447088E-01   3.31125       0.00000    
   27.0247      0.245218E-03  0.109143E-04  0.125900E-05   0.00000      0.448039E-01   3.29007       0.00000    
   27.2246      0.241771E-03  0.107850E-04  0.123473E-05   0.00000      0.448999E-01   3.26555       0.00000    
   27.4261      0.238366E-03  0.106566E-04  0.121043E-05   0.00000      0.449942E-01   3.24009       0.00000    
   27.6290      0.234999E-03  0.105266E-04  0.118783E-05   0.00000      0.450784E-01   3.21906       0.00000    
   27.8334      0.231673E-03  0.103979E-04  0.116539E-05   0.00000      0.451626E-01   3.19751       0.00000    
   28.0393      0.228389E-03  0.102727E-04  0.114210E-05   0.00000      0.452559E-01   3.17200       0.00000    
   28.2468      0.225147E-03  0.101472E-04  0.112021E-05   0.00000      0.453432E-01   3.14986       0.00000    
   28.4558      0.221937E-03  0.100191E-04  0.110029E-05   0.00000      0.454152E-01   3.13353       0.00000    
   28.6663      0.218769E-03  0.989189E-05  0.108009E-05   0.00000      0.454848E-01   3.11570       0.00000    
   28.8784      0.215642E-03  0.976800E-05  0.105904E-05   0.00000      0.455627E-01   3.09391       0.00000    
   29.0921      0.212554E-03  0.964437E-05  0.103857E-05   0.00000      0.456362E-01   3.07314       0.00000    
   29.3073      0.209498E-03  0.951963E-05  0.101921E-05   0.00000      0.456998E-01   3.05553       0.00000    
   29.5241      0.206484E-03  0.939640E-05  0.100007E-05   0.00000      0.457636E-01   3.03759       0.00000    
   29.7426      0.203508E-03  0.927507E-05  0.980625E-06   0.00000      0.458300E-01   3.01764       0.00000    
   29.9626      0.200566E-03  0.915319E-05  0.961574E-06   0.00000      0.458879E-01   2.99856       0.00000    
   30.1843      0.197658E-03  0.903122E-05  0.943227E-06   0.00000      0.459397E-01   2.98120       0.00000    
   30.4076      0.194792E-03  0.891135E-05  0.925028E-06   0.00000      0.459939E-01   2.96314       0.00000    
   30.6326      0.191960E-03  0.879227E-05  0.907018E-06   0.00000      0.460457E-01   2.94492       0.00000    
   30.8592      0.189165E-03  0.867250E-05  0.889465E-06   0.00000      0.460867E-01   2.92793       0.00000    
   31.0876      0.186406E-03  0.855338E-05  0.872097E-06   0.00000      0.461237E-01   2.91086       0.00000    
   31.3176      0.183684E-03  0.843599E-05  0.854941E-06   0.00000      0.461619E-01   2.89343       0.00000    
   31.5493      0.180998E-03  0.832000E-05  0.838403E-06   0.00000      0.462002E-01   2.87712       0.00000    
   31.7827      0.178342E-03  0.820512E-05  0.822670E-06   0.00000      0.462384E-01   2.86276       0.00000    
   32.0178      0.175726E-03  0.809171E-05  0.807362E-06   0.00000      0.462761E-01   2.84895       0.00000    
   32.2547      0.173142E-03  0.797934E-05  0.792002E-06   0.00000      0.463120E-01   2.83421       0.00000    
   32.4934      0.170592E-03  0.786666E-05  0.776945E-06   0.00000      0.463381E-01   2.82024       0.00000    
   32.7338      0.168075E-03  0.775404E-05  0.762723E-06   0.00000      0.463570E-01   2.80890       0.00000    
   32.9760      0.165589E-03  0.764291E-05  0.749477E-06   0.00000      0.463772E-01   2.80031       0.00000    
   33.2199      0.163138E-03  0.753248E-05  0.736962E-06   0.00000      0.463930E-01   2.79396       0.00000    
   33.4657      0.160717E-03  0.742254E-05  0.724046E-06   0.00000      0.464032E-01   2.78570       0.00000    
   33.7133      0.158330E-03  0.731490E-05  0.710281E-06   0.00000      0.464176E-01   2.77303       0.00000    
   33.9628      0.155975E-03  0.720904E-05  0.696718E-06   0.00000      0.464345E-01   2.76011       0.00000    
   34.2140      0.153651E-03  0.710317E-05  0.683761E-06   0.00000      0.464429E-01   2.74922       0.00000    
   34.4672      0.151359E-03  0.699820E-05  0.670436E-06   0.00000      0.464476E-01   2.73615       0.00000    
   34.7222      0.149099E-03  0.689561E-05  0.656208E-06   0.00000      0.464576E-01   2.71804       0.00000    
   34.9791      0.146870E-03  0.679404E-05  0.642097E-06   0.00000      0.464649E-01   2.69946       0.00000    
   35.2379      0.144670E-03  0.669205E-05  0.629059E-06   0.00000      0.464613E-01   2.68504       0.00000    
   35.4986      0.142500E-03  0.659086E-05  0.616905E-06   0.00000      0.464536E-01   2.67366       0.00000    
   35.7612      0.140360E-03  0.649209E-05  0.605072E-06   0.00000      0.464535E-01   2.66233       0.00000    
   36.0258      0.138250E-03  0.639454E-05  0.593625E-06   0.00000      0.464523E-01   2.65187       0.00000    
   36.2924      0.136168E-03  0.629661E-05  0.582778E-06   0.00000      0.464393E-01   2.64395       0.00000    
   36.5609      0.134115E-03  0.620005E-05  0.571729E-06   0.00000      0.464255E-01   2.63428       0.00000    
   36.8314      0.132092E-03  0.610548E-05  0.560340E-06   0.00000      0.464156E-01   2.62186       0.00000    
   37.1039      0.130096E-03  0.601137E-05  0.549631E-06   0.00000      0.464000E-01   2.61207       0.00000    
   37.3784      0.128127E-03  0.591822E-05  0.539522E-06   0.00000      0.463817E-01   2.60443       0.00000    
   37.6550      0.126186E-03  0.582688E-05  0.529349E-06   0.00000      0.463671E-01   2.59542       0.00000    
   37.9336      0.124272E-03  0.573641E-05  0.519298E-06   0.00000      0.463490E-01   2.58635       0.00000    
   38.2142      0.122385E-03  0.564610E-05  0.509661E-06   0.00000      0.463216E-01   2.57899       0.00000    
   38.4969      0.120523E-03  0.555702E-05  0.500184E-06   0.00000      0.462938E-01   2.57165       0.00000    
   38.7818      0.118688E-03  0.547012E-05  0.490620E-06   0.00000      0.462731E-01   2.56260       0.00000    
   39.0687      0.116880E-03  0.538408E-05  0.481264E-06   0.00000      0.462488E-01   2.55395       0.00000    
   39.3578      0.115094E-03  0.529794E-05  0.471987E-06   0.00000      0.462136E-01   2.54549       0.00000    
   39.6490      0.113336E-03  0.521302E-05  0.462333E-06   0.00000      0.461766E-01   2.53410       0.00000    
   39.9423      0.111604E-03  0.513006E-05  0.452887E-06   0.00000      0.461454E-01   2.52253       0.00000    
   40.2378      0.109894E-03  0.504788E-05  0.444441E-06   0.00000      0.461119E-01   2.51582       0.00000    
   40.5355      0.108208E-03  0.496588E-05  0.436530E-06   0.00000      0.460689E-01   2.51187       0.00000    
   40.8354      0.106547E-03  0.488543E-05  0.428187E-06   0.00000      0.460282E-01   2.50446       0.00000    
   41.1376      0.104911E-03  0.480690E-05  0.419664E-06   0.00000      0.459930E-01   2.49476       0.00000    
   41.4419      0.103298E-03  0.472903E-05  0.411813E-06   0.00000      0.459535E-01   2.48843       0.00000    
   41.7485      0.101709E-03  0.465192E-05  0.404433E-06   0.00000      0.459102E-01   2.48438       0.00000    
   42.0574      0.100143E-03  0.457611E-05  0.396899E-06   0.00000      0.458674E-01   2.47851       0.00000    
   42.3686      0.985983E-04  0.450084E-05  0.389412E-06   0.00000      0.458187E-01   2.47246       0.00000    
   42.6821      0.970769E-04  0.442617E-05  0.382133E-06   0.00000      0.457640E-01   2.46720       0.00000    
   42.9978      0.955775E-04  0.435328E-05  0.374674E-06   0.00000      0.457155E-01   2.45958       0.00000    
   43.3160      0.940993E-04  0.428142E-05  0.367284E-06   0.00000      0.456661E-01   2.45157       0.00000    
   43.6365      0.926417E-04  0.420945E-05  0.360699E-06   0.00000      0.456045E-01   2.44880       0.00000    
   43.9593      0.912053E-04  0.413868E-05  0.354822E-06   0.00000      0.455441E-01   2.45008       0.00000    
   44.2845      0.897907E-04  0.407002E-05  0.348959E-06   0.00000      0.454941E-01   2.45025       0.00000    
   44.6122      0.883969E-04  0.400165E-05  0.342843E-06   0.00000      0.454349E-01   2.44844       0.00000    
   44.9423      0.870218E-04  0.393317E-05  0.336522E-06   0.00000      0.453626E-01   2.44516       0.00000    
   45.2748      0.856683E-04  0.386652E-05  0.330090E-06   0.00000      0.452978E-01   2.43980       0.00000    
   45.6097      0.843353E-04  0.380151E-05  0.323796E-06   0.00000      0.452394E-01   2.43422       0.00000    
   45.9472      0.830211E-04  0.373641E-05  0.317863E-06   0.00000      0.451681E-01   2.43128       0.00000    
   46.2871      0.817250E-04  0.367163E-05  0.312180E-06   0.00000      0.450887E-01   2.42994       0.00000    
   46.6296      0.804487E-04  0.360873E-05  0.306524E-06   0.00000      0.450191E-01   2.42751       0.00000    
   46.9746      0.791917E-04  0.354712E-05  0.301064E-06   0.00000      0.449526E-01   2.42569       0.00000    
   47.3221      0.779515E-04  0.348572E-05  0.295713E-06   0.00000      0.448772E-01   2.42455       0.00000    
   47.6723      0.767306E-04  0.342536E-05  0.289902E-06   0.00000      0.448010E-01   2.41882       0.00000    
   48.0250      0.755293E-04  0.336646E-05  0.283782E-06   0.00000      0.447296E-01   2.40923       0.00000    
   48.3803      0.743455E-04  0.330802E-05  0.278074E-06   0.00000      0.446522E-01   2.40251       0.00000    
   48.7382      0.731792E-04  0.325002E-05  0.272744E-06   0.00000      0.445679E-01   2.39853       0.00000    
   49.0988      0.720304E-04  0.319337E-05  0.267299E-06   0.00000      0.444887E-01   2.39237       0.00000    
   49.4621      0.708977E-04  0.313788E-05  0.261730E-06   0.00000      0.444130E-01   2.38400       0.00000    
   49.8281      0.697815E-04  0.308251E-05  0.256465E-06   0.00000      0.443263E-01   2.37803       0.00000    
   50.1967      0.686812E-04  0.302743E-05  0.251682E-06   0.00000      0.442315E-01   2.37615       0.00000    
   50.5681      0.675972E-04  0.297398E-05  0.247149E-06   0.00000      0.441472E-01   2.37529       0.00000    
   50.9423      0.665307E-04  0.292188E-05  0.242896E-06   0.00000      0.440692E-01   2.37604       0.00000    
   51.3192      0.654788E-04  0.286972E-05  0.238940E-06   0.00000      0.439784E-01   2.37980       0.00000    
   51.6988      0.644424E-04  0.281782E-05  0.234833E-06   0.00000      0.438777E-01   2.38197       0.00000    
   52.0813      0.634222E-04  0.276712E-05  0.230547E-06   0.00000      0.437813E-01   2.38135       0.00000    
   52.4667      0.624174E-04  0.271732E-05  0.226550E-06   0.00000      0.436857E-01   2.38293       0.00000    
   52.8549      0.614279E-04  0.266850E-05  0.222618E-06   0.00000      0.435921E-01   2.38441       0.00000    
   53.2459      0.604538E-04  0.262115E-05  0.218481E-06   0.00000      0.435082E-01   2.38238       0.00000    
   53.6399      0.594940E-04  0.257429E-05  0.214659E-06   0.00000      0.434198E-01   2.38332       0.00000    
   54.0367      0.585474E-04  0.252730E-05  0.211439E-06   0.00000      0.433176E-01   2.39117       0.00000    
   54.4365      0.576144E-04  0.248098E-05  0.208480E-06   0.00000      0.432137E-01   2.40167       0.00000    
   54.8393      0.566964E-04  0.243589E-05  0.205364E-06   0.00000      0.431161E-01   2.40954       0.00000    
   55.2450      0.557916E-04  0.239153E-05  0.202113E-06   0.00000      0.430183E-01   2.41535       0.00000    
   55.6538      0.548999E-04  0.234751E-05  0.198958E-06   0.00000      0.429132E-01   2.42220       0.00000    
   56.0655      0.540227E-04  0.230428E-05  0.195869E-06   0.00000      0.428077E-01   2.42930       0.00000    
   56.4803      0.531584E-04  0.226187E-05  0.192936E-06   0.00000      0.427041E-01   2.43774       0.00000    
   56.8982      0.523069E-04  0.222000E-05  0.190278E-06   0.00000      0.425975E-01   2.44945       0.00000    
   57.3192      0.514680E-04  0.217891E-05  0.187805E-06   0.00000      0.424922E-01   2.46314       0.00000    
   57.7433      0.506423E-04  0.213873E-05  0.185954E-06   0.00000      0.423914E-01   2.48457       0.00000    
   58.1705      0.498270E-04  0.209901E-05  0.185641E-06   0.00000      0.422904E-01   2.52710       0.00000    
   58.6009      0.490208E-04  0.205916E-05  0.187161E-06   0.00000      0.421791E-01   2.59673       0.00000    
   59.0344      0.482250E-04  0.201934E-05  0.189911E-06   0.00000      0.420580E-01   2.68633       0.00000    
   59.4712      0.474410E-04  0.198008E-05  0.193048E-06   0.00000      0.419357E-01   2.78423       0.00000    
   59.9112      0.466682E-04  0.194126E-05  0.196392E-06   0.00000      0.418093E-01   2.88840       0.00000    
   60.3545      0.459060E-04  0.190258E-05  0.200117E-06   0.00000      0.416738E-01   3.00219       0.00000    
   60.8010      0.451545E-04  0.186437E-05  0.204091E-06   0.00000      0.415354E-01   3.12362       0.00000    
   61.2509      0.444142E-04  0.182678E-05  0.208363E-06   0.00000      0.413972E-01   3.25354       0.00000    
   61.7040      0.436836E-04  0.178940E-05  0.213019E-06   0.00000      0.412521E-01   3.39440       0.00000    
   62.1606      0.429636E-04  0.175218E-05  0.217707E-06   0.00000      0.410966E-01   3.54133       0.00000    
   62.6205      0.422536E-04  0.171568E-05  0.222056E-06   0.00000      0.409430E-01   3.68734       0.00000    
   63.0838      0.415545E-04  0.167993E-05  0.226128E-06   0.00000      0.407917E-01   3.83313       0.00000    
   63.5505      0.408643E-04  0.164440E-05  0.230128E-06   0.00000      0.406327E-01   3.98330       0.00000    
   64.0207      0.401833E-04  0.160912E-05  0.233928E-06   0.00000      0.404655E-01   4.13576       0.00000    
   64.4944      0.395127E-04  0.157449E-05  0.237287E-06   0.00000      0.402978E-01   4.28518       0.00000    
   64.9715      0.388516E-04  0.154036E-05  0.240237E-06   0.00000      0.401265E-01   4.43227       0.00000    
   65.4522      0.381999E-04  0.150628E-05  0.243038E-06   0.00000      0.399415E-01   4.58282       0.00000    
   65.9365      0.375575E-04  0.147262E-05  0.245685E-06   0.00000      0.397516E-01   4.73588       0.00000    
   66.4243      0.369246E-04  0.143972E-05  0.247962E-06   0.00000      0.395649E-01   4.88607       0.00000    
   66.9158      0.363002E-04  0.140717E-05  0.249860E-06   0.00000      0.393713E-01   5.03431       0.00000    
   67.4109      0.356850E-04  0.137519E-05  0.251235E-06   0.00000      0.391747E-01   5.17664       0.00000    
   67.9096      0.350791E-04  0.134430E-05  0.251869E-06   0.00000      0.389888E-01   5.30596       0.00000    
   68.4121      0.344817E-04  0.131389E-05  0.251954E-06   0.00000      0.387983E-01   5.42768       0.00000    
   68.9182      0.338920E-04  0.128334E-05  0.251606E-06   0.00000      0.385865E-01   5.54622       0.00000    
   69.4281      0.333107E-04  0.125333E-05  0.250653E-06   0.00000      0.383704E-01   5.65469       0.00000    
   69.9418      0.327377E-04  0.122434E-05  0.249142E-06   0.00000      0.381648E-01   5.75108       0.00000    
   70.4593      0.321728E-04  0.119580E-05  0.247121E-06   0.00000      0.379533E-01   5.83813       0.00000    
   70.9806      0.316158E-04  0.116757E-05  0.244412E-06   0.00000      0.377306E-01   5.91159       0.00000    
   71.5057      0.310671E-04  0.114011E-05  0.240976E-06   0.00000      0.375090E-01   5.96727       0.00000    
   72.0348      0.305263E-04  0.111326E-05  0.236946E-06   0.00000      0.372858E-01   6.00776       0.00000    
   72.5677      0.299925E-04  0.108674E-05  0.232455E-06   0.00000      0.370535E-01   6.03684       0.00000    
   73.1046      0.294659E-04  0.106080E-05  0.227414E-06   0.00000      0.368191E-01   6.04993       0.00000    
   73.6455      0.289468E-04  0.103595E-05  0.221505E-06   0.00000      0.365969E-01   6.03459       0.00000    
   74.1904      0.284354E-04  0.101203E-05  0.214687E-06   0.00000      0.363826E-01   5.98842       0.00000    
   74.7393      0.279304E-04  0.988609E-06  0.207160E-06   0.00000      0.361642E-01   5.91747       0.00000    
   75.2923      0.274328E-04  0.965792E-06  0.199021E-06   0.00000      0.359455E-01   5.82199       0.00000    
   75.8493      0.269420E-04  0.943791E-06  0.190238E-06   0.00000      0.357351E-01   5.69813       0.00000    
   76.4105      0.264579E-04  0.922514E-06  0.180736E-06   0.00000      0.355301E-01   5.54240       0.00000    
   76.9758      0.259805E-04  0.901909E-06  0.170537E-06   0.00000      0.353300E-01   5.35367       0.00000    
   77.5454      0.255094E-04  0.882149E-06  0.159763E-06   0.00000      0.351439E-01   5.13270       0.00000    
   78.1191      0.250449E-04  0.863256E-06  0.148523E-06   0.00000      0.349748E-01   4.88108       0.00000    
   78.6971      0.245861E-04  0.844914E-06  0.136775E-06   0.00000      0.348128E-01   4.59765       0.00000    
   79.2793      0.241335E-04  0.827105E-06  0.124367E-06   0.00000      0.346573E-01   4.27560       0.00000    
   79.8659      0.236866E-04  0.810126E-06  0.111195E-06   0.00000      0.345225E-01   3.90768       0.00000    
   80.4568      0.232451E-04  0.793872E-06  0.973446E-07   0.00000      0.344080E-01   3.49536       0.00000    
   81.0521      0.228095E-04  0.778198E-06  0.829373E-07   0.00000      0.343104E-01   3.04170       0.00000    
   81.6517      0.223795E-04  0.763375E-06  0.679648E-07   0.00000      0.342454E-01   2.54387       0.00000    
   82.2558      0.219548E-04  0.749413E-06  0.524856E-07   0.00000      0.342179E-01   2.00310       0.00000    
   82.8644      0.215351E-04  0.735956E-06  0.365759E-07   0.00000      0.342169E-01   1.42259       0.00000    
   83.4775      0.211206E-04  0.723091E-06  0.202208E-07   0.00000      0.342497E-01  0.800913       0.00000    
   84.0951      0.207114E-04  0.711022E-06  0.342765E-08   0.00000      0.343304E-01  0.138103       0.00000    
   84.7173      0.203073E-04  0.699477E-06 -0.136863E-07   0.00000      0.344512E-01 -0.560465       0.00000    
   85.3441      0.199077E-04  0.688305E-06 -0.309665E-07   0.00000      0.346097E-01  -1.28799       0.00000    
   85.9755      0.195128E-04  0.677692E-06 -0.483219E-07   0.00000      0.348188E-01  -2.03924       0.00000    
   86.6116      0.191222E-04  0.667591E-06 -0.656406E-07   0.00000      0.350801E-01  -2.80777       0.00000    
   87.2525      0.187358E-04  0.657704E-06 -0.827630E-07   0.00000      0.353810E-01  -3.58609       0.00000    
   87.8980      0.183535E-04  0.648024E-06 -0.995839E-07   0.00000      0.357224E-01  -4.36824       0.00000    
   88.5483      0.179752E-04  0.638715E-06 -0.116018E-06   0.00000      0.361145E-01  -5.14755       0.00000    
   89.2035      0.176008E-04  0.629608E-06 -0.131829E-06   0.00000      0.365473E-01  -5.91296       0.00000    
   89.8635      0.172295E-04  0.620479E-06 -0.146679E-06   0.00000      0.370052E-01  -6.65017       0.00000    
   90.5283      0.168617E-04  0.611431E-06 -0.160306E-06   0.00000      0.374870E-01  -7.34560       0.00000    
   91.1981      0.164964E-04  0.602432E-06 -0.172390E-06   0.00000      0.379848E-01  -7.98440       0.00000    
   91.8729      0.161333E-04  0.592959E-06 -0.182356E-06   0.00000      0.384526E-01  -8.54727       0.00000    
   92.5526      0.157705E-04  0.582412E-06 -0.189264E-06   0.00000      0.388316E-01  -9.00118       0.00000    
   93.2374      0.154069E-04  0.570189E-06 -0.191718E-06   0.00000      0.390447E-01  -9.29226       0.00000    
   93.9272      0.150431E-04  0.556231E-06 -0.189688E-06   0.00000      0.390669E-01  -9.41528       0.00000    
   94.6221      0.146817E-04  0.541462E-06 -0.185350E-06   0.00000      0.389811E-01  -9.44838       0.00000    
   95.3222      0.143251E-04  0.526646E-06 -0.180410E-06   0.00000      0.388612E-01  -9.45480       0.00000    
   96.0275      0.139738E-04  0.512118E-06 -0.175149E-06   0.00000      0.387327E-01  -9.44055       0.00000    
   96.7379      0.136276E-04  0.498019E-06 -0.169391E-06   0.00000      0.386009E-01  -9.39236       0.00000    
   97.4537      0.132866E-04  0.484048E-06 -0.162972E-06   0.00000      0.384407E-01  -9.30382       0.00000    
   98.1747      0.129505E-04  0.470032E-06 -0.155951E-06   0.00000      0.382400E-01  -9.17762       0.00000    
   98.9010      0.126203E-04  0.456580E-06 -0.148483E-06   0.00000      0.380432E-01  -9.00744       0.00000    
   99.6328      0.122961E-04  0.444116E-06 -0.140761E-06   0.00000      0.378891E-01  -8.79292       0.00000    
