1.20444	0.767260E-01	0.528335E-03	52.3029
1.21335	0.756051E-01	0.538269E-03	52.3218
1.22233	0.745001E-01	0.548288E-03	52.3323
1.23137	0.734129E-01	0.558423E-03	52.3358
1.24048	0.723394E-01	0.568784E-03	52.3291
1.24966	0.712839E-01	0.579316E-03	52.3073
1.25891	0.702420E-01	0.589999E-03	52.2714
1.26822	0.692165E-01	0.600750E-03	52.2251
1.27760	0.682058E-01	0.611595E-03	52.1664
1.28706	0.672089E-01	0.622658E-03	52.0970
1.29658	0.662281E-01	0.634067E-03	52.0298
1.30617	0.652610E-01	0.645894E-03	51.9760
1.31583	0.643078E-01	0.658158E-03	51.9371
1.32557	0.633684E-01	0.670907E-03	51.9110
1.33538	0.624436E-01	0.683997E-03	51.8989
1.34526	0.615314E-01	0.697349E-03	51.9008
1.35521	0.606340E-01	0.711010E-03	51.9146
1.36524	0.597478E-01	0.724891E-03	51.9303
1.37534	0.588763E-01	0.738786E-03	51.9379
1.38551	0.580173E-01	0.752767E-03	51.9394
1.39576	0.571702E-01	0.766878E-03	51.9377
1.40609	0.563354E-01	0.781167E-03	51.9387
1.41649	0.555141E-01	0.795549E-03	51.9469
1.42697	0.547035E-01	0.810036E-03	51.9527
1.43753	0.539049E-01	0.824812E-03	51.9493
1.44817	0.531187E-01	0.840010E-03	51.9476
1.45888	0.523441E-01	0.855527E-03	51.9572
1.46968	0.515798E-01	0.871090E-03	51.9664
1.48055	0.508275E-01	0.886661E-03	51.9696
1.49150	0.500859E-01	0.902501E-03	51.9767
1.50254	0.493554E-01	0.918697E-03	51.9910
1.51366	0.486356E-01	0.935071E-03	52.0073
1.52486	0.479263E-01	0.951521E-03	52.0205
1.53614	0.472270E-01	0.968313E-03	52.0305
1.54750	0.465378E-01	0.985430E-03	52.0441
1.55895	0.458600E-01	0.100264E-02	52.0612
1.57049	0.451905E-01	0.102023E-02	52.0789
1.58211	0.445317E-01	0.103831E-02	52.1030
1.59381	0.438826E-01	0.105663E-02	52.1333
1.60560	0.432427E-01	0.107515E-02	52.1629
1.61748	0.426120E-01	0.109409E-02	52.1952
1.62945	0.419912E-01	0.111320E-02	52.2323
1.64151	0.413789E-01	0.113231E-02	52.2687
1.65365	0.407755E-01	0.115194E-02	52.3046
1.66588	0.401815E-01	0.117255E-02	52.3426
1.67821	0.395955E-01	0.119388E-02	52.3785
1.69063	0.390184E-01	0.121560E-02	52.4130
1.70313	0.384497E-01	0.123769E-02	52.4550
1.71574	0.378894E-01	0.125975E-02	52.5013
1.72843	0.373374E-01	0.128193E-02	52.5443
1.74122	0.367932E-01	0.130477E-02	52.5812
1.75410	0.362576E-01	0.132803E-02	52.6034
1.76708	0.357288E-01	0.135140E-02	52.5996
1.78015	0.352081E-01	0.137506E-02	52.5625
1.79332	0.346954E-01	0.139934E-02	52.4972
1.80659	0.341897E-01	0.142424E-02	52.4110
1.81996	0.336918E-01	0.144970E-02	52.3008
1.83342	0.332012E-01	0.147598E-02	52.1729
1.84699	0.327173E-01	0.150338E-02	52.0490
1.86065	0.322411E-01	0.153185E-02	51.9476
1.87442	0.317713E-01	0.156167E-02	51.8809
1.88829	0.313091E-01	0.159339E-02	51.8680
1.90226	0.308527E-01	0.162717E-02	51.9110
1.91633	0.304041E-01	0.166139E-02	51.9651
1.93051	0.299615E-01	0.169459E-02	51.9906
1.94479	0.295257E-01	0.172715E-02	51.9992
1.95918	0.290961E-01	0.176009E-02	52.0059
1.97368	0.286736E-01	0.179364E-02	52.0082
1.98828	0.282562E-01	0.182792E-02	52.0107
2.00299	0.278459E-01	0.186236E-02	52.0159
2.01781	0.274410E-01	0.189692E-02	52.0230
2.03274	0.270420E-01	0.193193E-02	52.0330
2.04778	0.266492E-01	0.196781E-02	52.0420
2.06293	0.262618E-01	0.200465E-02	52.0500
2.07819	0.258805E-01	0.204198E-02	52.0623
2.09357	0.255043E-01	0.207999E-02	52.0816
2.10906	0.251340E-01	0.211899E-02	52.1071
2.12466	0.247691E-01	0.215873E-02	52.1316
2.14038	0.244093E-01	0.219911E-02	52.1510
2.15622	0.240551E-01	0.224039E-02	52.1691
2.17217	0.237058E-01	0.228242E-02	52.1919
2.18824	0.233616E-01	0.232478E-02	52.2238
2.20443	0.230228E-01	0.236749E-02	52.2651
2.22074	0.226887E-01	0.241105E-02	52.3122
2.23717	0.223596E-01	0.245594E-02	52.3649
2.25372	0.220351E-01	0.250204E-02	52.4260
2.27040	0.217155E-01	0.254876E-02	52.4959
2.28720	0.214007E-01	0.259654E-02	52.5735
2.30412	0.210901E-01	0.264581E-02	52.6539
2.32117	0.207846E-01	0.269630E-02	52.7215
2.33834	0.204833E-01	0.274793E-02	52.7616
2.35564	0.201863E-01	0.279975E-02	52.7650
2.37307	0.198940E-01	0.285093E-02	52.7266
2.39063	0.196055E-01	0.290164E-02	52.6485
2.40831	0.193216E-01	0.295243E-02	52.5370
2.42613	0.190416E-01	0.300591E-02	52.4246
2.44408	0.187656E-01	0.306453E-02	52.3481
2.46217	0.184936E-01	0.312691E-02	52.2962
2.48038	0.182259E-01	0.319041E-02	52.2473
2.49873	0.179620E-01	0.325495E-02	52.1998
2.51722	0.177019E-01	0.332190E-02	52.1612
2.53585	0.174459E-01	0.339229E-02	52.1498
2.55461	0.171936E-01	0.346587E-02	52.1725
2.57351	0.169449E-01	0.354014E-02	52.2034
2.59255	0.167002E-01	0.361298E-02	52.2184
2.61173	0.164590E-01	0.368582E-02	52.2237
2.63105	0.162213E-01	0.376061E-02	52.2265
2.65052	0.159874E-01	0.383708E-02	52.2253
2.67013	0.157568E-01	0.391432E-02	52.2265
2.68988	0.155294E-01	0.399204E-02	52.2301
2.70979	0.153058E-01	0.407068E-02	52.2306
2.72983	0.150849E-01	0.415147E-02	52.2299
2.75003	0.148676E-01	0.423443E-02	52.2330
2.77038	0.146536E-01	0.431932E-02	52.2360
2.79088	0.144423E-01	0.440569E-02	52.2320
2.81152	0.142346E-01	0.449290E-02	52.2238
2.83233	0.140296E-01	0.458178E-02	52.2198
2.85328	0.138278E-01	0.467305E-02	52.2217
2.87439	0.136290E-01	0.476648E-02	52.2238
2.89566	0.134330E-01	0.486167E-02	52.2249
2.91708	0.132401E-01	0.495884E-02	52.2264
2.93866	0.130497E-01	0.505794E-02	52.2263
2.96041	0.128624E-01	0.515836E-02	52.2249
2.98231	0.126777E-01	0.526044E-02	52.2238
3.00437	0.124959E-01	0.536465E-02	52.2243
3.02660	0.123166E-01	0.547118E-02	52.2266
3.04900	0.121400E-01	0.557955E-02	52.2302
3.07155	0.119661E-01	0.568975E-02	52.2352
3.09428	0.117946E-01	0.580229E-02	52.2367
3.11717	0.116257E-01	0.591699E-02	52.2314
3.14024	0.114592E-01	0.603404E-02	52.2268
3.16347	0.112954E-01	0.615391E-02	52.2277
3.18687	0.111338E-01	0.627689E-02	52.2292
3.21045	0.109746E-01	0.640208E-02	52.2297
3.23421	0.108179E-01	0.652881E-02	52.2320
3.25814	0.106634E-01	0.665683E-02	52.2349
3.28224	0.105111E-01	0.678637E-02	52.2345
3.30653	0.103611E-01	0.691805E-02	52.2316
3.33099	0.102134E-01	0.705339E-02	52.2290
3.35563	0.100677E-01	0.719243E-02	52.2280
3.38046	0.992432E-02	0.733396E-02	52.2309
3.40547	0.978314E-02	0.747851E-02	52.2368
3.43067	0.964375E-02	0.762612E-02	52.2404
3.45605	0.950671E-02	0.777504E-02	52.2397
3.48162	0.937150E-02	0.792634E-02	52.2375
3.50738	0.923841E-02	0.808051E-02	52.2372
3.53333	0.910725E-02	0.823706E-02	52.2384
3.55947	0.897799E-02	0.839600E-02	52.2375
3.58581	0.885093E-02	0.855828E-02	52.2335
3.61234	0.872567E-02	0.872506E-02	52.2311
3.63906	0.860276E-02	0.889477E-02	52.2355
3.66599	0.848262E-02	0.906547E-02	52.2416
3.69311	0.836488E-02	0.923780E-02	52.2427
3.72043	0.824840E-02	0.941423E-02	52.2437
3.74796	0.813349E-02	0.959375E-02	52.2466
3.77569	0.802004E-02	0.977544E-02	52.2466
3.80363	0.790822E-02	0.996081E-02	52.2437
3.83177	0.779805E-02	0.101511E-01	52.2424
3.86012	0.768952E-02	0.103444E-01	52.2450
3.88868	0.758249E-02	0.105390E-01	52.2492
3.91745	0.747708E-02	0.107362E-01	52.2504
3.94643	0.737326E-02	0.109373E-01	52.2486
3.97563	0.727095E-02	0.111423E-01	52.2466
4.00504	0.717024E-02	0.113503E-01	52.2434
4.03468	0.707096E-02	0.115604E-01	52.2370
4.06453	0.697330E-02	0.117716E-01	52.2265
4.09460	0.687704E-02	0.119839E-01	52.2134
4.12489	0.678239E-02	0.121952E-01	52.2014
4.15541	0.668902E-02	0.124054E-01	52.1847
4.18616	0.659712E-02	0.126162E-01	52.1584
4.21713	0.650647E-02	0.128290E-01	52.1289
4.24833	0.641718E-02	0.130417E-01	52.0988
4.27976	0.632929E-02	0.132532E-01	52.0639
4.31143	0.624266E-02	0.134656E-01	52.0230
4.34332	0.615732E-02	0.136797E-01	51.9806
4.37546	0.607325E-02	0.138936E-01	51.9386
4.40783	0.599044E-02	0.141069E-01	51.8962
4.44044	0.590895E-02	0.143212E-01	51.8544
4.47330	0.582856E-02	0.145376E-01	51.8130
4.50639	0.574957E-02	0.147532E-01	51.7675
4.53974	0.567163E-02	0.149686E-01	51.7179
4.57332	0.559501E-02	0.151842E-01	51.6702
4.60716	0.551942E-02	0.154014E-01	51.6250
4.64125	0.544501E-02	0.156172E-01	51.5779
4.67559	0.537181E-02	0.158298E-01	51.5282
4.71018	0.529960E-02	0.160412E-01	51.4790
4.74503	0.522860E-02	0.162518E-01	51.4312
4.78013	0.515870E-02	0.164609E-01	51.3819
4.81550	0.508980E-02	0.166692E-01	51.3314
4.85113	0.502202E-02	0.168774E-01	51.2834
4.88702	0.495532E-02	0.170851E-01	51.2390
4.92318	0.488960E-02	0.172907E-01	51.1959
4.95960	0.482499E-02	0.174935E-01	51.1544
4.99630	0.476130E-02	0.176942E-01	51.1136
5.03326	0.469866E-02	0.178914E-01	51.0718
5.07050	0.463697E-02	0.180849E-01	51.0316
5.10802	0.457625E-02	0.182750E-01	50.9948
5.14581	0.451648E-02	0.184623E-01	50.9590
5.18388	0.445770E-02	0.186456E-01	50.9268
5.22224	0.439985E-02	0.188237E-01	50.9017
5.26087	0.434296E-02	0.189975E-01	50.8814
5.29980	0.428700E-02	0.191680E-01	50.8656
5.33901	0.423203E-02	0.193331E-01	50.8559
5.37851	0.417794E-02	0.194919E-01	50.8528
5.41830	0.412476E-02	0.196440E-01	50.8563
5.45839	0.407254E-02	0.197877E-01	50.8661
5.49878	0.402127E-02	0.199235E-01	50.8830
5.53946	0.397091E-02	0.200526E-01	50.9072
5.58044	0.392155E-02	0.201748E-01	50.9366
5.62173	0.387314E-02	0.202896E-01	50.9727
5.66332	0.382584E-02	0.203953E-01	51.0242
5.70522	0.377953E-02	0.204925E-01	51.0960
5.74744	0.373443E-02	0.205798E-01	51.1848
5.78996	0.369072E-02	0.206556E-01	51.2890
5.83280	0.364843E-02	0.207206E-01	51.4125
5.87595	0.360784E-02	0.207729E-01	51.5579
5.91943	0.356942E-02	0.208078E-01	51.7204
5.96322	0.353121E-02	0.208359E-01	51.8986
6.00734	0.349072E-02	0.208723E-01	52.0965
6.05179	0.344882E-02	0.209112E-01	52.3111
6.09656	0.340726E-02	0.209392E-01	52.5344
6.14167	0.336619E-02	0.209566E-01	52.7639
6.18711	0.332567E-02	0.209683E-01	52.9993
6.23289	0.328550E-02	0.209783E-01	53.2403
6.27900	0.324482E-02	0.209974E-01	53.4930
6.32546	0.320304E-02	0.210370E-01	53.7646
6.37226	0.316213E-02	0.210874E-01	54.0541
6.41940	0.312408E-02	0.211354E-01	54.3594
6.46690	0.308900E-02	0.211814E-01	54.6837
6.51474	0.305405E-02	0.212457E-01	55.0277
6.56294	0.301397E-02	0.213645E-01	55.3845
6.61150	0.296934E-02	0.215331E-01	55.7302
6.66042	0.290492E-02	0.218595E-01	56.0283
6.70970	0.279803E-02	0.225268E-01	56.2448
6.75934	0.268679E-02	0.232593E-01	56.3458
6.80935	0.262081E-02	0.236102E-01	56.3020
6.85973	0.258211E-02	0.236968E-01	56.0957
6.91048	0.254510E-02	0.237370E-01	55.7177
6.96161	0.250865E-02	0.237476E-01	55.1809
7.01312	0.247245E-02	0.237672E-01	54.5219
7.06500	0.243649E-02	0.238488E-01	53.7972
7.11728	0.240102E-02	0.240382E-01	53.0837
7.16993	0.236634E-02	0.243695E-01	52.4672
7.22298	0.233260E-02	0.248800E-01	52.0370
7.27642	0.229963E-02	0.255809E-01	51.8773
7.33026	0.226730E-02	0.263596E-01	51.9381
7.38449	0.223599E-02	0.270607E-01	52.0527
7.43913	0.220316E-02	0.277001E-01	52.1574
7.49417	0.216560E-02	0.283628E-01	52.2627
7.54961	0.212805E-02	0.289897E-01	52.3393
7.60547	0.209645E-02	0.295002E-01	52.3657
7.66174	0.206850E-02	0.299488E-01	52.3698
7.71843	0.204107E-02	0.303963E-01	52.3759
7.77553	0.201406E-02	0.308458E-01	52.3806
7.83306	0.198744E-02	0.313013E-01	52.3831
7.89102	0.196120E-02	0.317634E-01	52.3885
7.94940	0.193532E-02	0.322309E-01	52.3942
8.00821	0.190988E-02	0.327026E-01	52.3948
8.06746	0.188478E-02	0.331826E-01	52.3961
8.12715	0.186007E-02	0.336703E-01	52.4027
8.18728	0.183573E-02	0.341625E-01	52.4072
8.24786	0.181172E-02	0.346552E-01	52.4089
8.30888	0.178805E-02	0.351535E-01	52.4122
8.37035	0.176472E-02	0.356609E-01	52.4167
8.43228	0.174175E-02	0.361720E-01	52.4217
8.49467	0.171911E-02	0.366855E-01	52.4263
8.55752	0.169681E-02	0.372017E-01	52.4298
8.62083	0.167482E-02	0.377215E-01	52.4346
8.68462	0.165314E-02	0.382515E-01	52.4409
8.74887	0.163177E-02	0.387926E-01	52.4466
8.81360	0.161074E-02	0.393347E-01	52.4495
8.87881	0.159001E-02	0.398770E-01	52.4507
8.94450	0.156957E-02	0.404248E-01	52.4559
9.01068	0.154943E-02	0.409805E-01	52.4634
9.07734	0.152957E-02	0.415410E-01	52.4683
9.14450	0.150999E-02	0.421005E-01	52.4714
9.21216	0.149069E-02	0.426627E-01	52.4754
9.28032	0.147167E-02	0.432314E-01	52.4807
9.34898	0.145291E-02	0.438030E-01	52.4857
9.41815	0.143443E-02	0.443794E-01	52.4915
9.48783	0.141622E-02	0.449647E-01	52.4992
9.55803	0.139828E-02	0.455575E-01	52.5054
9.62875	0.138058E-02	0.461561E-01	52.5097
9.69999	0.136313E-02	0.467572E-01	52.5161
9.77175	0.134594E-02	0.473591E-01	52.5248
9.84405	0.132900E-02	0.479644E-01	52.5318
9.91688	0.131229E-02	0.485747E-01	52.5361
9.99025	0.129580E-02	0.491879E-01	52.5405
10.0642	0.127955E-02	0.498053E-01	52.5480
10.1386	0.126355E-02	0.504264E-01	52.5568
10.2136	0.124777E-02	0.510488E-01	52.5632
10.2892	0.123221E-02	0.516775E-01	52.5677
10.3653	0.121686E-02	0.523135E-01	52.5733
10.4420	0.120172E-02	0.529524E-01	52.5804
10.5193	0.118679E-02	0.535945E-01	52.5884
10.5971	0.117209E-02	0.542391E-01	52.5966
10.6755	0.115759E-02	0.548820E-01	52.6039
10.7545	0.114329E-02	0.555250E-01	52.6100
10.8341	0.112918E-02	0.561728E-01	52.6151
10.9142	0.111527E-02	0.568263E-01	52.6199
10.9950	0.110156E-02	0.574833E-01	52.6256
11.0763	0.108804E-02	0.581432E-01	52.6313
11.1583	0.107470E-02	0.588065E-01	52.6349
11.2408	0.106153E-02	0.594723E-01	52.6390
11.3240	0.104854E-02	0.601383E-01	52.6467
11.4078	0.103572E-02	0.608068E-01	52.6551
11.4922	0.102308E-02	0.614794E-01	52.6615
11.5772	0.101064E-02	0.621487E-01	52.6664
11.6629	0.998347E-03	0.628199E-01	52.6718
11.7492	0.986223E-03	0.634963E-01	52.6792
11.8361	0.974267E-03	0.641768E-01	52.6853
11.9237	0.962479E-03	0.648566E-01	52.6896
12.0119	0.950837E-03	0.655330E-01	52.6953
12.1007	0.939353E-03	0.662054E-01	52.7016
12.1903	0.928010E-03	0.668795E-01	52.7056
12.2805	0.916839E-03	0.675571E-01	52.7088
12.3713	0.905796E-03	0.682395E-01	52.7139
12.4629	0.894914E-03	0.689207E-01	52.7208
12.5551	0.884168E-03	0.695999E-01	52.7261
12.6480	0.873567E-03	0.702748E-01	52.7290
12.7415	0.863107E-03	0.709523E-01	52.7336
12.8358	0.852773E-03	0.716355E-01	52.7422
12.9308	0.842586E-03	0.723133E-01	52.7501
13.0264	0.832525E-03	0.729836E-01	52.7536
13.1228	0.822572E-03	0.736546E-01	52.7559
13.2199	0.812767E-03	0.743241E-01	52.7597
13.3177	0.803095E-03	0.749915E-01	52.7651
13.4163	0.793531E-03	0.756615E-01	52.7727
13.5155	0.784097E-03	0.763269E-01	52.7803
13.6155	0.774774E-03	0.769819E-01	52.7847
13.7162	0.765554E-03	0.776351E-01	52.7871
13.8177	0.756455E-03	0.782926E-01	52.7920
13.9200	0.747490E-03	0.789451E-01	52.7968
14.0229	0.738615E-03	0.795864E-01	52.7973
14.1267	0.729848E-03	0.802196E-01	52.7994
14.2312	0.721191E-03	0.808567E-01	52.8063
14.3365	0.712643E-03	0.814932E-01	52.8130
14.4426	0.704198E-03	0.821195E-01	52.8186
14.5494	0.695862E-03	0.827390E-01	52.8255
14.6571	0.687606E-03	0.833608E-01	52.8321
14.7655	0.679484E-03	0.839703E-01	52.8381
14.8748	0.671428E-03	0.845757E-01	52.8471
14.9848	0.663479E-03	0.851800E-01	52.8575
15.0957	0.655597E-03	0.857789E-01	52.8635
15.2074	0.647833E-03	0.863568E-01	52.8672
15.3199	0.640144E-03	0.869290E-01	52.8740
15.4332	0.632553E-03	0.875044E-01	52.8824
15.5474	0.625037E-03	0.880797E-01	52.8910
15.6625	0.617609E-03	0.886407E-01	52.8997
15.7783	0.610268E-03	0.891914E-01	52.9076
15.8951	0.603010E-03	0.897385E-01	52.9141
16.0127	0.595827E-03	0.902791E-01	52.9204
16.1311	0.588721E-03	0.908104E-01	52.9282
16.2505	0.581689E-03	0.913361E-01	52.9367
16.3707	0.574735E-03	0.918527E-01	52.9467
16.4918	0.567863E-03	0.923571E-01	52.9589
16.6139	0.561070E-03	0.928532E-01	52.9712
16.7368	0.554350E-03	0.933415E-01	52.9812
16.8606	0.547701E-03	0.938250E-01	52.9894
16.9854	0.541123E-03	0.943098E-01	52.9999
17.1110	0.534616E-03	0.947910E-01	53.0128
17.2376	0.528170E-03	0.952554E-01	53.0228
17.3652	0.521791E-03	0.956917E-01	53.0311
17.4936	0.515475E-03	0.961143E-01	53.0420
17.6231	0.509217E-03	0.965339E-01	53.0538
17.7535	0.503015E-03	0.969429E-01	53.0646
17.8848	0.496886E-03	0.973407E-01	53.0758
18.0171	0.490812E-03	0.977414E-01	53.0885
18.1504	0.484809E-03	0.981354E-01	53.1020
18.2847	0.478883E-03	0.985122E-01	53.1148
18.4200	0.473008E-03	0.988840E-01	53.1277
18.5563	0.467185E-03	0.992572E-01	53.1409
18.6936	0.461423E-03	0.996219E-01	53.1525
18.8319	0.455729E-03	0.999739E-01	53.1625
18.9712	0.450090E-03	0.100324	53.1750
19.1116	0.444500E-03	0.100671	53.1897
19.2530	0.438962E-03	0.100997	53.2018
19.3954	0.433486E-03	0.101303	53.2122
19.5389	0.428051E-03	0.101607	53.2243
19.6835	0.422673E-03	0.101907	53.2373
19.8291	0.417364E-03	0.102191	53.2494
19.9758	0.412111E-03	0.102462	53.2617
20.1236	0.406904E-03	0.102736	53.2765
20.2725	0.401742E-03	0.103008	53.2941
20.4225	0.396636E-03	0.103263	53.3102
20.5736	0.391589E-03	0.103505	53.3226
20.7258	0.386583E-03	0.103743	53.3349
20.8792	0.381628E-03	0.103969	53.3466
21.0336	0.376714E-03	0.104186	53.3555
21.1893	0.371846E-03	0.104391	53.3644
21.3460	0.367038E-03	0.104586	53.3748
21.5040	0.362284E-03	0.104780	53.3878
21.6631	0.357574E-03	0.104978	53.4041
21.8233	0.352914E-03	0.105165	53.4204
21.9848	0.348305E-03	0.105333	53.4332
22.1475	0.343738E-03	0.105493	53.4435
22.3113	0.339212E-03	0.105650	53.4555
22.4764	0.334734E-03	0.105798	53.4693
22.6427	0.330312E-03	0.105938	53.4804
22.8102	0.325943E-03	0.106076	53.4909
22.9790	0.321614E-03	0.106219	53.5059
23.1490	0.317329E-03	0.106350	53.5203
23.3203	0.313088E-03	0.106460	53.5291
23.4928	0.308885E-03	0.106563	53.5382
23.6666	0.304734E-03	0.106669	53.5512
23.8417	0.300637E-03	0.106776	53.5647
24.0181	0.296588E-03	0.106870	53.5773
24.1958	0.292574E-03	0.106950	53.5894
24.3748	0.288594E-03	0.107025	53.5984
24.5552	0.284663E-03	0.107095	53.6045
24.7368	0.280781E-03	0.107164	53.6112
24.9199	0.276946E-03	0.107241	53.6203
25.1042	0.273150E-03	0.107321	53.6308
25.2900	0.269398E-03	0.107376	53.6406
25.4771	0.265692E-03	0.107406	53.6493
25.6656	0.262020E-03	0.107443	53.6579
25.8555	0.258392E-03	0.107486	53.6665
26.0468	0.254811E-03	0.107524	53.6757
26.2395	0.251266E-03	0.107552	53.6881
26.4336	0.247767E-03	0.107570	53.7006
26.6292	0.244304E-03	0.107588	53.7079
26.8262	0.240886E-03	0.107607	53.7137
27.0247	0.237504E-03	0.107628	53.7222
27.2246	0.234164E-03	0.107642	53.7310
27.4261	0.230868E-03	0.107644	53.7393
27.6290	0.227605E-03	0.107635	53.7477
27.8334	0.224376E-03	0.107618	53.7545
28.0393	0.221189E-03	0.107597	53.7580
28.2468	0.218050E-03	0.107576	53.7620
28.4558	0.214947E-03	0.107561	53.7699
28.6663	0.211885E-03	0.107537	53.7787
28.8784	0.208860E-03	0.107506	53.7857
29.0921	0.205869E-03	0.107483	53.7930
29.3073	0.202910E-03	0.107467	53.8010
29.5241	0.199995E-03	0.107426	53.8074
29.7426	0.197118E-03	0.107351	53.8133
29.9626	0.194273E-03	0.107284	53.8211
30.1843	0.191458E-03	0.107238	53.8292
30.4076	0.188686E-03	0.107184	53.8328
30.6326	0.185950E-03	0.107127	53.8325
30.8592	0.183250E-03	0.107074	53.8349
31.0876	0.180583E-03	0.107018	53.8412
31.3176	0.177951E-03	0.106954	53.8486
31.5493	0.175356E-03	0.106880	53.8580
31.7827	0.172794E-03	0.106804	53.8683
32.0178	0.170268E-03	0.106723	53.8736
32.2547	0.167771E-03	0.106639	53.8749
32.4934	0.165307E-03	0.106553	53.8779
32.7338	0.162872E-03	0.106468	53.8817
32.9760	0.160469E-03	0.106377	53.8851
33.2199	0.158102E-03	0.106277	53.8916
33.4657	0.155766E-03	0.106171	53.8991
33.7133	0.153462E-03	0.106060	53.9001
33.9628	0.151185E-03	0.105958	53.8973
34.2140	0.148938E-03	0.105865	53.9006
34.4672	0.146723E-03	0.105764	53.9083
34.7222	0.144542E-03	0.105645	53.9112
34.9791	0.142390E-03	0.105520	53.9109
35.2379	0.140266E-03	0.105403	53.9135
35.4986	0.138172E-03	0.105290	53.9194
35.7612	0.136106E-03	0.105169	53.9234
36.0258	0.134068E-03	0.105044	53.9252
36.2924	0.132056E-03	0.104920	53.9326
36.5609	0.130073E-03	0.104777	53.9422
36.8314	0.128120E-03	0.104626	53.9456
37.1039	0.126194E-03	0.104491	53.9460
37.3784	0.124293E-03	0.104364	53.9456
37.6550	0.122419E-03	0.104224	53.9437
37.9336	0.120570E-03	0.104067	53.9432
38.2142	0.118746E-03	0.103911	53.9456
38.4969	0.116948E-03	0.103765	53.9488
38.7818	0.115179E-03	0.103615	53.9496
39.0687	0.113436E-03	0.103457	53.9511
39.3578	0.111714E-03	0.103304	53.9583
39.6490	0.110017E-03	0.103154	53.9664
39.9423	0.108344E-03	0.102989	53.9691
40.2378	0.106691E-03	0.102812	53.9679
40.5355	0.105062E-03	0.102634	53.9658
40.8354	0.103458E-03	0.102452	53.9632
41.1376	0.101877E-03	0.102271	53.9620
41.4419	0.100320E-03	0.102104	53.9648
41.7485	0.987867E-04	0.101933	53.9678
42.0574	0.972770E-04	0.101750	53.9676
42.3686	0.957868E-04	0.101572	53.9677
42.6821	0.943184E-04	0.101398	53.9704
42.9978	0.928704E-04	0.101212	53.9729
43.3160	0.914424E-04	0.101021	53.9721
43.6365	0.900344E-04	0.100834	53.9701
43.9593	0.886463E-04	0.100641	53.9701
44.2845	0.872800E-04	0.100435	53.9732
44.6122	0.859355E-04	0.100222	53.9791
44.9423	0.846092E-04	0.100019	53.9829
45.2748	0.833026E-04	0.998229E-01	53.9811
45.6097	0.820157E-04	0.996201E-01	53.9783
45.9472	0.807455E-04	0.994171E-01	53.9808
46.2871	0.794915E-04	0.992202E-01	53.9853
46.6296	0.782573E-04	0.990146E-01	53.9854
46.9746	0.770428E-04	0.987941E-01	53.9824
47.3221	0.758444E-04	0.985666E-01	53.9809
47.6723	0.746647E-04	0.983281E-01	53.9796
48.0250	0.735043E-04	0.980856E-01	53.9780
48.3803	0.723613E-04	0.978494E-01	53.9776
48.7382	0.712355E-04	0.976129E-01	53.9758
49.0988	0.701261E-04	0.973727E-01	53.9737
49.4621	0.690312E-04	0.971370E-01	53.9756
49.8281	0.679506E-04	0.969030E-01	53.9792
50.1967	0.668849E-04	0.966622E-01	53.9811
50.5681	0.658360E-04	0.964120E-01	53.9794
50.9423	0.648059E-04	0.961518E-01	53.9766
51.3192	0.637907E-04	0.958919E-01	53.9769
51.6988	0.627888E-04	0.956316E-01	53.9767
52.0813	0.618014E-04	0.953604E-01	53.9740
52.4667	0.608300E-04	0.950936E-01	53.9732
52.8549	0.598742E-04	0.948488E-01	53.9736
53.2459	0.589328E-04	0.945999E-01	53.9713
53.6399	0.580044E-04	0.943230E-01	53.9653
54.0367	0.570879E-04	0.940341E-01	53.9569
54.4365	0.561845E-04	0.937490E-01	53.9516
54.8393	0.552962E-04	0.934581E-01	53.9498
55.2450	0.544205E-04	0.931646E-01	53.9496
55.6538	0.535566E-04	0.928790E-01	53.9524
56.0655	0.527073E-04	0.925960E-01	53.9545
56.4803	0.518719E-04	0.923113E-01	53.9544
56.8982	0.510487E-04	0.920190E-01	53.9563
57.3192	0.502380E-04	0.917147E-01	53.9576
57.7433	0.494405E-04	0.913960E-01	53.9524
58.1705	0.486529E-04	0.910653E-01	53.9398
58.6009	0.478728E-04	0.907117E-01	53.9264
59.0344	0.471019E-04	0.903104E-01	53.9161
59.4712	0.463427E-04	0.898671E-01	53.9041
59.9112	0.455956E-04	0.894082E-01	53.8903
60.3545	0.448596E-04	0.889390E-01	53.8764
60.8010	0.441331E-04	0.884649E-01	53.8559
61.2509	0.434166E-04	0.879791E-01	53.8273
61.7040	0.427104E-04	0.874682E-01	53.8024
62.1606	0.420144E-04	0.869433E-01	53.7836
62.6205	0.413274E-04	0.864101E-01	53.7586
63.0838	0.406512E-04	0.858528E-01	53.7254
63.5505	0.399838E-04	0.852689E-01	53.6892
64.0207	0.393252E-04	0.846617E-01	53.6498
64.4944	0.386763E-04	0.840336E-01	53.6062
64.9715	0.380363E-04	0.833903E-01	53.5616
65.4522	0.374056E-04	0.827318E-01	53.5248
65.9365	0.367847E-04	0.820456E-01	53.4926
66.4243	0.361734E-04	0.813314E-01	53.4566
66.9158	0.355701E-04	0.806018E-01	53.4183
67.4109	0.349748E-04	0.798407E-01	53.3772
67.9096	0.343874E-04	0.790378E-01	53.3342
68.4121	0.338077E-04	0.782105E-01	53.2952
68.9182	0.332362E-04	0.773692E-01	53.2606
69.4281	0.326734E-04	0.765023E-01	53.2238
69.9418	0.321188E-04	0.755994E-01	53.1819
70.4593	0.315717E-04	0.746736E-01	53.1431
70.9806	0.310318E-04	0.737312E-01	53.1115
71.5057	0.304995E-04	0.727499E-01	53.0782
72.0348	0.299741E-04	0.717279E-01	53.0442
72.5677	0.294556E-04	0.706750E-01	53.0204
73.1046	0.289447E-04	0.695915E-01	53.0072
73.6455	0.284409E-04	0.684709E-01	53.0007
74.1904	0.279444E-04	0.673135E-01	52.9964
74.7393	0.274538E-04	0.661338E-01	52.9937
75.2923	0.269709E-04	0.649096E-01	53.0069
75.8493	0.264956E-04	0.636335E-01	53.0387
76.4105	0.260267E-04	0.623338E-01	53.0742
76.9758	0.255627E-04	0.610108E-01	53.1133
77.5454	0.251043E-04	0.596385E-01	53.1690
78.1191	0.246523E-04	0.582068E-01	53.2532
78.6971	0.242062E-04	0.567265E-01	53.3731
79.2793	0.237661E-04	0.552015E-01	53.5261
79.8659	0.233309E-04	0.536269E-01	53.7024
80.4568	0.229011E-04	0.520116E-01	53.9007
81.0521	0.224775E-04	0.503736E-01	54.1370
81.6517	0.220594E-04	0.487142E-01	54.4294
82.2558	0.216469E-04	0.470179E-01	54.7819
82.8644	0.212389E-04	0.452842E-01	55.1921
83.4775	0.208352E-04	0.435248E-01	55.6721
84.0951	0.204365E-04	0.417439E-01	56.2464
84.7173	0.200429E-04	0.399423E-01	56.9334
85.3441	0.196536E-04	0.381301E-01	57.7483
85.9755	0.192687E-04	0.363276E-01	58.7093
86.6116	0.188883E-04	0.345549E-01	59.8364
87.2525	0.185125E-04	0.328302E-01	61.1649
87.8980	0.181410E-04	0.311619E-01	62.7241
88.5483	0.177736E-04	0.295613E-01	64.5063
89.2035	0.174097E-04	0.280753E-01	66.5100
89.8635	0.170483E-04	0.267505E-01	68.7653
90.5283	0.166904E-04	0.256275E-01	71.2847
91.1981	0.163351E-04	0.247703E-01	74.0270
91.8729	0.159824E-04	0.242419E-01	76.9015
92.5526	0.156305E-04	0.241146E-01	79.8527
93.2374	0.152788E-04	0.244741E-01	82.9245
93.9272	0.149280E-04	0.253448E-01	86.0395
94.6221	0.145795E-04	0.266017E-01	88.9319
95.3222	0.142349E-04	0.279895E-01	91.4527
96.0275	0.138947E-04	0.290812E-01	93.6862
96.7379	0.135589E-04	0.293995E-01	95.8369
97.4537	0.132274E-04	0.287204E-01	98.1122
98.1747	0.129000E-04	0.270298E-01	100.721
98.9010	0.125781E-04	0.243290E-01	103.990
99.6328	0.122621E-04	0.209957E-01	108.545

