   1.20444      0.768169E-01  0.308828E-02  0.148161E-05   0.00000      0.402032E-01  0.137438E-01   0.00000    
   1.21335      0.756949E-01  0.304347E-02  0.148027E-05   0.00000      0.402071E-01  0.139337E-01   0.00000    
   1.22233      0.745888E-01  0.299931E-02  0.147649E-05   0.00000      0.402112E-01  0.141027E-01   0.00000    
   1.23137      0.735006E-01  0.295586E-02  0.147163E-05   0.00000      0.402155E-01  0.142629E-01   0.00000    
   1.24048      0.724262E-01  0.291297E-02  0.146813E-05   0.00000      0.402199E-01  0.144385E-01   0.00000    
   1.24966      0.713697E-01  0.287079E-02  0.146464E-05   0.00000      0.402243E-01  0.146158E-01   0.00000    
   1.25891      0.703268E-01  0.282917E-02  0.145942E-05   0.00000      0.402289E-01  0.147780E-01   0.00000    
   1.26822      0.693005E-01  0.278821E-02  0.145444E-05   0.00000      0.402336E-01  0.149439E-01   0.00000    
   1.27760      0.682889E-01  0.274783E-02  0.145098E-05   0.00000      0.402384E-01  0.151274E-01   0.00000    
   1.28706      0.672910E-01  0.270801E-02  0.144803E-05   0.00000      0.402433E-01  0.153186E-01   0.00000    
   1.29658      0.663094E-01  0.266883E-02  0.144540E-05   0.00000      0.402482E-01  0.155152E-01   0.00000    
   1.30617      0.653415E-01  0.263020E-02  0.144491E-05   0.00000      0.402531E-01  0.157379E-01   0.00000    
   1.31583      0.643874E-01  0.259211E-02  0.144745E-05   0.00000      0.402581E-01  0.159971E-01   0.00000    
   1.32557      0.634472E-01  0.255458E-02  0.145157E-05   0.00000      0.402631E-01  0.162784E-01   0.00000    
   1.33538      0.625214E-01  0.251761E-02  0.145700E-05   0.00000      0.402680E-01  0.165792E-01   0.00000    
   1.34526      0.616083E-01  0.248114E-02  0.146679E-05   0.00000      0.402728E-01  0.169360E-01   0.00000    
   1.35521      0.607101E-01  0.244524E-02  0.148343E-05   0.00000      0.402773E-01  0.173795E-01   0.00000    
   1.36524      0.598229E-01  0.240977E-02  0.150566E-05   0.00000      0.402817E-01  0.178996E-01   0.00000    
   1.37534      0.589504E-01  0.237488E-02  0.153428E-05   0.00000      0.402861E-01  0.185079E-01   0.00000    
   1.38551      0.580905E-01  0.234047E-02  0.157256E-05   0.00000      0.402901E-01  0.192485E-01   0.00000    
   1.39576      0.572423E-01  0.230652E-02  0.162023E-05   0.00000      0.402939E-01  0.201239E-01   0.00000    
   1.40609      0.564066E-01  0.227305E-02  0.167283E-05   0.00000      0.402976E-01  0.210831E-01   0.00000    
   1.41649      0.555843E-01  0.224012E-02  0.172413E-05   0.00000      0.403013E-01  0.220491E-01   0.00000    
   1.42697      0.547728E-01  0.220764E-02  0.176874E-05   0.00000      0.403054E-01  0.229525E-01   0.00000    
   1.43753      0.539733E-01  0.217566E-02  0.180411E-05   0.00000      0.403099E-01  0.237555E-01   0.00000    
   1.44817      0.531863E-01  0.214420E-02  0.183055E-05   0.00000      0.403150E-01  0.244573E-01   0.00000    
   1.45888      0.524110E-01  0.211324E-02  0.184970E-05   0.00000      0.403206E-01  0.250752E-01   0.00000    
   1.46968      0.516460E-01  0.208270E-02  0.186450E-05   0.00000      0.403266E-01  0.256465E-01   0.00000    
   1.48055      0.508930E-01  0.205266E-02  0.187766E-05   0.00000      0.403328E-01  0.262055E-01   0.00000    
   1.49150      0.501507E-01  0.202304E-02  0.188942E-05   0.00000      0.403392E-01  0.267558E-01   0.00000    
   1.50254      0.494196E-01  0.199387E-02  0.189789E-05   0.00000      0.403458E-01  0.272688E-01   0.00000    
   1.51366      0.486991E-01  0.196513E-02  0.190175E-05   0.00000      0.403526E-01  0.277239E-01   0.00000    
   1.52486      0.479892E-01  0.193682E-02  0.190316E-05   0.00000      0.403596E-01  0.281500E-01   0.00000    
   1.53614      0.472893E-01  0.190891E-02  0.190523E-05   0.00000      0.403666E-01  0.285927E-01   0.00000    
   1.54750      0.465995E-01  0.188140E-02  0.190782E-05   0.00000      0.403738E-01  0.290502E-01   0.00000    
   1.55895      0.459211E-01  0.185435E-02  0.190665E-05   0.00000      0.403812E-01  0.294559E-01   0.00000    
   1.57049      0.452511E-01  0.182763E-02  0.190122E-05   0.00000      0.403887E-01  0.298014E-01   0.00000    
   1.58211      0.445917E-01  0.180133E-02  0.189529E-05   0.00000      0.403962E-01  0.301422E-01   0.00000    
   1.59381      0.439420E-01  0.177542E-02  0.188740E-05   0.00000      0.404038E-01  0.304547E-01   0.00000    
   1.60560      0.433014E-01  0.174989E-02  0.187541E-05   0.00000      0.404118E-01  0.307029E-01   0.00000    
   1.61748      0.426703E-01  0.172474E-02  0.186230E-05   0.00000      0.404202E-01  0.309327E-01   0.00000    
   1.62945      0.420490E-01  0.169998E-02  0.184934E-05   0.00000      0.404286E-01  0.311648E-01   0.00000    
   1.64151      0.414362E-01  0.167557E-02  0.183394E-05   0.00000      0.404374E-01  0.313556E-01   0.00000    
   1.65365      0.408323E-01  0.165153E-02  0.181540E-05   0.00000      0.404467E-01  0.314905E-01   0.00000    
   1.66588      0.402378E-01  0.162786E-02  0.179557E-05   0.00000      0.404561E-01  0.315992E-01   0.00000    
   1.67821      0.396513E-01  0.160451E-02  0.177417E-05   0.00000      0.404656E-01  0.316770E-01   0.00000    
   1.69063      0.390738E-01  0.158152E-02  0.174879E-05   0.00000      0.404752E-01  0.316779E-01   0.00000    
   1.70313      0.385047E-01  0.155887E-02  0.171962E-05   0.00000      0.404853E-01  0.316019E-01   0.00000    
   1.71574      0.379440E-01  0.153656E-02  0.168932E-05   0.00000      0.404956E-01  0.314958E-01   0.00000    
   1.72843      0.373916E-01  0.151459E-02  0.165756E-05   0.00000      0.405062E-01  0.313521E-01   0.00000    
   1.74122      0.368470E-01  0.149293E-02  0.162346E-05   0.00000      0.405170E-01  0.311525E-01   0.00000    
   1.75410      0.363110E-01  0.147162E-02  0.158984E-05   0.00000      0.405282E-01  0.309491E-01   0.00000    
   1.76708      0.357820E-01  0.145059E-02  0.155712E-05   0.00000      0.405397E-01  0.307517E-01   0.00000    
   1.78015      0.352609E-01  0.142989E-02  0.152220E-05   0.00000      0.405516E-01  0.304973E-01   0.00000    
   1.79332      0.347479E-01  0.140951E-02  0.148624E-05   0.00000      0.405640E-01  0.302074E-01   0.00000    
   1.80659      0.342419E-01  0.138942E-02  0.145316E-05   0.00000      0.405766E-01  0.299620E-01   0.00000    
   1.81996      0.337437E-01  0.136963E-02  0.142180E-05   0.00000      0.405894E-01  0.297390E-01   0.00000    
   1.83342      0.332527E-01  0.135014E-02  0.138976E-05   0.00000      0.406024E-01  0.294885E-01   0.00000    
   1.84699      0.327685E-01  0.133090E-02  0.135737E-05   0.00000      0.406154E-01  0.292175E-01   0.00000    
   1.86065      0.322921E-01  0.131197E-02  0.132485E-05   0.00000      0.406281E-01  0.289292E-01   0.00000    
   1.87442      0.318219E-01  0.129326E-02  0.129508E-05   0.00000      0.406406E-01  0.286882E-01   0.00000    
   1.88829      0.313594E-01  0.127484E-02  0.127382E-05   0.00000      0.406526E-01  0.286249E-01   0.00000    
   1.90226      0.309027E-01  0.125662E-02  0.126360E-05   0.00000      0.406639E-01  0.288070E-01   0.00000    
   1.91633      0.304537E-01  0.123869E-02  0.126300E-05   0.00000      0.406746E-01  0.292100E-01   0.00000    
   1.93051      0.300105E-01  0.122097E-02  0.127155E-05   0.00000      0.406847E-01  0.298348E-01   0.00000    
   1.94479      0.295740E-01  0.120348E-02  0.129402E-05   0.00000      0.406939E-01  0.308029E-01   0.00000    
   1.95918      0.291437E-01  0.118621E-02  0.133728E-05   0.00000      0.407020E-01  0.322965E-01   0.00000    
   1.97368      0.287204E-01  0.116917E-02  0.140212E-05   0.00000      0.407089E-01  0.343556E-01   0.00000    
   1.98828      0.283021E-01  0.115231E-02  0.148331E-05   0.00000      0.407145E-01  0.368770E-01   0.00000    
   2.00299      0.278911E-01  0.113569E-02  0.157757E-05   0.00000      0.407189E-01  0.397941E-01   0.00000    
   2.01781      0.274855E-01  0.111929E-02  0.167676E-05   0.00000      0.407230E-01  0.429161E-01   0.00000    
   2.03274      0.270859E-01  0.110318E-02  0.175413E-05   0.00000      0.407292E-01  0.455518E-01   0.00000    
   2.04778      0.266926E-01  0.108745E-02  0.178771E-05   0.00000      0.407398E-01  0.470956E-01   0.00000    
   2.06293      0.263048E-01  0.107202E-02  0.178897E-05   0.00000      0.407536E-01  0.478072E-01   0.00000    
   2.07819      0.259233E-01  0.105686E-02  0.177967E-05   0.00000      0.407686E-01  0.482410E-01   0.00000    
   2.09357      0.255468E-01  0.104191E-02  0.176857E-05   0.00000      0.407843E-01  0.486279E-01   0.00000    
   2.10906      0.251762E-01  0.102720E-02  0.175819E-05   0.00000      0.408003E-01  0.490348E-01   0.00000    
   2.12466      0.248110E-01  0.101269E-02  0.174991E-05   0.00000      0.408163E-01  0.495028E-01   0.00000    
   2.14038      0.244509E-01  0.998394E-03  0.174286E-05   0.00000      0.408326E-01  0.500097E-01   0.00000    
   2.15622      0.240965E-01  0.984324E-03  0.173299E-05   0.00000      0.408494E-01  0.504371E-01   0.00000    
   2.17217      0.237470E-01  0.970457E-03  0.171708E-05   0.00000      0.408666E-01  0.506880E-01   0.00000    
   2.18824      0.234025E-01  0.956796E-03  0.169607E-05   0.00000      0.408843E-01  0.507828E-01   0.00000    
   2.20443      0.230635E-01  0.943355E-03  0.167139E-05   0.00000      0.409025E-01  0.507569E-01   0.00000    
   2.22074      0.227292E-01  0.930104E-03  0.164571E-05   0.00000      0.409212E-01  0.506890E-01   0.00000    
   2.23717      0.223999E-01  0.917054E-03  0.162380E-05   0.00000      0.409402E-01  0.507259E-01   0.00000    
   2.25372      0.220752E-01  0.904186E-03  0.160453E-05   0.00000      0.409595E-01  0.508371E-01   0.00000    
   2.27040      0.217554E-01  0.891522E-03  0.158300E-05   0.00000      0.409793E-01  0.508676E-01   0.00000    
   2.28720      0.214405E-01  0.879048E-03  0.155837E-05   0.00000      0.409996E-01  0.507869E-01   0.00000    
   2.30412      0.211297E-01  0.866749E-03  0.153171E-05   0.00000      0.410205E-01  0.506261E-01   0.00000    
   2.32117      0.208239E-01  0.854663E-03  0.150369E-05   0.00000      0.410424E-01  0.504028E-01   0.00000    
   2.33834      0.205225E-01  0.842761E-03  0.147448E-05   0.00000      0.410653E-01  0.501219E-01   0.00000    
   2.35564      0.202254E-01  0.831048E-03  0.144379E-05   0.00000      0.410893E-01  0.497703E-01   0.00000    
   2.37307      0.199330E-01  0.819534E-03  0.141156E-05   0.00000      0.411145E-01  0.493430E-01   0.00000    
   2.39063      0.196444E-01  0.808188E-03  0.137753E-05   0.00000      0.411409E-01  0.488294E-01   0.00000    
   2.40831      0.193604E-01  0.797028E-03  0.134147E-05   0.00000      0.411681E-01  0.482168E-01   0.00000    
   2.42613      0.190804E-01  0.786028E-03  0.130309E-05   0.00000      0.411957E-01  0.474929E-01   0.00000    
   2.44408      0.188045E-01  0.775194E-03  0.126175E-05   0.00000      0.412239E-01  0.466289E-01   0.00000    
   2.46217      0.185326E-01  0.764519E-03  0.121702E-05   0.00000      0.412527E-01  0.456037E-01   0.00000    
   2.48038      0.182650E-01  0.754019E-03  0.116964E-05   0.00000      0.412822E-01  0.444390E-01   0.00000    
   2.49873      0.180010E-01  0.743652E-03  0.112274E-05   0.00000      0.413117E-01  0.432517E-01   0.00000    
   2.51722      0.177409E-01  0.733417E-03  0.108093E-05   0.00000      0.413405E-01  0.422220E-01   0.00000    
   2.53585      0.174848E-01  0.723320E-03  0.104688E-05   0.00000      0.413685E-01  0.414630E-01   0.00000    
   2.55461      0.172324E-01  0.713344E-03  0.102315E-05   0.00000      0.413956E-01  0.410896E-01   0.00000    
   2.57351      0.169834E-01  0.703439E-03  0.102626E-05   0.00000      0.414191E-01  0.417948E-01   0.00000    
   2.59255      0.167382E-01  0.693574E-03  0.107207E-05   0.00000      0.414366E-01  0.442817E-01   0.00000    
   2.61173      0.164964E-01  0.683782E-03  0.114705E-05   0.00000      0.414505E-01  0.480572E-01   0.00000    
   2.63105      0.162581E-01  0.674138E-03  0.122769E-05   0.00000      0.414648E-01  0.521715E-01   0.00000    
   2.65052      0.160236E-01  0.664675E-03  0.130410E-05   0.00000      0.414810E-01  0.562074E-01   0.00000    
   2.67013      0.157925E-01  0.655356E-03  0.137887E-05   0.00000      0.414981E-01  0.602749E-01   0.00000    
   2.68988      0.155646E-01  0.646155E-03  0.145929E-05   0.00000      0.415146E-01  0.646989E-01   0.00000    
   2.70979      0.153405E-01  0.637099E-03  0.154417E-05   0.00000      0.415308E-01  0.694351E-01   0.00000    
   2.72983      0.151192E-01  0.628206E-03  0.161499E-05   0.00000      0.415504E-01  0.736479E-01   0.00000    
   2.75003      0.149017E-01  0.619558E-03  0.165692E-05   0.00000      0.415765E-01  0.766146E-01   0.00000    
   2.77038      0.146875E-01  0.611100E-03  0.168031E-05   0.00000      0.416070E-01  0.787716E-01   0.00000    
   2.79088      0.144761E-01  0.602765E-03  0.169878E-05   0.00000      0.416388E-01  0.807386E-01   0.00000    
   2.81152      0.142683E-01  0.594572E-03  0.171425E-05   0.00000      0.416712E-01  0.825961E-01   0.00000    
   2.83233      0.140632E-01  0.586489E-03  0.172822E-05   0.00000      0.417041E-01  0.844169E-01   0.00000    
   2.85328      0.138613E-01  0.578533E-03  0.174266E-05   0.00000      0.417376E-01  0.862930E-01   0.00000    
   2.87439      0.136623E-01  0.570703E-03  0.175629E-05   0.00000      0.417722E-01  0.881614E-01   0.00000    
   2.89566      0.134662E-01  0.562995E-03  0.176899E-05   0.00000      0.418081E-01  0.900143E-01   0.00000    
   2.91708      0.132732E-01  0.555409E-03  0.178411E-05   0.00000      0.418446E-01  0.920237E-01   0.00000    
   2.93866      0.130827E-01  0.547921E-03  0.180172E-05   0.00000      0.418814E-01  0.942019E-01   0.00000    
   2.96041      0.128953E-01  0.540554E-03  0.181727E-05   0.00000      0.419190E-01  0.963098E-01   0.00000    
   2.98231      0.127105E-01  0.533296E-03  0.183121E-05   0.00000      0.419573E-01  0.983694E-01   0.00000    
   3.00437      0.125286E-01  0.526144E-03  0.184703E-05   0.00000      0.419958E-01  0.100568       0.00000    
   3.02660      0.123492E-01  0.519099E-03  0.186360E-05   0.00000      0.420353E-01  0.102847       0.00000    
   3.04900      0.121725E-01  0.512167E-03  0.187930E-05   0.00000      0.420761E-01  0.105118       0.00000    
   3.07155      0.119986E-01  0.505345E-03  0.189705E-05   0.00000      0.421174E-01  0.107543       0.00000    
   3.09428      0.118269E-01  0.498609E-03  0.191837E-05   0.00000      0.421591E-01  0.110221       0.00000    
   3.11717      0.116579E-01  0.491981E-03  0.194024E-05   0.00000      0.422018E-01  0.112979       0.00000    
   3.14024      0.114914E-01  0.485458E-03  0.196107E-05   0.00000      0.422458E-01  0.115726       0.00000    
   3.16347      0.113275E-01  0.479044E-03  0.198168E-05   0.00000      0.422907E-01  0.118508       0.00000    
   3.18687      0.111658E-01  0.472717E-03  0.200239E-05   0.00000      0.423364E-01  0.121349       0.00000    
   3.21045      0.110065E-01  0.466486E-03  0.202167E-05   0.00000      0.423831E-01  0.124155       0.00000    
   3.23421      0.108498E-01  0.460357E-03  0.203951E-05   0.00000      0.424306E-01  0.126917       0.00000    
   3.25814      0.106953E-01  0.454316E-03  0.205791E-05   0.00000      0.424786E-01  0.129765       0.00000    
   3.28224      0.105429E-01  0.448356E-03  0.207556E-05   0.00000      0.425273E-01  0.132618       0.00000    
   3.30653      0.103930E-01  0.442502E-03  0.209193E-05   0.00000      0.425773E-01  0.135432       0.00000    
   3.33099      0.102454E-01  0.436739E-03  0.211135E-05   0.00000      0.426282E-01  0.138493       0.00000    
   3.35563      0.101001E-01  0.431055E-03  0.213547E-05   0.00000      0.426787E-01  0.141922       0.00000    
   3.38046      0.995767E-02  0.425458E-03  0.216085E-05   0.00000      0.427272E-01  0.145498       0.00000    
   3.40547      0.981812E-02  0.419954E-03  0.218522E-05   0.00000      0.427740E-01  0.149067       0.00000    
   3.43067      0.968024E-02  0.414525E-03  0.220979E-05   0.00000      0.428223E-01  0.152718       0.00000    
   3.45605      0.954434E-02  0.409190E-03  0.223496E-05   0.00000      0.428731E-01  0.156471       0.00000    
   3.48162      0.941008E-02  0.403928E-03  0.225982E-05   0.00000      0.429257E-01  0.160272       0.00000    
   3.50738      0.927787E-02  0.398749E-03  0.228637E-05   0.00000      0.429793E-01  0.164261       0.00000    
   3.53333      0.914753E-02  0.393645E-03  0.231553E-05   0.00000      0.430336E-01  0.168513       0.00000    
   3.55947      0.901899E-02  0.388618E-03  0.234402E-05   0.00000      0.430897E-01  0.172793       0.00000    
   3.58581      0.889253E-02  0.383682E-03  0.237217E-05   0.00000      0.431474E-01  0.177117       0.00000    
   3.61234      0.876773E-02  0.378812E-03  0.240435E-05   0.00000      0.432061E-01  0.181828       0.00000    
   3.63906      0.864485E-02  0.374014E-03  0.244033E-05   0.00000      0.432653E-01  0.186916       0.00000    
   3.66599      0.852382E-02  0.369292E-03  0.247501E-05   0.00000      0.433257E-01  0.191996       0.00000    
   3.69311      0.840461E-02  0.364647E-03  0.250770E-05   0.00000      0.433875E-01  0.197010       0.00000    
   3.72043      0.828696E-02  0.360060E-03  0.254684E-05   0.00000      0.434500E-01  0.202634       0.00000    
   3.74796      0.817130E-02  0.355547E-03  0.260248E-05   0.00000      0.435129E-01  0.209689       0.00000    
   3.77569      0.805731E-02  0.351099E-03  0.267877E-05   0.00000      0.435765E-01  0.218570       0.00000    
   3.80363      0.794507E-02  0.346712E-03  0.277620E-05   0.00000      0.436400E-01  0.229386       0.00000    
   3.83177      0.783449E-02  0.342382E-03  0.289266E-05   0.00000      0.437034E-01  0.242030       0.00000    
   3.86012      0.772552E-02  0.338114E-03  0.302360E-05   0.00000      0.437677E-01  0.256178       0.00000    
   3.88868      0.761805E-02  0.333908E-03  0.316631E-05   0.00000      0.438331E-01  0.271648       0.00000    
   3.91745      0.751222E-02  0.329763E-03  0.332052E-05   0.00000      0.438991E-01  0.288457       0.00000    
   3.94643      0.740797E-02  0.325675E-03  0.348519E-05   0.00000      0.439653E-01  0.306562       0.00000    
   3.97563      0.730519E-02  0.321643E-03  0.365572E-05   0.00000      0.440323E-01  0.325591       0.00000    
   4.00504      0.720400E-02  0.317675E-03  0.382933E-05   0.00000      0.441001E-01  0.345312       0.00000    
   4.03468      0.710426E-02  0.313754E-03  0.400900E-05   0.00000      0.441678E-01  0.366030       0.00000    
   4.06453      0.700608E-02  0.309887E-03  0.419573E-05   0.00000      0.442352E-01  0.387855       0.00000    
   4.09460      0.690923E-02  0.306072E-03  0.438534E-05   0.00000      0.443036E-01  0.410433       0.00000    
   4.12489      0.681395E-02  0.302321E-03  0.457734E-05   0.00000      0.443730E-01  0.433715       0.00000    
   4.15541      0.671998E-02  0.298613E-03  0.477598E-05   0.00000      0.444423E-01  0.458152       0.00000    
   4.18616      0.662751E-02  0.294958E-03  0.498047E-05   0.00000      0.445114E-01  0.483684       0.00000    
   4.21713      0.653632E-02  0.291351E-03  0.518604E-05   0.00000      0.445813E-01  0.509877       0.00000    
   4.24833      0.644649E-02  0.287796E-03  0.539197E-05   0.00000      0.446517E-01  0.536667       0.00000    
   4.27976      0.635807E-02  0.284288E-03  0.560005E-05   0.00000      0.447216E-01  0.564248       0.00000    
   4.31143      0.627093E-02  0.280825E-03  0.580899E-05   0.00000      0.447917E-01  0.592509       0.00000    
   4.34332      0.618510E-02  0.277418E-03  0.601607E-05   0.00000      0.448632E-01  0.621159       0.00000    
   4.37546      0.610054E-02  0.274060E-03  0.622274E-05   0.00000      0.449355E-01  0.650360       0.00000    
   4.40783      0.601723E-02  0.270741E-03  0.643080E-05   0.00000      0.450070E-01  0.680333       0.00000    
   4.44044      0.593523E-02  0.267469E-03  0.663733E-05   0.00000      0.450785E-01  0.710761       0.00000    
   4.47330      0.585432E-02  0.264239E-03  0.684211E-05   0.00000      0.451508E-01  0.741634       0.00000    
   4.50639      0.577479E-02  0.261059E-03  0.704609E-05   0.00000      0.452232E-01  0.773030       0.00000    
   4.53974      0.569629E-02  0.257920E-03  0.724535E-05   0.00000      0.452965E-01  0.804550       0.00000    
   4.57332      0.561912E-02  0.254831E-03  0.743908E-05   0.00000      0.453701E-01  0.836056       0.00000    
   4.60716      0.554298E-02  0.251776E-03  0.763026E-05   0.00000      0.454434E-01  0.867929       0.00000    
   4.64125      0.546800E-02  0.248765E-03  0.781835E-05   0.00000      0.455172E-01  0.900067       0.00000    
   4.67559      0.539422E-02  0.245806E-03  0.800044E-05   0.00000      0.455925E-01  0.932095       0.00000    
   4.71018      0.532144E-02  0.242883E-03  0.817661E-05   0.00000      0.456682E-01  0.964061       0.00000    
   4.74503      0.524985E-02  0.239998E-03  0.834803E-05   0.00000      0.457429E-01  0.996079       0.00000    
   4.78013      0.517932E-02  0.237151E-03  0.851254E-05   0.00000      0.458175E-01   1.02788       0.00000    
   4.81550      0.510977E-02  0.234342E-03  0.866869E-05   0.00000      0.458929E-01   1.05925       0.00000    
   4.85113      0.504132E-02  0.231574E-03  0.881932E-05   0.00000      0.459684E-01   1.09051       0.00000    
   4.88702      0.497392E-02  0.228842E-03  0.896519E-05   0.00000      0.460438E-01   1.12174       0.00000    
   4.92318      0.490748E-02  0.226150E-03  0.910237E-05   0.00000      0.461201E-01   1.15243       0.00000    
   4.95960      0.484213E-02  0.223504E-03  0.923020E-05   0.00000      0.461976E-01   1.18242       0.00000    
   4.99630      0.477766E-02  0.220891E-03  0.935187E-05   0.00000      0.462756E-01   1.21214       0.00000    
   5.03326      0.471422E-02  0.218315E-03  0.946713E-05   0.00000      0.463535E-01   1.24152       0.00000    
   5.07050      0.465171E-02  0.215780E-03  0.957124E-05   0.00000      0.464330E-01   1.26988       0.00000    
   5.10802      0.459016E-02  0.213289E-03  0.966209E-05   0.00000      0.465142E-01   1.29687       0.00000    
   5.14581      0.452955E-02  0.210832E-03  0.974297E-05   0.00000      0.465956E-01   1.32294       0.00000    
   5.18388      0.446987E-02  0.208408E-03  0.981500E-05   0.00000      0.466768E-01   1.34818       0.00000    
   5.22224      0.441108E-02  0.206025E-03  0.987409E-05   0.00000      0.467598E-01   1.37195       0.00000    
   5.26087      0.435320E-02  0.203682E-03  0.991953E-05   0.00000      0.468446E-01   1.39408       0.00000    
   5.29980      0.429617E-02  0.201371E-03  0.995391E-05   0.00000      0.469294E-01   1.41494       0.00000    
   5.33901      0.424006E-02  0.199097E-03  0.997557E-05   0.00000      0.470152E-01   1.43417       0.00000    
   5.37851      0.418479E-02  0.196866E-03  0.998254E-05   0.00000      0.471037E-01   1.45141       0.00000    
   5.41830      0.413035E-02  0.194673E-03  0.997730E-05   0.00000      0.471942E-01   1.46697       0.00000    
   5.45839      0.407674E-02  0.192511E-03  0.996014E-05   0.00000      0.472850E-01   1.48086       0.00000    
   5.49878      0.402396E-02  0.190389E-03  0.992641E-05   0.00000      0.473781E-01   1.49228       0.00000    
   5.53946      0.397198E-02  0.188309E-03  0.987465E-05   0.00000      0.474744E-01   1.50088       0.00000    
   5.58044      0.392084E-02  0.186265E-03  0.980756E-05   0.00000      0.475722E-01   1.50703       0.00000    
   5.62173      0.387043E-02  0.184253E-03  0.972501E-05   0.00000      0.476715E-01   1.51066       0.00000    
   5.66332      0.382089E-02  0.182284E-03  0.962520E-05   0.00000      0.477737E-01   1.51130       0.00000    
   5.70522      0.377204E-02  0.180349E-03  0.951121E-05   0.00000      0.478784E-01   1.50943       0.00000    
   5.74744      0.372396E-02  0.178448E-03  0.938501E-05   0.00000      0.479851E-01   1.50527       0.00000    
   5.78996      0.367670E-02  0.176593E-03  0.924291E-05   0.00000      0.480960E-01   1.49807       0.00000    
   5.83280      0.363019E-02  0.174778E-03  0.908347E-05   0.00000      0.482108E-01   1.48753       0.00000    
   5.87595      0.358437E-02  0.172994E-03  0.890743E-05   0.00000      0.483275E-01   1.47377       0.00000    
   5.91943      0.353933E-02  0.171249E-03  0.871250E-05   0.00000      0.484472E-01   1.45624       0.00000    
   5.96322      0.349502E-02  0.169550E-03  0.849740E-05   0.00000      0.485728E-01   1.43455       0.00000    
   6.00734      0.345146E-02  0.167895E-03  0.826639E-05   0.00000      0.487035E-01   1.40936       0.00000    
   6.05179      0.340858E-02  0.166274E-03  0.802192E-05   0.00000      0.488379E-01   1.38105       0.00000    
   6.09656      0.336639E-02  0.164698E-03  0.776054E-05   0.00000      0.489785E-01   1.34889       0.00000    
   6.14167      0.332482E-02  0.163169E-03  0.748047E-05   0.00000      0.491277E-01   1.31244       0.00000    
   6.18711      0.328393E-02  0.161686E-03  0.718368E-05   0.00000      0.492841E-01   1.27199       0.00000    
   6.23289      0.324307E-02  0.160243E-03  0.686871E-05   0.00000      0.494563E-01   1.22722       0.00000    
   6.27900      0.320192E-02  0.158853E-03  0.653231E-05   0.00000      0.496537E-01   1.17739       0.00000    
   6.32546      0.316147E-02  0.157512E-03  0.617670E-05   0.00000      0.498606E-01   1.12283       0.00000    
   6.37226      0.312292E-02  0.156211E-03  0.580523E-05   0.00000      0.500554E-01   1.06414       0.00000    
   6.41940      0.308643E-02  0.154957E-03  0.541583E-05   0.00000      0.502366E-01   1.00085       0.00000    
   6.46690      0.305184E-02  0.153754E-03  0.500625E-05   0.00000      0.504074E-01  0.932451       0.00000    
   6.51474      0.301969E-02  0.152602E-03  0.458331E-05   0.00000      0.505586E-01  0.860162       0.00000    
   6.56294      0.298895E-02  0.151479E-03  0.415617E-05   0.00000      0.506989E-01  0.785822       0.00000    
   6.61150      0.295824E-02  0.150382E-03  0.372715E-05   0.00000      0.508505E-01  0.709879       0.00000    
   6.66042      0.292798E-02  0.149298E-03  0.330100E-05   0.00000      0.510025E-01  0.633306       0.00000    
   6.70970      0.289942E-02  0.148217E-03  0.288608E-05   0.00000      0.511293E-01  0.557760       0.00000    
   6.75934      0.287290E-02  0.147147E-03  0.248381E-05   0.00000      0.512262E-01  0.483524       0.00000    
   6.80935      0.284972E-02  0.146114E-03  0.209571E-05   0.00000      0.512783E-01  0.410868       0.00000    
   6.85973      0.282865E-02  0.145131E-03  0.172946E-05   0.00000      0.513112E-01  0.341367       0.00000    
   6.91048      0.280250E-02  0.144184E-03  0.138797E-05   0.00000      0.514508E-01  0.275766       0.00000    
   6.96161      0.276697E-02  0.143254E-03  0.106737E-05   0.00000      0.517742E-01  0.213449       0.00000    
   7.01312      0.272548E-02  0.142305E-03  0.765612E-06   0.00000      0.522136E-01  0.154126       0.00000    
   7.06500      0.266953E-02  0.141313E-03  0.481976E-06   0.00000      0.529360E-01  0.977088E-01   0.00000    
   7.11728      0.257002E-02  0.140241E-03  0.210610E-06   0.00000      0.545681E-01  0.430227E-01   0.00000    
   7.16993      0.245202E-02  0.139039E-03 -0.524014E-07   0.00000      0.567039E-01 -0.107969E-01   0.00000    
   7.22298      0.237867E-02  0.137660E-03 -0.293186E-06   0.00000      0.578730E-01 -0.610136E-01   0.00000    
   7.27642      0.234210E-02  0.136075E-03 -0.485043E-06   0.00000      0.581000E-01 -0.102116       0.00000    
   7.33026      0.230960E-02  0.134268E-03 -0.605777E-06   0.00000      0.581351E-01 -0.129250       0.00000    
   7.38449      0.227734E-02  0.132229E-03 -0.634487E-06   0.00000      0.580636E-01 -0.137463       0.00000    
   7.43913      0.224525E-02  0.129929E-03 -0.546497E-06   0.00000      0.578691E-01 -0.120495       0.00000    
   7.49417      0.221347E-02  0.127352E-03 -0.329818E-06   0.00000      0.575350E-01 -0.741929E-01   0.00000    
   7.54961      0.218215E-02  0.124501E-03  0.153356E-07   0.00000      0.570541E-01  0.352877E-02   0.00000    
   7.60547      0.215151E-02  0.121389E-03  0.489070E-06   0.00000      0.564208E-01  0.115420       0.00000    
   7.66174      0.212156E-02  0.118062E-03  0.107568E-05   0.00000      0.556510E-01  0.261007       0.00000    
   7.71843      0.209177E-02  0.114684E-03  0.172724E-05   0.00000      0.548325E-01  0.431431       0.00000    
   7.77553      0.206224E-02  0.111556E-03  0.236996E-05   0.00000      0.541068E-01  0.608521       0.00000    
   7.83306      0.203353E-02  0.108862E-03  0.293936E-05   0.00000      0.535527E-01  0.773332       0.00000    
   7.89102      0.200417E-02  0.106608E-03  0.339442E-05   0.00000      0.532200E-01  0.911845       0.00000    
   7.94940      0.197031E-02  0.104800E-03  0.370919E-05   0.00000      0.532230E-01   1.01351       0.00000    
   8.00821      0.193488E-02  0.103425E-03  0.388502E-05   0.00000      0.534904E-01   1.07562       0.00000    
   8.06746      0.190508E-02  0.102357E-03  0.396060E-05   0.00000      0.537684E-01   1.10795       0.00000    
   8.12715      0.187991E-02  0.101414E-03  0.399821E-05   0.00000      0.539882E-01   1.12884       0.00000    
   8.18728      0.185551E-02  0.100495E-03  0.403298E-05   0.00000      0.542037E-01   1.14906       0.00000    
   8.24786      0.183146E-02  0.995916E-04  0.406734E-05   0.00000      0.544235E-01   1.16934       0.00000    
   8.30888      0.180775E-02  0.987013E-04  0.410259E-05   0.00000      0.546461E-01   1.19009       0.00000    
   8.37035      0.178439E-02  0.978206E-04  0.414002E-05   0.00000      0.548694E-01   1.21173       0.00000    
   8.43228      0.176137E-02  0.969545E-04  0.417773E-05   0.00000      0.550960E-01   1.23366       0.00000    
   8.49467      0.173869E-02  0.961061E-04  0.421366E-05   0.00000      0.553282E-01   1.25523       0.00000    
   8.55752      0.171633E-02  0.952681E-04  0.424971E-05   0.00000      0.555620E-01   1.27708       0.00000    
   8.62083      0.169429E-02  0.944362E-04  0.428756E-05   0.00000      0.557953E-01   1.29977       0.00000    
   8.68462      0.167257E-02  0.936200E-04  0.432508E-05   0.00000      0.560333E-01   1.32254       0.00000    
   8.74887      0.165117E-02  0.928209E-04  0.436206E-05   0.00000      0.562774E-01   1.34530       0.00000    
   8.81360      0.163008E-02  0.920323E-04  0.440036E-05   0.00000      0.565232E-01   1.36871       0.00000    
   8.87881      0.160929E-02  0.912521E-04  0.443890E-05   0.00000      0.567705E-01   1.39246       0.00000    
   8.94450      0.158879E-02  0.904834E-04  0.447714E-05   0.00000      0.570209E-01   1.41635       0.00000    
   9.01068      0.156860E-02  0.897244E-04  0.451682E-05   0.00000      0.572729E-01   1.44095       0.00000    
   9.07734      0.154868E-02  0.889758E-04  0.455665E-05   0.00000      0.575278E-01   1.46584       0.00000    
   9.14450      0.152907E-02  0.882429E-04  0.459434E-05   0.00000      0.577884E-01   1.49020       0.00000    
   9.21216      0.150973E-02  0.875227E-04  0.463239E-05   0.00000      0.580534E-01   1.51486       0.00000    
   9.28032      0.149067E-02  0.868101E-04  0.467344E-05   0.00000      0.583202E-01   1.54078       0.00000    
   9.34898      0.147188E-02  0.861083E-04  0.471474E-05   0.00000      0.585900E-01   1.56701       0.00000    
   9.41815      0.145336E-02  0.854187E-04  0.475413E-05   0.00000      0.588642E-01   1.59281       0.00000    
   9.48783      0.143510E-02  0.847347E-04  0.479410E-05   0.00000      0.591390E-01   1.61911       0.00000    
   9.55803      0.141709E-02  0.840556E-04  0.483620E-05   0.00000      0.594136E-01   1.64646       0.00000    
   9.62875      0.139935E-02  0.833902E-04  0.487791E-05   0.00000      0.596940E-01   1.67385       0.00000    
   9.69999      0.138185E-02  0.827382E-04  0.491822E-05   0.00000      0.599805E-01   1.70092       0.00000    
   9.77175      0.136460E-02  0.820898E-04  0.495931E-05   0.00000      0.602665E-01   1.72861       0.00000    
   9.84405      0.134760E-02  0.814474E-04  0.500047E-05   0.00000      0.605524E-01   1.75664       0.00000    
   9.91688      0.133085E-02  0.808189E-04  0.503985E-05   0.00000      0.608454E-01   1.78417       0.00000    
   9.99025      0.131432E-02  0.802022E-04  0.507989E-05   0.00000      0.611441E-01   1.81209       0.00000    
   10.0642      0.129804E-02  0.795907E-04  0.512235E-05   0.00000      0.614431E-01   1.84120       0.00000    
   10.1386      0.128198E-02  0.789846E-04  0.516511E-05   0.00000      0.617432E-01   1.87074       0.00000    
   10.2136      0.126614E-02  0.783878E-04  0.520612E-05   0.00000      0.620475E-01   1.89986       0.00000    
   10.2892      0.125052E-02  0.777984E-04  0.524687E-05   0.00000      0.623544E-01   1.92914       0.00000    
   10.3653      0.123512E-02  0.772126E-04  0.528999E-05   0.00000      0.626610E-01   1.95966       0.00000    
   10.4420      0.121993E-02  0.766366E-04  0.533390E-05   0.00000      0.629723E-01   1.99068       0.00000    
   10.5193      0.120496E-02  0.760755E-04  0.537621E-05   0.00000      0.632926E-01   2.02117       0.00000    
   10.5971      0.119021E-02  0.755218E-04  0.541906E-05   0.00000      0.636158E-01   2.05211       0.00000    
   10.6755      0.117564E-02  0.749676E-04  0.546412E-05   0.00000      0.639368E-01   2.08436       0.00000    
   10.7545      0.116126E-02  0.744179E-04  0.550898E-05   0.00000      0.642590E-01   2.11687       0.00000    
   10.8341      0.114711E-02  0.738781E-04  0.555227E-05   0.00000      0.645854E-01   2.14898       0.00000    
   10.9142      0.113314E-02  0.733450E-04  0.559508E-05   0.00000      0.649151E-01   2.18116       0.00000    
   10.9950      0.111937E-02  0.728172E-04  0.563791E-05   0.00000      0.652467E-01   2.21366       0.00000    
   11.0763      0.110578E-02  0.722953E-04  0.568061E-05   0.00000      0.655811E-01   2.24640       0.00000    
   11.1583      0.109237E-02  0.717772E-04  0.572443E-05   0.00000      0.659161E-01   2.27992       0.00000    
   11.2408      0.107915E-02  0.712645E-04  0.576885E-05   0.00000      0.662534E-01   2.31400       0.00000    
   11.3240      0.106611E-02  0.707626E-04  0.581150E-05   0.00000      0.665982E-01   2.34749       0.00000    
   11.4078      0.105325E-02  0.702674E-04  0.585373E-05   0.00000      0.669460E-01   2.38106       0.00000    
   11.4922      0.104055E-02  0.697698E-04  0.589802E-05   0.00000      0.672903E-01   2.41602       0.00000    
   11.5772      0.102803E-02  0.692761E-04  0.594246E-05   0.00000      0.676345E-01   2.45140       0.00000    
   11.6629      0.101567E-02  0.687929E-04  0.598453E-05   0.00000      0.679873E-01   2.48592       0.00000    
   11.7492      0.100349E-02  0.683163E-04  0.602684E-05   0.00000      0.683434E-01   2.52078       0.00000    
   11.8361      0.991466E-03  0.678394E-04  0.607179E-05   0.00000      0.686969E-01   2.55724       0.00000    
   11.9237      0.979611E-03  0.673678E-04  0.611640E-05   0.00000      0.690528E-01   2.59386       0.00000    
   12.0119      0.967902E-03  0.669028E-04  0.615923E-05   0.00000      0.694138E-01   2.62998       0.00000    
   12.1007      0.956354E-03  0.664400E-04  0.620232E-05   0.00000      0.697742E-01   2.66661       0.00000    
   12.1903      0.944951E-03  0.659794E-04  0.624553E-05   0.00000      0.701352E-01   2.70372       0.00000    
   12.2805      0.933716E-03  0.655258E-04  0.628715E-05   0.00000      0.704997E-01   2.74035       0.00000    
   12.3713      0.922609E-03  0.650759E-04  0.632745E-05   0.00000      0.708673E-01   2.77676       0.00000    
   12.4629      0.911663E-03  0.646286E-04  0.636794E-05   0.00000      0.712342E-01   2.81363       0.00000    
   12.5551      0.900846E-03  0.641851E-04  0.640844E-05   0.00000      0.716040E-01   2.85085       0.00000    
   12.6480      0.890176E-03  0.637498E-04  0.644754E-05   0.00000      0.719802E-01   2.88758       0.00000    
   12.7415      0.879653E-03  0.633194E-04  0.648614E-05   0.00000      0.723590E-01   2.92436       0.00000    
   12.8358      0.869248E-03  0.628882E-04  0.652522E-05   0.00000      0.727363E-01   2.96187       0.00000    
   12.9308      0.858987E-03  0.624615E-04  0.656243E-05   0.00000      0.731156E-01   2.99885       0.00000    
   13.0264      0.848864E-03  0.620420E-04  0.659675E-05   0.00000      0.735002E-01   3.03465       0.00000    
   13.1228      0.838858E-03  0.616234E-04  0.663118E-05   0.00000      0.738852E-01   3.07093       0.00000    
   13.2199      0.828990E-03  0.612047E-04  0.666739E-05   0.00000      0.742672E-01   3.10853       0.00000    
   13.3177      0.819248E-03  0.607907E-04  0.670317E-05   0.00000      0.746528E-01   3.14619       0.00000    
   13.4163      0.809617E-03  0.603826E-04  0.673675E-05   0.00000      0.750444E-01   3.18302       0.00000    
   13.5155      0.800123E-03  0.599777E-04  0.676899E-05   0.00000      0.754365E-01   3.21954       0.00000    
   13.6155      0.790749E-03  0.595752E-04  0.680026E-05   0.00000      0.758294E-01   3.25595       0.00000    
   13.7162      0.781487E-03  0.591779E-04  0.682932E-05   0.00000      0.762274E-01   3.29150       0.00000    
   13.8177      0.772336E-03  0.587832E-04  0.685670E-05   0.00000      0.766270E-01   3.32657       0.00000    
   13.9200      0.763304E-03  0.583866E-04  0.688434E-05   0.00000      0.770219E-01   3.36233       0.00000    
   14.0229      0.754367E-03  0.579901E-04  0.691162E-05   0.00000      0.774166E-01   3.39840       0.00000    
   14.1267      0.745549E-03  0.575976E-04  0.693675E-05   0.00000      0.778135E-01   3.43366       0.00000    
   14.2312      0.736841E-03  0.572065E-04  0.696008E-05   0.00000      0.782101E-01   3.46843       0.00000    
   14.3365      0.728238E-03  0.568202E-04  0.698099E-05   0.00000      0.786109E-01   3.50216       0.00000    
   14.4426      0.719742E-03  0.564427E-04  0.699833E-05   0.00000      0.790213E-01   3.53401       0.00000    
   14.5494      0.711361E-03  0.560681E-04  0.701428E-05   0.00000      0.794325E-01   3.56541       0.00000    
   14.6571      0.703054E-03  0.556898E-04  0.703065E-05   0.00000      0.798400E-01   3.59767       0.00000    
   14.7655      0.694874E-03  0.553145E-04  0.704569E-05   0.00000      0.802469E-01   3.62948       0.00000    
   14.8748      0.686767E-03  0.549434E-04  0.705836E-05   0.00000      0.806603E-01   3.66024       0.00000    
   14.9848      0.678780E-03  0.545742E-04  0.707059E-05   0.00000      0.810724E-01   3.69104       0.00000    
   15.0957      0.670866E-03  0.542061E-04  0.708205E-05   0.00000      0.814869E-01   3.72177       0.00000    
   15.2074      0.663071E-03  0.538465E-04  0.709024E-05   0.00000      0.819087E-01   3.75064       0.00000    
   15.3199      0.655348E-03  0.534895E-04  0.709616E-05   0.00000      0.823351E-01   3.77850       0.00000    
   15.4332      0.647723E-03  0.531293E-04  0.710158E-05   0.00000      0.827541E-01   3.80669       0.00000    
   15.5474      0.640177E-03  0.527680E-04  0.710487E-05   0.00000      0.831711E-01   3.83419       0.00000    
   15.6625      0.632720E-03  0.524123E-04  0.710436E-05   0.00000      0.835939E-01   3.85963       0.00000    
   15.7783      0.625353E-03  0.520586E-04  0.710180E-05   0.00000      0.840178E-01   3.88415       0.00000    
   15.8951      0.618067E-03  0.517031E-04  0.709876E-05   0.00000      0.844378E-01   3.90887       0.00000    
   16.0127      0.610858E-03  0.513513E-04  0.709313E-05   0.00000      0.848624E-01   3.93224       0.00000    
   16.1311      0.603736E-03  0.510061E-04  0.708346E-05   0.00000      0.852950E-01   3.95318       0.00000    
   16.2505      0.596697E-03  0.506622E-04  0.707194E-05   0.00000      0.857275E-01   3.97329       0.00000    
   16.3707      0.589733E-03  0.503168E-04  0.705976E-05   0.00000      0.861571E-01   3.99341       0.00000    
   16.4918      0.582845E-03  0.499745E-04  0.704479E-05   0.00000      0.865901E-01   4.01199       0.00000    
   16.6139      0.576033E-03  0.496343E-04  0.702705E-05   0.00000      0.870249E-01   4.02909       0.00000    
   16.7368      0.569289E-03  0.492910E-04  0.700895E-05   0.00000      0.874544E-01   4.04647       0.00000    
   16.8606      0.562620E-03  0.489478E-04  0.698971E-05   0.00000      0.878823E-01   4.06343       0.00000    
   16.9854      0.556026E-03  0.486102E-04  0.696686E-05   0.00000      0.883176E-01   4.07807       0.00000    
   17.1110      0.549507E-03  0.482762E-04  0.694154E-05   0.00000      0.887571E-01   4.09119       0.00000    
   17.2376      0.543052E-03  0.479399E-04  0.691629E-05   0.00000      0.891928E-01   4.10471       0.00000    
   17.3652      0.536664E-03  0.476025E-04  0.688994E-05   0.00000      0.896251E-01   4.11787       0.00000    
   17.4936      0.530341E-03  0.472656E-04  0.686080E-05   0.00000      0.900569E-01   4.12952       0.00000    
   17.6231      0.524085E-03  0.469272E-04  0.683010E-05   0.00000      0.904846E-01   4.14054       0.00000    
   17.7535      0.517890E-03  0.465899E-04  0.679759E-05   0.00000      0.909135E-01   4.15051       0.00000    
   17.8848      0.511773E-03  0.462581E-04  0.676194E-05   0.00000      0.913486E-01   4.15826       0.00000    
   18.0171      0.505708E-03  0.459260E-04  0.672455E-05   0.00000      0.917836E-01   4.16507       0.00000    
   18.1504      0.499704E-03  0.455913E-04  0.668656E-05   0.00000      0.922126E-01   4.17185       0.00000    
   18.2847      0.493768E-03  0.452591E-04  0.664637E-05   0.00000      0.926438E-01   4.17712       0.00000    
   18.4200      0.487892E-03  0.449306E-04  0.660319E-05   0.00000      0.930806E-01   4.18029       0.00000    
   18.5563      0.482072E-03  0.445992E-04  0.655936E-05   0.00000      0.935108E-01   4.18335       0.00000    
   18.6936      0.476305E-03  0.442637E-04  0.651543E-05   0.00000      0.939327E-01   4.18678       0.00000    
   18.8319      0.470601E-03  0.439315E-04  0.646873E-05   0.00000      0.943584E-01   4.18819       0.00000    
   18.9712      0.464956E-03  0.436023E-04  0.641961E-05   0.00000      0.947882E-01   4.18777       0.00000    
   19.1116      0.459364E-03  0.432701E-04  0.637076E-05   0.00000      0.952112E-01   4.18781       0.00000    
   19.2530      0.453820E-03  0.429364E-04  0.632137E-05   0.00000      0.956309E-01   4.18764       0.00000    
   19.3954      0.448342E-03  0.426068E-04  0.626950E-05   0.00000      0.960553E-01   4.18544       0.00000    
   19.5389      0.442911E-03  0.422766E-04  0.621680E-05   0.00000      0.964782E-01   4.18271       0.00000    
   19.6835      0.437530E-03  0.419408E-04  0.616465E-05   0.00000      0.968880E-01   4.18086       0.00000    
   19.8291      0.432205E-03  0.416043E-04  0.611094E-05   0.00000      0.972936E-01   4.17799       0.00000    
   19.9758      0.426933E-03  0.412717E-04  0.605467E-05   0.00000      0.977049E-01   4.17296       0.00000    
   20.1236      0.421712E-03  0.409378E-04  0.599841E-05   0.00000      0.981117E-01   4.16798       0.00000    
   20.2725      0.416537E-03  0.405995E-04  0.594340E-05   0.00000      0.985079E-01   4.16422       0.00000    
   20.4225      0.411413E-03  0.402630E-04  0.588715E-05   0.00000      0.989059E-01   4.15934       0.00000    
   20.5736      0.406345E-03  0.399307E-04  0.582863E-05   0.00000      0.993093E-01   4.15237       0.00000    
   20.7258      0.401321E-03  0.395961E-04  0.576989E-05   0.00000      0.997065E-01   4.14536       0.00000    
   20.8792      0.396348E-03  0.392591E-04  0.571104E-05   0.00000      0.100095       4.13839       0.00000    
   21.0336      0.391424E-03  0.389252E-04  0.564981E-05   0.00000      0.100487       4.12927       0.00000    
   21.1893      0.386550E-03  0.385917E-04  0.558716E-05   0.00000      0.100877       4.11892       0.00000    
   21.3460      0.381720E-03  0.382526E-04  0.552568E-05   0.00000      0.101251       4.10983       0.00000    
   21.5040      0.376932E-03  0.379109E-04  0.546486E-05   0.00000      0.101617       4.10134       0.00000    
   21.6631      0.372192E-03  0.375721E-04  0.540313E-05   0.00000      0.101987       4.09171       0.00000    
   21.8233      0.367499E-03  0.372329E-04  0.534135E-05   0.00000      0.102352       4.08192       0.00000    
   21.9848      0.362848E-03  0.368903E-04  0.528024E-05   0.00000      0.102705       4.07281       0.00000    
   22.1475      0.358245E-03  0.365497E-04  0.521822E-05   0.00000      0.103059       4.06262       0.00000    
   22.3113      0.353693E-03  0.362115E-04  0.515580E-05   0.00000      0.103414       4.05166       0.00000    
   22.4764      0.349182E-03  0.358709E-04  0.509435E-05   0.00000      0.103759       4.04152       0.00000    
   22.6427      0.344712E-03  0.355299E-04  0.503237E-05   0.00000      0.104100       4.03081       0.00000    
   22.8102      0.340293E-03  0.351912E-04  0.496950E-05   0.00000      0.104441       4.01892       0.00000    
   22.9790      0.335913E-03  0.348515E-04  0.490772E-05   0.00000      0.104775       4.00779       0.00000    
   23.1490      0.331578E-03  0.345099E-04  0.484690E-05   0.00000      0.105099       3.99743       0.00000    
   23.3203      0.327288E-03  0.341704E-04  0.478497E-05   0.00000      0.105423       3.98573       0.00000    
   23.4928      0.323039E-03  0.338330E-04  0.472226E-05   0.00000      0.105749       3.97288       0.00000    
   23.6666      0.318831E-03  0.334929E-04  0.466122E-05   0.00000      0.106062       3.96149       0.00000    
   23.8417      0.314662E-03  0.331505E-04  0.460170E-05   0.00000      0.106363       3.95143       0.00000    
   24.0181      0.310540E-03  0.328109E-04  0.454114E-05   0.00000      0.106665       3.93993       0.00000    
   24.1958      0.306464E-03  0.324735E-04  0.447972E-05   0.00000      0.106965       3.92719       0.00000    
   24.3748      0.302426E-03  0.321339E-04  0.441932E-05   0.00000      0.107254       3.91533       0.00000    
   24.5552      0.298430E-03  0.317939E-04  0.435900E-05   0.00000      0.107534       3.90334       0.00000    
   24.7368      0.294475E-03  0.314575E-04  0.429723E-05   0.00000      0.107818       3.88935       0.00000    
   24.9199      0.290565E-03  0.311219E-04  0.423591E-05   0.00000      0.108096       3.87537       0.00000    
   25.1042      0.286689E-03  0.307831E-04  0.417690E-05   0.00000      0.108358       3.86358       0.00000    
   25.2900      0.282854E-03  0.304451E-04  0.411872E-05   0.00000      0.108616       3.85220       0.00000    
   25.4771      0.279068E-03  0.301110E-04  0.406015E-05   0.00000      0.108875       3.83971       0.00000    
   25.6656      0.275319E-03  0.297781E-04  0.400186E-05   0.00000      0.109131       3.82704       0.00000    
   25.8555      0.271609E-03  0.294453E-04  0.394407E-05   0.00000      0.109379       3.81455       0.00000    
   26.0468      0.267942E-03  0.291147E-04  0.388623E-05   0.00000      0.109624       3.80145       0.00000    
   26.2395      0.264312E-03  0.287854E-04  0.382898E-05   0.00000      0.109866       3.78846       0.00000    
   26.4336      0.260720E-03  0.284542E-04  0.377374E-05   0.00000      0.110093       3.77738       0.00000    
   26.6292      0.257161E-03  0.281232E-04  0.371952E-05   0.00000      0.110312       3.76706       0.00000    
   26.8262      0.253654E-03  0.277982E-04  0.366388E-05   0.00000      0.110539       3.75423       0.00000    
   27.0247      0.250186E-03  0.274752E-04  0.360789E-05   0.00000      0.110762       3.74048       0.00000    
   27.2246      0.246747E-03  0.271481E-04  0.355391E-05   0.00000      0.110963       3.72904       0.00000    
   27.4261      0.243346E-03  0.268211E-04  0.350126E-05   0.00000      0.111153       3.71870       0.00000    
   27.6290      0.239984E-03  0.264975E-04  0.344923E-05   0.00000      0.111345       3.70831       0.00000    
   27.8334      0.236660E-03  0.261753E-04  0.339796E-05   0.00000      0.111531       3.69826       0.00000    
   28.0393      0.233376E-03  0.258564E-04  0.334635E-05   0.00000      0.111717       3.68713       0.00000    
   28.2468      0.230137E-03  0.255423E-04  0.329436E-05   0.00000      0.111907       3.67462       0.00000    
   28.4558      0.226930E-03  0.252279E-04  0.324389E-05   0.00000      0.112086       3.66355       0.00000    
   28.6663      0.223758E-03  0.249122E-04  0.319509E-05   0.00000      0.112247       3.65427       0.00000    
   28.8784      0.220624E-03  0.245996E-04  0.314615E-05   0.00000      0.112408       3.64412       0.00000    
   29.0921      0.217530E-03  0.242907E-04  0.309713E-05   0.00000      0.112570       3.63308       0.00000    
   29.3073      0.214467E-03  0.239826E-04  0.304938E-05   0.00000      0.112725       3.62312       0.00000    
   29.5241      0.211441E-03  0.236763E-04  0.300252E-05   0.00000      0.112872       3.61370       0.00000    
   29.7426      0.208455E-03  0.233743E-04  0.295525E-05   0.00000      0.113024       3.60289       0.00000    
   29.9626      0.205504E-03  0.230750E-04  0.290805E-05   0.00000      0.113173       3.59145       0.00000    
   30.1843      0.202583E-03  0.227747E-04  0.286230E-05   0.00000      0.113306       3.58165       0.00000    
   30.4076      0.199699E-03  0.224757E-04  0.281760E-05   0.00000      0.113428       3.57273       0.00000    
   30.6326      0.196851E-03  0.221809E-04  0.277267E-05   0.00000      0.113555       3.56257       0.00000    
   30.8592      0.194040E-03  0.218891E-04  0.272812E-05   0.00000      0.113680       3.55217       0.00000    
   31.0876      0.191261E-03  0.215980E-04  0.268514E-05   0.00000      0.113794       3.54341       0.00000    
   31.3176      0.188518E-03  0.213094E-04  0.264297E-05   0.00000      0.113902       3.53511       0.00000    
   31.5493      0.185811E-03  0.210245E-04  0.260084E-05   0.00000      0.114012       3.52599       0.00000    
   31.7827      0.183133E-03  0.207410E-04  0.255972E-05   0.00000      0.114115       3.51776       0.00000    
   32.0178      0.180490E-03  0.204581E-04  0.252002E-05   0.00000      0.114204       3.51115       0.00000    
   32.2547      0.177881E-03  0.201788E-04  0.248021E-05   0.00000      0.114294       3.50359       0.00000    
   32.4934      0.175307E-03  0.199041E-04  0.243990E-05   0.00000      0.114388       3.49431       0.00000    
   32.7338      0.172764E-03  0.196301E-04  0.240076E-05   0.00000      0.114470       3.48633       0.00000    
   32.9760      0.170250E-03  0.193569E-04  0.236299E-05   0.00000      0.114541       3.47996       0.00000    
   33.2199      0.167772E-03  0.190885E-04  0.232489E-05   0.00000      0.114617       3.47208       0.00000    
   33.4657      0.165326E-03  0.188238E-04  0.228667E-05   0.00000      0.114696       3.46310       0.00000    
   33.7133      0.162910E-03  0.185597E-04  0.224957E-05   0.00000      0.114760       3.45547       0.00000    
   33.9628      0.160524E-03  0.182971E-04  0.221328E-05   0.00000      0.114815       3.44859       0.00000    
   34.2140      0.158169E-03  0.180379E-04  0.217732E-05   0.00000      0.114869       3.44138       0.00000    
   34.4672      0.155845E-03  0.177811E-04  0.214222E-05   0.00000      0.114920       3.43487       0.00000    
   34.7222      0.153551E-03  0.175271E-04  0.210797E-05   0.00000      0.114968       3.42899       0.00000    
   34.9791      0.151291E-03  0.172773E-04  0.207376E-05   0.00000      0.115019       3.42219       0.00000    
   35.2379      0.149059E-03  0.170295E-04  0.204001E-05   0.00000      0.115064       3.41553       0.00000    
   35.4986      0.146854E-03  0.167826E-04  0.200728E-05   0.00000      0.115095       3.41022       0.00000    
   35.7612      0.144678E-03  0.165389E-04  0.197460E-05   0.00000      0.115127       3.40419       0.00000    
   36.0258      0.142534E-03  0.162991E-04  0.194176E-05   0.00000      0.115161       3.39689       0.00000    
   36.2924      0.140417E-03  0.160608E-04  0.190988E-05   0.00000      0.115186       3.39075       0.00000    
   36.5609      0.138327E-03  0.158245E-04  0.187899E-05   0.00000      0.115203       3.38579       0.00000    
   36.8314      0.136267E-03  0.155921E-04  0.184803E-05   0.00000      0.115224       3.37968       0.00000    
   37.1039      0.134236E-03  0.153631E-04  0.181696E-05   0.00000      0.115246       3.37244       0.00000    
   37.3784      0.132232E-03  0.151353E-04  0.178654E-05   0.00000      0.115254       3.36598       0.00000    
   37.6550      0.130253E-03  0.149091E-04  0.175668E-05   0.00000      0.115254       3.35999       0.00000    
   37.9336      0.128302E-03  0.146868E-04  0.172682E-05   0.00000      0.115259       3.35293       0.00000    
   38.2142      0.126380E-03  0.144675E-04  0.169759E-05   0.00000      0.115262       3.34619       0.00000    
   38.4969      0.124481E-03  0.142495E-04  0.166951E-05   0.00000      0.115254       3.34124       0.00000    
   38.7818      0.122608E-03  0.140342E-04  0.164185E-05   0.00000      0.115245       3.33632       0.00000    
   39.0687      0.120763E-03  0.138227E-04  0.161439E-05   0.00000      0.115239       3.33078       0.00000    
   39.3578      0.118941E-03  0.136129E-04  0.158775E-05   0.00000      0.115227       3.32635       0.00000    
   39.6490      0.117145E-03  0.134052E-04  0.156159E-05   0.00000      0.115207       3.32227       0.00000    
   39.9423      0.115376E-03  0.132016E-04  0.153527E-05   0.00000      0.115194       3.31668       0.00000    
   40.2378      0.113630E-03  0.130010E-04  0.150934E-05   0.00000      0.115183       3.31104       0.00000    
   40.5355      0.111908E-03  0.128014E-04  0.148425E-05   0.00000      0.115158       3.30680       0.00000    
   40.8354      0.110210E-03  0.126038E-04  0.145941E-05   0.00000      0.115126       3.30246       0.00000    
   41.1376      0.108537E-03  0.124100E-04  0.143439E-05   0.00000      0.115100       3.29659       0.00000    
   41.4419      0.106886E-03  0.122185E-04  0.140986E-05   0.00000      0.115071       3.29106       0.00000    
   41.7485      0.105258E-03  0.120280E-04  0.138652E-05   0.00000      0.115029       3.28784       0.00000    
   42.0574      0.103652E-03  0.118400E-04  0.136359E-05   0.00000      0.114983       3.28486       0.00000    
   42.3686      0.102071E-03  0.116558E-04  0.134037E-05   0.00000      0.114946       3.27998       0.00000    
   42.6821      0.100512E-03  0.114743E-04  0.131757E-05   0.00000      0.114908       3.27525       0.00000    
   42.9978      0.989739E-04  0.112939E-04  0.129569E-05   0.00000      0.114858       3.27231       0.00000    
   43.3160      0.974576E-04  0.111159E-04  0.127400E-05   0.00000      0.114806       3.26909       0.00000    
   43.6365      0.959647E-04  0.109413E-04  0.125211E-05   0.00000      0.114758       3.26422       0.00000    
   43.9593      0.944923E-04  0.107688E-04  0.123082E-05   0.00000      0.114707       3.26015       0.00000    
   44.2845      0.930393E-04  0.105977E-04  0.121049E-05   0.00000      0.114646       3.25809       0.00000    
   44.6122      0.916081E-04  0.104293E-04  0.119058E-05   0.00000      0.114586       3.25628       0.00000    
   44.9423      0.901970E-04  0.102631E-04  0.117099E-05   0.00000      0.114523       3.25459       0.00000    
   45.2748      0.888066E-04  0.100986E-04  0.115154E-05   0.00000      0.114451       3.25266       0.00000    
   45.6097      0.874371E-04  0.993668E-05  0.113195E-05   0.00000      0.114379       3.24945       0.00000    
   45.9472      0.860874E-04  0.977723E-05  0.111270E-05   0.00000      0.114306       3.24630       0.00000    
   46.2871      0.847558E-04  0.961969E-05  0.109420E-05   0.00000      0.114231       3.24463       0.00000    
   46.6296      0.834439E-04  0.946455E-05  0.107597E-05   0.00000      0.114155       3.24288       0.00000    
   46.9746      0.821529E-04  0.931236E-05  0.105738E-05   0.00000      0.114083       3.23898       0.00000    
   47.3221      0.808788E-04  0.916157E-05  0.103901E-05   0.00000      0.114001       3.23512       0.00000    
   47.6723      0.796218E-04  0.901147E-05  0.102150E-05   0.00000      0.113903       3.23359       0.00000    
   48.0250      0.783841E-04  0.886415E-05  0.100431E-05   0.00000      0.113810       3.23204       0.00000    
   48.3803      0.771659E-04  0.872016E-05  0.987153E-06   0.00000      0.113727       3.22929       0.00000    
   48.7382      0.759652E-04  0.857757E-05  0.970488E-06   0.00000      0.113635       3.22757       0.00000    
   49.0988      0.747807E-04  0.843619E-05  0.954284E-06   0.00000      0.113532       3.22687       0.00000    
   49.4621      0.736135E-04  0.829759E-05  0.938054E-06   0.00000      0.113436       3.22499       0.00000    
   49.8281      0.724644E-04  0.816135E-05  0.921983E-06   0.00000      0.113342       3.22267       0.00000    
   50.1967      0.713315E-04  0.802630E-05  0.906409E-06   0.00000      0.113236       3.22156       0.00000    
   50.5681      0.702147E-04  0.789328E-05  0.891068E-06   0.00000      0.113130       3.22041       0.00000    
   50.9423      0.691163E-04  0.776320E-05  0.875643E-06   0.00000      0.113033       3.21771       0.00000    
   51.3192      0.680337E-04  0.763520E-05  0.860312E-06   0.00000      0.112937       3.21440       0.00000    
   51.6988      0.669659E-04  0.750830E-05  0.845392E-06   0.00000      0.112830       3.21206       0.00000    
   52.0813      0.659135E-04  0.738294E-05  0.830736E-06   0.00000      0.112716       3.20999       0.00000    
   52.4667      0.648778E-04  0.726004E-05  0.816030E-06   0.00000      0.112608       3.20657       0.00000    
   52.8549      0.638574E-04  0.713888E-05  0.801628E-06   0.00000      0.112497       3.20346       0.00000    
   53.2459      0.628497E-04  0.701832E-05  0.788413E-06   0.00000      0.112371       3.20477       0.00000    
   53.6399      0.618558E-04  0.689907E-05  0.776627E-06   0.00000      0.112239       3.21137       0.00000    
   54.0367      0.608766E-04  0.678214E-05  0.765826E-06   0.00000      0.112116       3.22122       0.00000    
   54.4365      0.599110E-04  0.666694E-05  0.755949E-06   0.00000      0.111994       3.23450       0.00000    
   54.8393      0.589591E-04  0.655296E-05  0.746994E-06   0.00000      0.111864       3.25163       0.00000    
   55.2450      0.580202E-04  0.644044E-05  0.738630E-06   0.00000      0.111731       3.27123       0.00000    
   55.6538      0.570940E-04  0.632918E-05  0.730631E-06   0.00000      0.111592       3.29249       0.00000    
   56.0655      0.561818E-04  0.621936E-05  0.722828E-06   0.00000      0.111446       3.31465       0.00000    
   56.4803      0.552828E-04  0.611172E-05  0.715206E-06   0.00000      0.111308       3.33726       0.00000    
   56.8982      0.543970E-04  0.600602E-05  0.708033E-06   0.00000      0.111175       3.36170       0.00000    
   57.3192      0.535228E-04  0.590110E-05  0.701528E-06   0.00000      0.111030       3.38978       0.00000    
   57.7433      0.526615E-04  0.579723E-05  0.695401E-06   0.00000      0.110874       3.42009       0.00000    
   58.1705      0.518132E-04  0.569547E-05  0.689257E-06   0.00000      0.110725       3.45015       0.00000    
   58.6009      0.509772E-04  0.559535E-05  0.683302E-06   0.00000      0.110577       3.48123       0.00000    
   59.0344      0.501526E-04  0.549592E-05  0.677795E-06   0.00000      0.110414       3.51531       0.00000    
   59.4712      0.493399E-04  0.539784E-05  0.672374E-06   0.00000      0.110247       3.55020       0.00000    
   59.9112      0.485397E-04  0.530180E-05  0.666771E-06   0.00000      0.110087       3.58403       0.00000    
   60.3545      0.477507E-04  0.520679E-05  0.661384E-06   0.00000      0.109917       3.61956       0.00000    
   60.8010      0.469722E-04  0.511227E-05  0.656329E-06   0.00000      0.109729       3.65790       0.00000    
   61.2509      0.462057E-04  0.501918E-05  0.651238E-06   0.00000      0.109537       3.69641       0.00000    
   61.7040      0.454505E-04  0.492801E-05  0.646106E-06   0.00000      0.109354       3.73469       0.00000    
   62.1606      0.447064E-04  0.483835E-05  0.641156E-06   0.00000      0.109171       3.77429       0.00000    
   62.6205      0.439725E-04  0.474990E-05  0.636233E-06   0.00000      0.108984       3.81458       0.00000    
   63.0838      0.432502E-04  0.466303E-05  0.631026E-06   0.00000      0.108798       3.85338       0.00000    
   63.5505      0.425379E-04  0.457746E-05  0.625774E-06   0.00000      0.108610       3.89226       0.00000    
   64.0207      0.418351E-04  0.449264E-05  0.620823E-06   0.00000      0.108410       3.93385       0.00000    
   64.4944      0.411430E-04  0.440906E-05  0.615886E-06   0.00000      0.108205       3.97599       0.00000    
   64.9715      0.404612E-04  0.432729E-05  0.610608E-06   0.00000      0.108009       4.01588       0.00000    
   65.4522      0.397895E-04  0.424673E-05  0.605233E-06   0.00000      0.107808       4.05552       0.00000    
   65.9365      0.391272E-04  0.416685E-05  0.599966E-06   0.00000      0.107593       4.09672       0.00000    
   66.4243      0.384747E-04  0.408826E-05  0.594473E-06   0.00000      0.107376       4.13668       0.00000    
   66.9158      0.378317E-04  0.401110E-05  0.588571E-06   0.00000      0.107160       4.17388       0.00000    
   67.4109      0.371978E-04  0.393480E-05  0.582519E-06   0.00000      0.106933       4.21053       0.00000    
   67.9096      0.365726E-04  0.385933E-05  0.576403E-06   0.00000      0.106695       4.24727       0.00000    
   68.4121      0.359569E-04  0.378542E-05  0.569954E-06   0.00000      0.106463       4.28122       0.00000    
   68.9182      0.353505E-04  0.371318E-05  0.563147E-06   0.00000      0.106240       4.31193       0.00000    
   69.4281      0.347525E-04  0.364180E-05  0.556233E-06   0.00000      0.106008       4.34201       0.00000    
   69.9418      0.341622E-04  0.357114E-05  0.549164E-06   0.00000      0.105764       4.37118       0.00000    
   70.4593      0.335809E-04  0.350151E-05  0.541749E-06   0.00000      0.105512       4.39749       0.00000    
   70.9806      0.330075E-04  0.343270E-05  0.534006E-06   0.00000      0.105248       4.42116       0.00000    
   71.5057      0.324427E-04  0.336498E-05  0.525906E-06   0.00000      0.104980       4.44140       0.00000    
   72.0348      0.318865E-04  0.329868E-05  0.517460E-06   0.00000      0.104716       4.45763       0.00000    
   72.5677      0.313378E-04  0.323338E-05  0.508806E-06   0.00000      0.104448       4.47139       0.00000    
   73.1046      0.307967E-04  0.316898E-05  0.499867E-06   0.00000      0.104172       4.48192       0.00000    
   73.6455      0.302635E-04  0.310587E-05  0.490455E-06   0.00000      0.103899       4.48681       0.00000    
   74.1904      0.297385E-04  0.304418E-05  0.480534E-06   0.00000      0.103632       4.48516       0.00000    
   74.7393      0.292206E-04  0.298358E-05  0.470264E-06   0.00000      0.103366       4.47856       0.00000    
   75.2923      0.287101E-04  0.292383E-05  0.459806E-06   0.00000      0.103091       4.46862       0.00000    
   75.8493      0.282067E-04  0.286513E-05  0.449087E-06   0.00000      0.102817       4.45409       0.00000    
   76.4105      0.277110E-04  0.280783E-05  0.437942E-06   0.00000      0.102551       4.43255       0.00000    
   76.9758      0.272227E-04  0.275177E-05  0.426402E-06   0.00000      0.102290       4.40413       0.00000    
   77.5454      0.267410E-04  0.269676E-05  0.414570E-06   0.00000      0.102032       4.36980       0.00000    
   78.1191      0.262663E-04  0.264307E-05  0.402348E-06   0.00000      0.101785       4.32777       0.00000    
   78.6971      0.257980E-04  0.259058E-05  0.389722E-06   0.00000      0.101548       4.27765       0.00000    
   79.2793      0.253361E-04  0.253891E-05  0.376768E-06   0.00000      0.101307       4.22048       0.00000    
   79.8659      0.248807E-04  0.248840E-05  0.363326E-06   0.00000      0.101074       4.15346       0.00000    
   80.4568      0.244319E-04  0.243941E-05  0.349331E-06   0.00000      0.100864       4.07476       0.00000    
   81.0521      0.239896E-04  0.239138E-05  0.335020E-06   0.00000      0.100657       3.98747       0.00000    
   81.6517      0.235529E-04  0.234403E-05  0.320457E-06   0.00000      0.100448       3.89238       0.00000    
   82.2558      0.231225E-04  0.229787E-05  0.305541E-06   0.00000      0.100253       3.78701       0.00000    
   82.8644      0.226985E-04  0.225309E-05  0.290298E-06   0.00000      0.100082       3.67089       0.00000    
   83.4775      0.222807E-04  0.220954E-05  0.274767E-06   0.00000      0.999321E-01   3.54431       0.00000    
   84.0951      0.218688E-04  0.216704E-05  0.258911E-06   0.00000      0.997973E-01   3.40662       0.00000    
   84.7173      0.214628E-04  0.212566E-05  0.242604E-06   0.00000      0.996821E-01   3.25553       0.00000    
   85.3441      0.210622E-04  0.208543E-05  0.225875E-06   0.00000      0.995919E-01   3.09083       0.00000    
   85.9755      0.206668E-04  0.204615E-05  0.208929E-06   0.00000      0.995211E-01   2.91510       0.00000    
   86.6116      0.202762E-04  0.200771E-05  0.191818E-06   0.00000      0.994688E-01   2.72875       0.00000    
   87.2525      0.198905E-04  0.197010E-05  0.174569E-06   0.00000      0.994357E-01   2.53184       0.00000    
   87.8980      0.195095E-04  0.193330E-05  0.157222E-06   0.00000      0.994226E-01   2.32462       0.00000    
   88.5483      0.191338E-04  0.189772E-05  0.139616E-06   0.00000      0.994500E-01   2.10384       0.00000    
   89.2035      0.187637E-04  0.186365E-05  0.121662E-06   0.00000      0.995333E-01   1.86754       0.00000    
   89.8635      0.183982E-04  0.183062E-05  0.103575E-06   0.00000      0.996588E-01   1.61916       0.00000    
   90.5283      0.180372E-04  0.179831E-05  0.855114E-07   0.00000      0.998129E-01   1.36121       0.00000    
   91.1981      0.176800E-04  0.176694E-05  0.674211E-07   0.00000      0.100013       1.09259       0.00000    
   91.8729      0.173275E-04  0.173668E-05  0.492884E-07   0.00000      0.100267      0.812830       0.00000    
   92.5526      0.169787E-04  0.170729E-05  0.311870E-07   0.00000      0.100572      0.523251       0.00000    
   93.2374      0.166336E-04  0.167868E-05  0.132005E-07   0.00000      0.100924      0.225272       0.00000    
   93.9272      0.162925E-04  0.165104E-05 -0.465480E-08   0.00000      0.101338     -0.807670E-01   0.00000    
   94.6221      0.159552E-04  0.162456E-05 -0.224504E-07   0.00000      0.101830     -0.395870       0.00000    
   95.3222      0.156215E-04  0.159891E-05 -0.401126E-07   0.00000      0.102385     -0.718554       0.00000    
   96.0275      0.152908E-04  0.157371E-05 -0.574224E-07   0.00000      0.102988      -1.04485       0.00000    
   96.7379      0.149630E-04  0.154937E-05 -0.743369E-07   0.00000      0.103665      -1.37344       0.00000    
   97.4537      0.146387E-04  0.152616E-05 -0.909098E-07   0.00000      0.104439      -1.70448       0.00000    
   98.1747      0.143176E-04  0.150404E-05 -0.107031E-06   0.00000      0.105314      -2.03523       0.00000    
   98.9010      0.140000E-04  0.148311E-05 -0.122564E-06   0.00000      0.106298      -2.36207       0.00000    
   99.6328      0.136862E-04  0.146313E-05 -0.137649E-06   0.00000      0.107377      -2.68723       0.00000    
