   1.20444      0.110993      0.311124E-04  0.896742E-05   0.00000      0.291720E-03   8.03920       0.00000    
   1.21335      0.109382      0.312425E-04  0.898061E-05   0.00000      0.297194E-03   8.01862       0.00000    
   1.22233      0.107792      0.313850E-04  0.899433E-05   0.00000      0.302883E-03   7.99564       0.00000    
   1.23137      0.106229      0.315375E-04  0.900859E-05   0.00000      0.308757E-03   7.97092       0.00000    
   1.24048      0.104686      0.316886E-04  0.902512E-05   0.00000      0.314737E-03   7.94866       0.00000    
   1.24966      0.103169      0.318357E-04  0.904496E-05   0.00000      0.320790E-03   7.93029       0.00000    
   1.25891      0.101670      0.319806E-04  0.906792E-05   0.00000      0.326954E-03   7.91520       0.00000    
   1.26822      0.100193      0.321209E-04  0.909443E-05   0.00000      0.333192E-03   7.90424       0.00000    
   1.27760      0.987388E-01  0.322572E-04  0.912269E-05   0.00000      0.339505E-03   7.89575       0.00000    
   1.28706      0.973048E-01  0.323850E-04  0.915355E-05   0.00000      0.345859E-03   7.89141       0.00000    
   1.29658      0.958945E-01  0.324923E-04  0.919403E-05   0.00000      0.352137E-03   7.89971       0.00000    
   1.30617      0.945050E-01  0.325744E-04  0.924583E-05   0.00000      0.358300E-03   7.92296       0.00000    
   1.31583      0.931355E-01  0.326251E-04  0.930507E-05   0.00000      0.364267E-03   7.95938       0.00000    
   1.32557      0.917849E-01  0.326446E-04  0.936534E-05   0.00000      0.370011E-03   8.00377       0.00000    
   1.33538      0.904538E-01  0.326578E-04  0.941825E-05   0.00000      0.375758E-03   8.04358       0.00000    
   1.34526      0.891404E-01  0.326899E-04  0.946435E-05   0.00000      0.381784E-03   8.07337       0.00000    
   1.35521      0.878493E-01  0.327516E-04  0.950684E-05   0.00000      0.388205E-03   8.09324       0.00000    
   1.36524      0.865753E-01  0.328506E-04  0.954133E-05   0.00000      0.395126E-03   8.09787       0.00000    
   1.37534      0.853233E-01  0.329858E-04  0.956777E-05   0.00000      0.402532E-03   8.08759       0.00000    
   1.38551      0.840892E-01  0.331487E-04  0.959193E-05   0.00000      0.410381E-03   8.06918       0.00000    
   1.39576      0.828721E-01  0.333270E-04  0.961501E-05   0.00000      0.418552E-03   8.04655       0.00000    
   1.40609      0.816715E-01  0.334969E-04  0.963695E-05   0.00000      0.426778E-03   8.02517       0.00000    
   1.41649      0.804883E-01  0.336459E-04  0.966095E-05   0.00000      0.434913E-03   8.01035       0.00000    
   1.42697      0.793218E-01  0.337851E-04  0.968902E-05   0.00000      0.443094E-03   8.00102       0.00000    
   1.43753      0.781744E-01  0.339357E-04  0.971342E-05   0.00000      0.451534E-03   7.98637       0.00000    
   1.44817      0.770449E-01  0.341016E-04  0.972894E-05   0.00000      0.460280E-03   7.96153       0.00000    
   1.45888      0.759323E-01  0.342708E-04  0.974472E-05   0.00000      0.469224E-03   7.93642       0.00000    
   1.46968      0.748348E-01  0.344438E-04  0.976450E-05   0.00000      0.478402E-03   7.91377       0.00000    
   1.48055      0.737524E-01  0.346099E-04  0.978391E-05   0.00000      0.487662E-03   7.89256       0.00000    
   1.49150      0.726839E-01  0.347580E-04  0.980083E-05   0.00000      0.496855E-03   7.87352       0.00000    
   1.50254      0.716337E-01  0.349089E-04  0.981614E-05   0.00000      0.506225E-03   7.85281       0.00000    
   1.51366      0.705998E-01  0.350768E-04  0.983451E-05   0.00000      0.515999E-03   7.83097       0.00000    
   1.52486      0.695809E-01  0.352477E-04  0.985819E-05   0.00000      0.526012E-03   7.81270       0.00000    
   1.53614      0.685773E-01  0.354112E-04  0.988256E-05   0.00000      0.536101E-03   7.79668       0.00000    
   1.54750      0.675869E-01  0.355799E-04  0.989965E-05   0.00000      0.546430E-03   7.77427       0.00000    
   1.55895      0.666103E-01  0.357511E-04  0.990885E-05   0.00000      0.556953E-03   7.74568       0.00000    
   1.57049      0.656474E-01  0.359042E-04  0.992067E-05   0.00000      0.567419E-03   7.72299       0.00000    
   1.58211      0.647010E-01  0.360549E-04  0.994012E-05   0.00000      0.578044E-03   7.70660       0.00000    
   1.59381      0.637686E-01  0.362279E-04  0.996176E-05   0.00000      0.589201E-03   7.68746       0.00000    
   1.60560      0.628508E-01  0.364098E-04  0.998545E-05   0.00000      0.600697E-03   7.66819       0.00000    
   1.61748      0.619448E-01  0.365844E-04  0.100157E-04   0.00000      0.612329E-03   7.65533       0.00000    
   1.62945      0.610505E-01  0.367610E-04  0.100490E-04   0.00000      0.624233E-03   7.64442       0.00000    
   1.64151      0.601700E-01  0.369472E-04  0.100820E-04   0.00000      0.636498E-03   7.63154       0.00000    
   1.65365      0.593032E-01  0.371278E-04  0.101186E-04   0.00000      0.648901E-03   7.62245       0.00000    
   1.66588      0.584505E-01  0.372999E-04  0.101577E-04   0.00000      0.661385E-03   7.61684       0.00000    
   1.67821      0.576103E-01  0.374820E-04  0.101917E-04   0.00000      0.674236E-03   7.60571       0.00000    
   1.69063      0.567809E-01  0.376734E-04  0.102207E-04   0.00000      0.687471E-03   7.58943       0.00000    
   1.70313      0.559619E-01  0.378662E-04  0.102518E-04   0.00000      0.701003E-03   7.57447       0.00000    
   1.71574      0.551565E-01  0.380645E-04  0.102857E-04   0.00000      0.714869E-03   7.56060       0.00000    
   1.72843      0.543641E-01  0.382638E-04  0.103230E-04   0.00000      0.729008E-03   7.54905       0.00000    
   1.74122      0.535838E-01  0.384525E-04  0.103708E-04   0.00000      0.743257E-03   7.54690       0.00000    
   1.75410      0.528154E-01  0.386329E-04  0.104315E-04   0.00000      0.757667E-03   7.55524       0.00000    
   1.76708      0.520547E-01  0.388240E-04  0.104974E-04   0.00000      0.772613E-03   7.56504       0.00000    
   1.78015      0.513053E-01  0.390326E-04  0.105608E-04   0.00000      0.788145E-03   7.56984       0.00000    
   1.79332      0.505690E-01  0.392378E-04  0.106247E-04   0.00000      0.803869E-03   7.57554       0.00000    
   1.80659      0.498442E-01  0.394281E-04  0.106971E-04   0.00000      0.819623E-03   7.58966       0.00000    
   1.81996      0.491305E-01  0.396118E-04  0.107792E-04   0.00000      0.835576E-03   7.61141       0.00000    
   1.83342      0.484255E-01  0.397740E-04  0.108689E-04   0.00000      0.851459E-03   7.64195       0.00000    
   1.84699      0.477288E-01  0.398824E-04  0.109664E-04   0.00000      0.866618E-03   7.68727       0.00000    
   1.86065      0.470445E-01  0.399222E-04  0.110751E-04   0.00000      0.880653E-03   7.75247       0.00000    
   1.87442      0.463714E-01  0.398834E-04  0.112010E-04   0.00000      0.893362E-03   7.84355       0.00000    
   1.88829      0.457094E-01  0.397556E-04  0.113512E-04   0.00000      0.904504E-03   7.96770       0.00000    
   1.90226      0.450541E-01  0.395790E-04  0.115181E-04   0.00000      0.914921E-03   8.11291       0.00000    
   1.91633      0.444082E-01  0.394828E-04  0.116633E-04   0.00000      0.927068E-03   8.22863       0.00000    
   1.93051      0.437720E-01  0.395571E-04  0.117599E-04   0.00000      0.942798E-03   8.27835       0.00000    
   1.94479      0.431480E-01  0.397372E-04  0.118249E-04   0.00000      0.960862E-03   8.28592       0.00000    
   1.95918      0.425332E-01  0.399333E-04  0.118790E-04   0.00000      0.979534E-03   8.28312       0.00000    
   1.97368      0.419266E-01  0.401253E-04  0.119317E-04   0.00000      0.998454E-03   8.28018       0.00000    
   1.98828      0.413253E-01  0.403106E-04  0.119922E-04   0.00000      0.101770E-02   8.28373       0.00000    
   2.00299      0.407359E-01  0.404963E-04  0.120601E-04   0.00000      0.103727E-02   8.29200       0.00000    
   2.01781      0.401566E-01  0.406957E-04  0.121274E-04   0.00000      0.105747E-02   8.29708       0.00000    
   2.03274      0.395858E-01  0.409045E-04  0.121917E-04   0.00000      0.107824E-02   8.29842       0.00000    
   2.04778      0.390213E-01  0.411113E-04  0.122549E-04   0.00000      0.109937E-02   8.29941       0.00000    
   2.06293      0.384634E-01  0.413097E-04  0.123166E-04   0.00000      0.112072E-02   8.30102       0.00000    
   2.07819      0.379166E-01  0.415059E-04  0.123801E-04   0.00000      0.114232E-02   8.30422       0.00000    
   2.09357      0.373790E-01  0.417078E-04  0.124475E-04   0.00000      0.116444E-02   8.30875       0.00000    
   2.10906      0.368486E-01  0.419108E-04  0.125177E-04   0.00000      0.118703E-02   8.31476       0.00000    
   2.12466      0.363233E-01  0.421152E-04  0.125900E-04   0.00000      0.121016E-02   8.32179       0.00000    
   2.14038      0.358060E-01  0.423243E-04  0.126609E-04   0.00000      0.123380E-02   8.32702       0.00000    
   2.15622      0.352995E-01  0.425297E-04  0.127339E-04   0.00000      0.125767E-02   8.33419       0.00000    
   2.17217      0.348001E-01  0.427319E-04  0.128134E-04   0.00000      0.128194E-02   8.34580       0.00000    
   2.18824      0.343056E-01  0.429414E-04  0.128953E-04   0.00000      0.130695E-02   8.35748       0.00000    
   2.20443      0.338181E-01  0.431511E-04  0.129763E-04   0.00000      0.133242E-02   8.36850       0.00000    
   2.22074      0.333396E-01  0.433484E-04  0.130555E-04   0.00000      0.135790E-02   8.38051       0.00000    
   2.23717      0.328696E-01  0.435406E-04  0.131325E-04   0.00000      0.138359E-02   8.39205       0.00000    
   2.25372      0.324040E-01  0.437467E-04  0.132101E-04   0.00000      0.141025E-02   8.40130       0.00000    
   2.27040      0.319443E-01  0.439630E-04  0.132938E-04   0.00000      0.143778E-02   8.41228       0.00000    
   2.28720      0.314934E-01  0.441640E-04  0.133840E-04   0.00000      0.146531E-02   8.42977       0.00000    
   2.30412      0.310499E-01  0.443585E-04  0.134750E-04   0.00000      0.149308E-02   8.44872       0.00000    
   2.32117      0.306117E-01  0.445821E-04  0.135595E-04   0.00000      0.152225E-02   8.45847       0.00000    
   2.33834      0.301783E-01  0.448458E-04  0.136382E-04   0.00000      0.155323E-02   8.45758       0.00000    
   2.35564      0.297534E-01  0.451439E-04  0.137155E-04   0.00000      0.158575E-02   8.44987       0.00000    
   2.37307      0.293362E-01  0.454781E-04  0.137909E-04   0.00000      0.161995E-02   8.43478       0.00000    
   2.39063      0.289223E-01  0.458448E-04  0.138600E-04   0.00000      0.165596E-02   8.41065       0.00000    
   2.40831      0.285140E-01  0.462084E-04  0.139302E-04   0.00000      0.169259E-02   8.38808       0.00000    
   2.42613      0.281140E-01  0.464455E-04  0.140422E-04   0.00000      0.172589E-02   8.41099       0.00000    
   2.44408      0.277203E-01  0.464723E-04  0.142246E-04   0.00000      0.175325E-02   8.50937       0.00000    
   2.46217      0.273292E-01  0.464032E-04  0.144425E-04   0.00000      0.177827E-02   8.64408       0.00000    
   2.48038      0.269448E-01  0.463796E-04  0.146454E-04   0.00000      0.180506E-02   8.76233       0.00000    
   2.49873      0.265686E-01  0.464104E-04  0.148226E-04   0.00000      0.183374E-02   8.85624       0.00000    
   2.51722      0.261971E-01  0.464222E-04  0.149940E-04   0.00000      0.186218E-02   8.95000       0.00000    
   2.53585      0.258285E-01  0.463619E-04  0.151800E-04   0.00000      0.188875E-02   9.06486       0.00000    
   2.55461      0.254673E-01  0.462706E-04  0.153715E-04   0.00000      0.191450E-02   9.18849       0.00000    
   2.57351      0.251135E-01  0.462626E-04  0.155379E-04   0.00000      0.194327E-02   9.28267       0.00000    
   2.59255      0.247625E-01  0.463765E-04  0.156693E-04   0.00000      0.197686E-02   9.33431       0.00000    
   2.61173      0.244159E-01  0.465489E-04  0.157856E-04   0.00000      0.201315E-02   9.36636       0.00000    
   2.63105      0.240771E-01  0.467376E-04  0.159003E-04   0.00000      0.205042E-02   9.39426       0.00000    
   2.65052      0.237433E-01  0.469310E-04  0.160131E-04   0.00000      0.208849E-02   9.41997       0.00000    
   2.67013      0.234116E-01  0.471143E-04  0.161245E-04   0.00000      0.212703E-02   9.44658       0.00000    
   2.68988      0.230864E-01  0.472962E-04  0.162343E-04   0.00000      0.216598E-02   9.47234       0.00000    
   2.70979      0.227680E-01  0.474934E-04  0.163416E-04   0.00000      0.220599E-02   9.49370       0.00000    
   2.72983      0.224510E-01  0.476885E-04  0.164471E-04   0.00000      0.224689E-02   9.51429       0.00000    
   2.75003      0.221397E-01  0.478657E-04  0.165542E-04   0.00000      0.228763E-02   9.53891       0.00000    
   2.77038      0.218350E-01  0.480386E-04  0.166609E-04   0.00000      0.232863E-02   9.56384       0.00000    
   2.79088      0.215324E-01  0.482226E-04  0.167688E-04   0.00000      0.237108E-02   9.58722       0.00000    
   2.81152      0.212346E-01  0.484117E-04  0.168800E-04   0.00000      0.241446E-02   9.61125       0.00000    
   2.83233      0.209427E-01  0.486024E-04  0.169910E-04   0.00000      0.245846E-02   9.63461       0.00000    
   2.85328      0.206539E-01  0.487984E-04  0.171030E-04   0.00000      0.250358E-02   9.65732       0.00000    
   2.87439      0.203690E-01  0.489907E-04  0.172165E-04   0.00000      0.254936E-02   9.68133       0.00000    
   2.89566      0.200899E-01  0.491701E-04  0.173328E-04   0.00000      0.259512E-02   9.70894       0.00000    
   2.91708      0.198137E-01  0.493428E-04  0.174508E-04   0.00000      0.264149E-02   9.73846       0.00000    
   2.93866      0.195411E-01  0.495157E-04  0.175677E-04   0.00000      0.268868E-02   9.76713       0.00000    
   2.96041      0.192744E-01  0.496878E-04  0.176829E-04   0.00000      0.273631E-02   9.79480       0.00000    
   2.98231      0.190099E-01  0.498625E-04  0.177928E-04   0.00000      0.278497E-02   9.81915       0.00000    
   3.00437      0.187498E-01  0.500372E-04  0.178972E-04   0.00000      0.283425E-02   9.84048       0.00000    
   3.02660      0.184947E-01  0.502072E-04  0.179997E-04   0.00000      0.288387E-02   9.86158       0.00000    
   3.04900      0.182412E-01  0.503751E-04  0.181026E-04   0.00000      0.293451E-02   9.88308       0.00000    
   3.07155      0.179930E-01  0.505391E-04  0.182076E-04   0.00000      0.298554E-02   9.90624       0.00000    
   3.09428      0.177489E-01  0.506983E-04  0.183125E-04   0.00000      0.303704E-02   9.92997       0.00000    
   3.11717      0.175066E-01  0.508617E-04  0.184157E-04   0.00000      0.308987E-02   9.95199       0.00000    
   3.14024      0.172691E-01  0.510234E-04  0.185219E-04   0.00000      0.314326E-02   9.97566       0.00000    
   3.16347      0.170354E-01  0.511699E-04  0.186271E-04   0.00000      0.319657E-02   10.0014       0.00000    
   3.18687      0.168042E-01  0.513179E-04  0.187244E-04   0.00000      0.325080E-02   10.0228       0.00000    
   3.21045      0.165773E-01  0.514823E-04  0.188163E-04   0.00000      0.330652E-02   10.0384       0.00000    
   3.23421      0.163531E-01  0.516445E-04  0.189082E-04   0.00000      0.336310E-02   10.0544       0.00000    
   3.25814      0.161326E-01  0.517953E-04  0.190058E-04   0.00000      0.341992E-02   10.0751       0.00000    
   3.28224      0.159152E-01  0.519426E-04  0.191068E-04   0.00000      0.347750E-02   10.0979       0.00000    
   3.30653      0.157009E-01  0.520790E-04  0.192022E-04   0.00000      0.353522E-02   10.1198       0.00000    
   3.33099      0.154903E-01  0.522076E-04  0.192925E-04   0.00000      0.359309E-02   10.1405       0.00000    
   3.35563      0.152820E-01  0.523446E-04  0.193822E-04   0.00000      0.365252E-02   10.1593       0.00000    
   3.38046      0.150774E-01  0.524865E-04  0.194698E-04   0.00000      0.371291E-02   10.1761       0.00000    
   3.40547      0.148758E-01  0.526287E-04  0.195512E-04   0.00000      0.377410E-02   10.1898       0.00000    
   3.43067      0.146768E-01  0.527723E-04  0.196242E-04   0.00000      0.383620E-02   10.1992       0.00000    
   3.45605      0.144814E-01  0.529169E-04  0.196929E-04   0.00000      0.389896E-02   10.2063       0.00000    
   3.48162      0.142881E-01  0.530598E-04  0.197648E-04   0.00000      0.396283E-02   10.2152       0.00000    
   3.50738      0.140983E-01  0.531869E-04  0.198396E-04   0.00000      0.402650E-02   10.2282       0.00000    
   3.53333      0.139110E-01  0.533062E-04  0.199131E-04   0.00000      0.409059E-02   10.2419       0.00000    
   3.55947      0.137264E-01  0.534338E-04  0.199813E-04   0.00000      0.415605E-02   10.2515       0.00000    
   3.58581      0.135448E-01  0.535577E-04  0.200416E-04   0.00000      0.422189E-02   10.2581       0.00000    
   3.61234      0.133656E-01  0.536738E-04  0.200983E-04   0.00000      0.428813E-02   10.2643       0.00000    
   3.63906      0.131892E-01  0.537903E-04  0.201493E-04   0.00000      0.435510E-02   10.2677       0.00000    
   3.66599      0.130154E-01  0.539118E-04  0.201914E-04   0.00000      0.442312E-02   10.2661       0.00000    
   3.69311      0.128443E-01  0.540339E-04  0.202285E-04   0.00000      0.449197E-02   10.2621       0.00000    
   3.72043      0.126754E-01  0.541483E-04  0.202637E-04   0.00000      0.456127E-02   10.2586       0.00000    
   3.74796      0.125093E-01  0.542650E-04  0.202971E-04   0.00000      0.463151E-02   10.2538       0.00000    
   3.77569      0.123454E-01  0.543821E-04  0.203247E-04   0.00000      0.470264E-02   10.2463       0.00000    
   3.80363      0.121841E-01  0.544899E-04  0.203466E-04   0.00000      0.477383E-02   10.2378       0.00000    
   3.83177      0.120251E-01  0.545963E-04  0.203634E-04   0.00000      0.484572E-02   10.2273       0.00000    
   3.86012      0.118685E-01  0.547081E-04  0.203736E-04   0.00000      0.491877E-02   10.2128       0.00000    
   3.88868      0.117141E-01  0.548186E-04  0.203796E-04   0.00000      0.499262E-02   10.1967       0.00000    
   3.91745      0.115620E-01  0.549193E-04  0.203824E-04   0.00000      0.506655E-02   10.1808       0.00000    
   3.94643      0.114124E-01  0.550225E-04  0.203800E-04   0.00000      0.514141E-02   10.1622       0.00000    
   3.97563      0.112646E-01  0.551390E-04  0.203686E-04   0.00000      0.521820E-02   10.1372       0.00000    
   4.00504      0.111193E-01  0.552573E-04  0.203487E-04   0.00000      0.529575E-02   10.1082       0.00000    
   4.03468      0.109759E-01  0.553636E-04  0.203223E-04   0.00000      0.537321E-02   10.0783       0.00000    
   4.06453      0.108348E-01  0.554640E-04  0.202890E-04   0.00000      0.545079E-02   10.0464       0.00000    
   4.09460      0.106957E-01  0.555620E-04  0.202535E-04   0.00000      0.552915E-02   10.0139       0.00000    
   4.12489      0.105585E-01  0.556500E-04  0.202230E-04   0.00000      0.560787E-02   9.98549       0.00000    
   4.15541      0.104236E-01  0.557387E-04  0.201896E-04   0.00000      0.568736E-02   9.95567       0.00000    
   4.18616      0.102905E-01  0.558410E-04  0.201382E-04   0.00000      0.576856E-02   9.91551       0.00000    
   4.21713      0.101591E-01  0.559453E-04  0.200690E-04   0.00000      0.585050E-02   9.86711       0.00000    
   4.24833      0.100302E-01  0.560442E-04  0.199914E-04   0.00000      0.593239E-02   9.81584       0.00000    
   4.27976      0.990271E-02  0.561502E-04  0.199100E-04   0.00000      0.601609E-02   9.76186       0.00000    
   4.31143      0.977719E-02  0.562576E-04  0.198236E-04   0.00000      0.610074E-02   9.70553       0.00000    
   4.34332      0.965387E-02  0.563515E-04  0.197325E-04   0.00000      0.618472E-02   9.64931       0.00000    
   4.37546      0.953182E-02  0.564464E-04  0.196365E-04   0.00000      0.626999E-02   9.59086       0.00000    
   4.40783      0.941156E-02  0.565558E-04  0.195343E-04   0.00000      0.635753E-02   9.52743       0.00000    
   4.44044      0.929360E-02  0.566619E-04  0.194286E-04   0.00000      0.644532E-02   9.46306       0.00000    
   4.47330      0.917696E-02  0.567538E-04  0.193164E-04   0.00000      0.653276E-02   9.39812       0.00000    
   4.50639      0.906192E-02  0.568486E-04  0.191941E-04   0.00000      0.662128E-02   9.32823       0.00000    
   4.53974      0.894859E-02  0.569516E-04  0.190643E-04   0.00000      0.671142E-02   9.25387       0.00000    
   4.57332      0.883736E-02  0.570493E-04  0.189315E-04   0.00000      0.680162E-02   9.17906       0.00000    
   4.60716      0.872735E-02  0.571438E-04  0.187922E-04   0.00000      0.689264E-02   9.10194       0.00000    
   4.64125      0.861884E-02  0.572516E-04  0.186391E-04   0.00000      0.698578E-02   9.01673       0.00000    
   4.67559      0.851199E-02  0.573729E-04  0.184765E-04   0.00000      0.708115E-02   8.92538       0.00000    
   4.71018      0.840666E-02  0.574899E-04  0.183094E-04   0.00000      0.717706E-02   8.83284       0.00000    
   4.74503      0.830311E-02  0.575996E-04  0.181384E-04   0.00000      0.727294E-02   8.73974       0.00000    
   4.78013      0.820091E-02  0.577174E-04  0.179644E-04   0.00000      0.737095E-02   8.64429       0.00000    
   4.81550      0.810002E-02  0.578434E-04  0.177827E-04   0.00000      0.747099E-02   8.54448       0.00000    
   4.85113      0.800072E-02  0.579645E-04  0.175906E-04   0.00000      0.757117E-02   8.44081       0.00000    
   4.88702      0.790284E-02  0.580835E-04  0.173938E-04   0.00000      0.767218E-02   8.33548       0.00000    
   4.92318      0.780627E-02  0.582115E-04  0.171943E-04   0.00000      0.777552E-02   8.22794       0.00000    
   4.95960      0.771126E-02  0.583460E-04  0.169893E-04   0.00000      0.788058E-02   8.11729       0.00000    
   4.99630      0.761744E-02  0.584801E-04  0.167793E-04   0.00000      0.798689E-02   8.00472       0.00000    
   5.03326      0.752501E-02  0.586192E-04  0.165616E-04   0.00000      0.809485E-02   7.88823       0.00000    
   5.07050      0.743387E-02  0.587710E-04  0.163324E-04   0.00000      0.820544E-02   7.76526       0.00000    
   5.10802      0.734405E-02  0.589257E-04  0.160980E-04   0.00000      0.831762E-02   7.63992       0.00000    
   5.14581      0.725547E-02  0.590745E-04  0.158639E-04   0.00000      0.843054E-02   7.51582       0.00000    
   5.18388      0.716812E-02  0.592285E-04  0.156265E-04   0.00000      0.854551E-02   7.38990       0.00000    
   5.22224      0.708195E-02  0.593943E-04  0.153840E-04   0.00000      0.866347E-02   7.26065       0.00000    
   5.26087      0.699701E-02  0.595656E-04  0.151380E-04   0.00000      0.878363E-02   7.12964       0.00000    
   5.29980      0.691320E-02  0.597417E-04  0.148875E-04   0.00000      0.890597E-02   6.99649       0.00000    
   5.33901      0.683065E-02  0.599203E-04  0.146344E-04   0.00000      0.903012E-02   6.86235       0.00000    
   5.37851      0.674926E-02  0.600906E-04  0.143842E-04   0.00000      0.915483E-02   6.73095       0.00000    
   5.41830      0.666893E-02  0.602563E-04  0.141366E-04   0.00000      0.928070E-02   6.60161       0.00000    
   5.45839      0.658974E-02  0.604361E-04  0.138861E-04   0.00000      0.941021E-02   6.46997       0.00000    
   5.49878      0.651167E-02  0.606302E-04  0.136321E-04   0.00000      0.954346E-02   6.33583       0.00000    
   5.53946      0.643462E-02  0.608217E-04  0.133758E-04   0.00000      0.967813E-02   6.20148       0.00000    
   5.58044      0.635870E-02  0.610087E-04  0.131151E-04   0.00000      0.981371E-02   6.06617       0.00000    
   5.62173      0.628372E-02  0.612005E-04  0.128524E-04   0.00000      0.995198E-02   5.93003       0.00000    
   5.66332      0.620988E-02  0.613935E-04  0.125937E-04   0.00000      0.100923E-01   5.79616       0.00000    
   5.70522      0.613695E-02  0.615845E-04  0.123398E-04   0.00000      0.102345E-01   5.66519       0.00000    
   5.74744      0.606497E-02  0.617808E-04  0.120882E-04   0.00000      0.103796E-01   5.53537       0.00000    
   5.78996      0.599399E-02  0.619823E-04  0.118412E-04   0.00000      0.105277E-01   5.40776       0.00000    
   5.83280      0.592399E-02  0.621780E-04  0.116026E-04   0.00000      0.106772E-01   5.28498       0.00000    
   5.87595      0.585485E-02  0.623681E-04  0.113692E-04   0.00000      0.108279E-01   5.16555       0.00000    
   5.91943      0.578669E-02  0.625694E-04  0.111348E-04   0.00000      0.109825E-01   5.04532       0.00000    
   5.96322      0.571942E-02  0.627816E-04  0.109003E-04   0.00000      0.111411E-01   4.92484       0.00000    
   6.00734      0.565307E-02  0.629894E-04  0.106723E-04   0.00000      0.113013E-01   4.80817       0.00000    
   6.05179      0.558752E-02  0.632029E-04  0.104527E-04   0.00000      0.114651E-01   4.69537       0.00000    
   6.09656      0.552283E-02  0.634377E-04  0.102403E-04   0.00000      0.116351E-01   4.58488       0.00000    
   6.14167      0.545875E-02  0.636790E-04  0.100377E-04   0.00000      0.118095E-01   4.47891       0.00000    
   6.18711      0.539531E-02  0.639100E-04  0.984836E-05   0.00000      0.119853E-01   4.38011       0.00000    
   6.23289      0.533226E-02  0.641281E-04  0.967516E-05   0.00000      0.121625E-01   4.28982       0.00000    
   6.27900      0.526839E-02  0.643117E-04  0.952473E-05   0.00000      0.123402E-01   4.21221       0.00000    
   6.32546      0.520289E-02  0.644416E-04  0.940205E-05   0.00000      0.125169E-01   4.15045       0.00000    
   6.37226      0.513857E-02  0.645391E-04  0.930262E-05   0.00000      0.126895E-01   4.10104       0.00000    
   6.41940      0.507824E-02  0.646315E-04  0.922210E-05   0.00000      0.128561E-01   4.06028       0.00000    
   6.46690      0.502200E-02  0.647243E-04  0.916205E-05   0.00000      0.130166E-01   4.02849       0.00000    
   6.51474      0.496574E-02  0.648162E-04  0.912531E-05   0.00000      0.131814E-01   4.00693       0.00000    
   6.56294      0.490192E-02  0.649074E-04  0.911461E-05   0.00000      0.133711E-01   3.99674       0.00000    
   6.61150      0.483125E-02  0.649965E-04  0.913243E-05   0.00000      0.135855E-01   3.99903       0.00000    
   6.66042      0.473115E-02  0.650832E-04  0.918001E-05   0.00000      0.138925E-01   4.01431       0.00000    
   6.70970      0.456924E-02  0.651737E-04  0.925847E-05   0.00000      0.144068E-01   4.04263       0.00000    
   6.75934      0.440319E-02  0.652683E-04  0.937451E-05   0.00000      0.149751E-01   4.08676       0.00000    
   6.80935      0.430556E-02  0.653392E-04  0.954637E-05   0.00000      0.153367E-01   4.15619       0.00000    
   6.85973      0.424849E-02  0.653626E-04  0.980375E-05   0.00000      0.155570E-01   4.26511       0.00000    
   6.91048      0.419387E-02  0.653383E-04  0.101709E-04   0.00000      0.157671E-01   4.42397       0.00000    
   6.96161      0.414008E-02  0.652298E-04  0.106451E-04   0.00000      0.159641E-01   4.63429       0.00000    
   7.01312      0.408671E-02  0.649380E-04  0.111978E-04   0.00000      0.161245E-01   4.89188       0.00000    
   7.06500      0.403373E-02  0.643377E-04  0.117813E-04   0.00000      0.162151E-01   5.18842       0.00000    
   7.11728      0.398151E-02  0.633141E-04  0.123461E-04   0.00000      0.162016E-01   5.51703       0.00000    
   7.16993      0.393049E-02  0.617811E-04  0.128826E-04   0.00000      0.160565E-01   5.88927       0.00000    
   7.22298      0.388083E-02  0.596696E-04  0.134322E-04   0.00000      0.157602E-01   6.34317       0.00000    
   7.27642      0.383236E-02  0.570400E-04  0.140743E-04   0.00000      0.153302E-01   6.93025       0.00000    
   7.33026      0.378489E-02  0.544469E-04  0.147961E-04   0.00000      0.149070E-01   7.60158       0.00000    
   7.38449      0.373894E-02  0.525442E-04  0.154462E-04   0.00000      0.146479E-01   8.19077       0.00000    
   7.43913      0.369067E-02  0.513642E-04  0.159339E-04   0.00000      0.145716E-01   8.61733       0.00000    
   7.49417      0.363543E-02  0.507023E-04  0.162650E-04   0.00000      0.146467E-01   8.89295       0.00000    
   7.54961      0.358042E-02  0.504623E-04  0.164631E-04   0.00000      0.148250E-01   9.03435       0.00000    
   7.60547      0.353433E-02  0.504838E-04  0.165803E-04   0.00000      0.150345E-01   9.09083       0.00000    
   7.66174      0.349362E-02  0.505863E-04  0.166750E-04   0.00000      0.152460E-01   9.12200       0.00000    
   7.71843      0.345363E-02  0.506961E-04  0.167680E-04   0.00000      0.154612E-01   9.15097       0.00000    
   7.77553      0.341422E-02  0.508082E-04  0.168573E-04   0.00000      0.156790E-01   9.17752       0.00000    
   7.83306      0.337537E-02  0.509133E-04  0.169465E-04   0.00000      0.158974E-01   9.20503       0.00000    
   7.89102      0.333705E-02  0.510115E-04  0.170369E-04   0.00000      0.161164E-01   9.23418       0.00000    
   7.94940      0.329923E-02  0.511105E-04  0.171257E-04   0.00000      0.163382E-01   9.26228       0.00000    
   8.00821      0.326201E-02  0.512133E-04  0.172127E-04   0.00000      0.165629E-01   9.28869       0.00000    
   8.06746      0.322522E-02  0.513126E-04  0.172996E-04   0.00000      0.167897E-01   9.31556       0.00000    
   8.12715      0.318898E-02  0.514052E-04  0.173866E-04   0.00000      0.170167E-01   9.34347       0.00000    
   8.18728      0.315323E-02  0.514986E-04  0.174724E-04   0.00000      0.172464E-01   9.37049       0.00000    
   8.24786      0.311796E-02  0.515926E-04  0.175574E-04   0.00000      0.174788E-01   9.39693       0.00000    
   8.30888      0.308316E-02  0.516802E-04  0.176412E-04   0.00000      0.177118E-01   9.42375       0.00000    
   8.37035      0.304884E-02  0.517662E-04  0.177244E-04   0.00000      0.179467E-01   9.45044       0.00000    
   8.43228      0.301500E-02  0.518532E-04  0.178101E-04   0.00000      0.181846E-01   9.47805       0.00000    
   8.49467      0.298162E-02  0.519373E-04  0.178956E-04   0.00000      0.184242E-01   9.50598       0.00000    
   8.55752      0.294871E-02  0.520220E-04  0.179761E-04   0.00000      0.186659E-01   9.53127       0.00000    
   8.62083      0.291622E-02  0.521080E-04  0.180540E-04   0.00000      0.189104E-01   9.55488       0.00000    
   8.68462      0.288416E-02  0.521848E-04  0.181352E-04   0.00000      0.191550E-01   9.58165       0.00000    
   8.74887      0.285251E-02  0.522497E-04  0.182213E-04   0.00000      0.193990E-01   9.61273       0.00000    
   8.81360      0.282130E-02  0.523172E-04  0.183076E-04   0.00000      0.196462E-01   9.64332       0.00000    
   8.87881      0.279050E-02  0.523928E-04  0.183912E-04   0.00000      0.198985E-01   9.67120       0.00000    
   8.94450      0.276011E-02  0.524618E-04  0.184738E-04   0.00000      0.201511E-01   9.69954       0.00000    
   9.01068      0.273014E-02  0.525172E-04  0.185542E-04   0.00000      0.204013E-01   9.72911       0.00000    
   9.07734      0.270055E-02  0.525720E-04  0.186302E-04   0.00000      0.206534E-01   9.75650       0.00000    
   9.14450      0.267135E-02  0.526316E-04  0.187040E-04   0.00000      0.209094E-01   9.78198       0.00000    
   9.21216      0.264252E-02  0.526864E-04  0.187789E-04   0.00000      0.211665E-01   9.80874       0.00000    
   9.28032      0.261405E-02  0.527372E-04  0.188521E-04   0.00000      0.214248E-01   9.83529       0.00000    
   9.34898      0.258597E-02  0.527913E-04  0.189211E-04   0.00000      0.216862E-01   9.85918       0.00000    
   9.41815      0.255825E-02  0.528402E-04  0.189877E-04   0.00000      0.219479E-01   9.88273       0.00000    
   9.48783      0.253088E-02  0.528769E-04  0.190534E-04   0.00000      0.222077E-01   9.90793       0.00000    
   9.55803      0.250385E-02  0.529096E-04  0.191169E-04   0.00000      0.224683E-01   9.93270       0.00000    
   9.62875      0.247717E-02  0.529436E-04  0.191776E-04   0.00000      0.227315E-01   9.95588       0.00000    
   9.69999      0.245081E-02  0.529718E-04  0.192391E-04   0.00000      0.229954E-01   9.98039       0.00000    
   9.77175      0.242478E-02  0.529925E-04  0.193027E-04   0.00000      0.232592E-01   10.0071       0.00000    
   9.84405      0.239911E-02  0.530145E-04  0.193638E-04   0.00000      0.235255E-01   10.0325       0.00000    
   9.91688      0.237374E-02  0.530389E-04  0.194209E-04   0.00000      0.237948E-01   10.0554       0.00000    
   9.99025      0.234867E-02  0.530575E-04  0.194766E-04   0.00000      0.240644E-01   10.0787       0.00000    
   10.0642      0.232394E-02  0.530693E-04  0.195314E-04   0.00000      0.243334E-01   10.1027       0.00000    
   10.1386      0.229951E-02  0.530806E-04  0.195830E-04   0.00000      0.246043E-01   10.1253       0.00000    
   10.2136      0.227538E-02  0.530903E-04  0.196306E-04   0.00000      0.248764E-01   10.1461       0.00000    
   10.2892      0.225153E-02  0.530916E-04  0.196743E-04   0.00000      0.251472E-01   10.1667       0.00000    
   10.3653      0.222798E-02  0.530860E-04  0.197156E-04   0.00000      0.254172E-01   10.1872       0.00000    
   10.4420      0.220470E-02  0.530759E-04  0.197562E-04   0.00000      0.256877E-01   10.2083       0.00000    
   10.5193      0.218168E-02  0.530586E-04  0.197953E-04   0.00000      0.259575E-01   10.2299       0.00000    
   10.5971      0.215896E-02  0.530407E-04  0.198293E-04   0.00000      0.262284E-01   10.2491       0.00000    
   10.6755      0.213650E-02  0.530279E-04  0.198582E-04   0.00000      0.265033E-01   10.2651       0.00000    
   10.7545      0.211429E-02  0.530085E-04  0.198834E-04   0.00000      0.267772E-01   10.2805       0.00000    
   10.8341      0.209236E-02  0.529768E-04  0.199045E-04   0.00000      0.270472E-01   10.2961       0.00000    
   10.9142      0.207069E-02  0.529435E-04  0.199217E-04   0.00000      0.273183E-01   10.3102       0.00000    
   10.9950      0.204925E-02  0.529123E-04  0.199358E-04   0.00000      0.275921E-01   10.3225       0.00000    
   11.0763      0.202806E-02  0.528749E-04  0.199474E-04   0.00000      0.278653E-01   10.3346       0.00000    
   11.1583      0.200711E-02  0.528306E-04  0.199564E-04   0.00000      0.281371E-01   10.3468       0.00000    
   11.2408      0.198640E-02  0.527868E-04  0.199608E-04   0.00000      0.284106E-01   10.3568       0.00000    
   11.3240      0.196590E-02  0.527417E-04  0.199602E-04   0.00000      0.286852E-01   10.3646       0.00000    
   11.4078      0.194564E-02  0.526896E-04  0.199557E-04   0.00000      0.289581E-01   10.3719       0.00000    
   11.4922      0.192559E-02  0.526338E-04  0.199480E-04   0.00000      0.292311E-01   10.3783       0.00000    
   11.5772      0.190579E-02  0.525805E-04  0.199376E-04   0.00000      0.295068E-01   10.3829       0.00000    
   11.6629      0.188616E-02  0.525227E-04  0.199253E-04   0.00000      0.297828E-01   10.3875       0.00000    
   11.7492      0.186676E-02  0.524536E-04  0.199103E-04   0.00000      0.300550E-01   10.3929       0.00000    
   11.8361      0.184757E-02  0.523805E-04  0.198886E-04   0.00000      0.303260E-01   10.3957       0.00000    
   11.9237      0.182859E-02  0.523061E-04  0.198593E-04   0.00000      0.305970E-01   10.3953       0.00000    
   12.0119      0.180979E-02  0.522242E-04  0.198274E-04   0.00000      0.308663E-01   10.3949       0.00000    
   12.1007      0.179120E-02  0.521370E-04  0.197947E-04   0.00000      0.311347E-01   10.3951       0.00000    
   12.1903      0.177279E-02  0.520529E-04  0.197584E-04   0.00000      0.314062E-01   10.3930       0.00000    
   12.2805      0.175461E-02  0.519699E-04  0.197171E-04   0.00000      0.316792E-01   10.3883       0.00000    
   12.3713      0.173657E-02  0.518806E-04  0.196724E-04   0.00000      0.319509E-01   10.3830       0.00000    
   12.4629      0.171874E-02  0.517842E-04  0.196236E-04   0.00000      0.322198E-01   10.3771       0.00000    
   12.5551      0.170108E-02  0.516882E-04  0.195676E-04   0.00000      0.324900E-01   10.3676       0.00000    
   12.6480      0.168360E-02  0.515927E-04  0.195042E-04   0.00000      0.327610E-01   10.3544       0.00000    
   12.7415      0.166630E-02  0.514881E-04  0.194361E-04   0.00000      0.330280E-01   10.3404       0.00000    
   12.8358      0.164914E-02  0.513763E-04  0.193620E-04   0.00000      0.332923E-01   10.3249       0.00000    
   12.9308      0.163216E-02  0.512681E-04  0.192790E-04   0.00000      0.335587E-01   10.3042       0.00000    
   13.0264      0.161535E-02  0.511599E-04  0.191907E-04   0.00000      0.338261E-01   10.2808       0.00000    
   13.1228      0.159867E-02  0.510423E-04  0.191026E-04   0.00000      0.340907E-01   10.2592       0.00000    
   13.2199      0.158217E-02  0.509199E-04  0.190108E-04   0.00000      0.343534E-01   10.2365       0.00000    
   13.3177      0.156582E-02  0.507937E-04  0.189123E-04   0.00000      0.346146E-01   10.2111       0.00000    
   13.4163      0.154960E-02  0.506597E-04  0.188112E-04   0.00000      0.348731E-01   10.1856       0.00000    
   13.5155      0.153355E-02  0.505263E-04  0.187082E-04   0.00000      0.351332E-01   10.1590       0.00000    
   13.6155      0.151766E-02  0.503979E-04  0.186007E-04   0.00000      0.353973E-01   10.1290       0.00000    
   13.7162      0.150189E-02  0.502641E-04  0.184882E-04   0.00000      0.356594E-01   10.0973       0.00000    
   13.8177      0.148625E-02  0.501218E-04  0.183720E-04   0.00000      0.359177E-01   10.0651       0.00000    
   13.9200      0.147078E-02  0.499813E-04  0.182504E-04   0.00000      0.361775E-01   10.0297       0.00000    
   14.0229      0.145542E-02  0.498442E-04  0.181224E-04   0.00000      0.364407E-01   9.99015       0.00000    
   14.1267      0.144019E-02  0.497002E-04  0.179911E-04   0.00000      0.367008E-01   9.94995       0.00000    
   14.2312      0.142510E-02  0.495468E-04  0.178565E-04   0.00000      0.369563E-01   9.90951       0.00000    
   14.3365      0.141013E-02  0.493911E-04  0.177152E-04   0.00000      0.372107E-01   9.86574       0.00000    
   14.4426      0.139529E-02  0.492337E-04  0.175691E-04   0.00000      0.374651E-01   9.81949       0.00000    
   14.5494      0.138057E-02  0.490707E-04  0.174214E-04   0.00000      0.377173E-01   9.77308       0.00000    
   14.6571      0.136596E-02  0.489063E-04  0.172705E-04   0.00000      0.379706E-01   9.72497       0.00000    
   14.7655      0.135150E-02  0.487465E-04  0.171155E-04   0.00000      0.382270E-01   9.67339       0.00000    
   14.8748      0.133712E-02  0.485832E-04  0.169570E-04   0.00000      0.384839E-01   9.62024       0.00000    
   14.9848      0.132287E-02  0.484095E-04  0.167952E-04   0.00000      0.387341E-01   9.56688       0.00000    
   15.0957      0.130871E-02  0.482365E-04  0.166297E-04   0.00000      0.389870E-01   9.51091       0.00000    
   15.2074      0.129470E-02  0.480696E-04  0.164605E-04   0.00000      0.392446E-01   9.45141       0.00000    
   15.3199      0.128077E-02  0.478967E-04  0.162893E-04   0.00000      0.395004E-01   9.39138       0.00000    
   15.4332      0.126696E-02  0.477113E-04  0.161154E-04   0.00000      0.397482E-01   9.33170       0.00000    
   15.5474      0.125326E-02  0.475233E-04  0.159384E-04   0.00000      0.399957E-01   9.27021       0.00000    
   15.6625      0.123965E-02  0.473370E-04  0.157602E-04   0.00000      0.402465E-01   9.20725       0.00000    
   15.7783      0.122616E-02  0.471466E-04  0.155811E-04   0.00000      0.404960E-01   9.14389       0.00000    
   15.8951      0.121277E-02  0.469529E-04  0.153975E-04   0.00000      0.407441E-01   9.07809       0.00000    
   16.0127      0.119947E-02  0.467596E-04  0.152096E-04   0.00000      0.409939E-01   9.00912       0.00000    
   16.1311      0.118627E-02  0.465602E-04  0.150202E-04   0.00000      0.412412E-01   8.93978       0.00000    
   16.2505      0.117316E-02  0.463507E-04  0.148300E-04   0.00000      0.414823E-01   8.87108       0.00000    
   16.3707      0.116015E-02  0.461389E-04  0.146392E-04   0.00000      0.417235E-01   8.80176       0.00000    
   16.4918      0.114724E-02  0.459266E-04  0.144496E-04   0.00000      0.419667E-01   8.73239       0.00000    
   16.6139      0.113443E-02  0.457087E-04  0.142590E-04   0.00000      0.422072E-01   8.66273       0.00000    
   16.7368      0.112172E-02  0.454896E-04  0.140645E-04   0.00000      0.424476E-01   8.59030       0.00000    
   16.8606      0.110910E-02  0.452717E-04  0.138684E-04   0.00000      0.426909E-01   8.51590       0.00000    
   16.9854      0.109656E-02  0.450473E-04  0.136743E-04   0.00000      0.429316E-01   8.44294       0.00000    
   17.1110      0.108411E-02  0.448146E-04  0.134811E-04   0.00000      0.431675E-01   8.37115       0.00000    
   17.2376      0.107176E-02  0.445817E-04  0.132864E-04   0.00000      0.434049E-01   8.29765       0.00000    
   17.3652      0.105949E-02  0.443486E-04  0.130913E-04   0.00000      0.436439E-01   8.22309       0.00000    
   17.4936      0.104731E-02  0.441088E-04  0.128977E-04   0.00000      0.438797E-01   8.14963       0.00000    
   17.6231      0.103522E-02  0.438648E-04  0.127032E-04   0.00000      0.441133E-01   8.07551       0.00000    
   17.7535      0.102322E-02  0.436223E-04  0.125058E-04   0.00000      0.443495E-01   7.99838       0.00000    
   17.8848      0.101132E-02  0.433768E-04  0.123079E-04   0.00000      0.445843E-01   7.92047       0.00000    
   18.0171      0.999491E-03  0.431213E-04  0.121122E-04   0.00000      0.448129E-01   7.84466       0.00000    
   18.1504      0.987746E-03  0.428587E-04  0.119171E-04   0.00000      0.450365E-01   7.76943       0.00000    
   18.2847      0.976100E-03  0.425957E-04  0.117210E-04   0.00000      0.452607E-01   7.69263       0.00000    
   18.4200      0.964531E-03  0.423309E-04  0.115264E-04   0.00000      0.454854E-01   7.61597       0.00000    
   18.5563      0.953042E-03  0.420596E-04  0.113347E-04   0.00000      0.457064E-01   7.54120       0.00000    
   18.6936      0.941641E-03  0.417845E-04  0.111443E-04   0.00000      0.459253E-01   7.46685       0.00000    
   18.8319      0.930333E-03  0.415074E-04  0.109547E-04   0.00000      0.461433E-01   7.39225       0.00000    
   18.9712      0.919106E-03  0.412235E-04  0.107665E-04   0.00000      0.463562E-01   7.31864       0.00000    
   19.1116      0.907963E-03  0.409336E-04  0.105799E-04   0.00000      0.465644E-01   7.24594       0.00000    
   19.2530      0.896903E-03  0.406457E-04  0.103944E-04   0.00000      0.467762E-01   7.17244       0.00000    
   19.3954      0.885940E-03  0.403587E-04  0.102099E-04   0.00000      0.469898E-01   7.09841       0.00000    
   19.5389      0.875048E-03  0.400663E-04  0.100275E-04   0.00000      0.471998E-01   7.02544       0.00000    
   19.6835      0.864244E-03  0.397721E-04  0.984587E-05   0.00000      0.474087E-01   6.95222       0.00000    
   19.8291      0.853535E-03  0.394801E-04  0.966443E-05   0.00000      0.476205E-01   6.87754       0.00000    
   19.9758      0.842907E-03  0.391833E-04  0.948536E-05   0.00000      0.478285E-01   6.80409       0.00000    
   20.1236      0.832362E-03  0.388757E-04  0.931054E-05   0.00000      0.480261E-01   6.73418       0.00000    
   20.2725      0.821901E-03  0.385631E-04  0.913861E-05   0.00000      0.482189E-01   6.66595       0.00000    
   20.4225      0.811530E-03  0.382535E-04  0.896766E-05   0.00000      0.484154E-01   6.59673       0.00000    
   20.5736      0.801248E-03  0.379438E-04  0.879912E-05   0.00000      0.486125E-01   6.52803       0.00000    
   20.7258      0.791041E-03  0.376289E-04  0.863299E-05   0.00000      0.488046E-01   6.46073       0.00000    
   20.8792      0.780929E-03  0.373131E-04  0.846654E-05   0.00000      0.489950E-01   6.39212       0.00000    
   21.0336      0.770893E-03  0.369966E-04  0.830072E-05   0.00000      0.491850E-01   6.32285       0.00000    
   21.1893      0.760946E-03  0.366767E-04  0.813721E-05   0.00000      0.493708E-01   6.25461       0.00000    
   21.3460      0.751093E-03  0.363546E-04  0.797593E-05   0.00000      0.495534E-01   6.18711       0.00000    
   21.5040      0.741320E-03  0.360288E-04  0.781821E-05   0.00000      0.497319E-01   6.12166       0.00000    
   21.6631      0.731627E-03  0.356975E-04  0.766510E-05   0.00000      0.499041E-01   6.05937       0.00000    
   21.8233      0.722023E-03  0.353648E-04  0.751540E-05   0.00000      0.500739E-01   5.99874       0.00000    
   21.9848      0.712509E-03  0.350347E-04  0.736651E-05   0.00000      0.502461E-01   5.93711       0.00000    
   22.1475      0.703080E-03  0.347038E-04  0.721837E-05   0.00000      0.504161E-01   5.87498       0.00000    
   22.3113      0.693737E-03  0.343673E-04  0.707333E-05   0.00000      0.505778E-01   5.81498       0.00000    
   22.4764      0.684480E-03  0.340293E-04  0.693127E-05   0.00000      0.507363E-01   5.75642       0.00000    
   22.6427      0.675310E-03  0.336942E-04  0.679086E-05   0.00000      0.508977E-01   5.69748       0.00000    
   22.8102      0.666231E-03  0.333586E-04  0.665302E-05   0.00000      0.510567E-01   5.63952       0.00000    
   22.9790      0.657232E-03  0.330186E-04  0.651862E-05   0.00000      0.512086E-01   5.58393       0.00000    
   23.1490      0.648323E-03  0.326789E-04  0.638596E-05   0.00000      0.513586E-01   5.52857       0.00000    
   23.3203      0.639504E-03  0.323415E-04  0.625450E-05   0.00000      0.515099E-01   5.47264       0.00000    
   23.4928      0.630765E-03  0.320009E-04  0.612620E-05   0.00000      0.516548E-01   5.41874       0.00000    
   23.6666      0.622116E-03  0.316563E-04  0.600146E-05   0.00000      0.517912E-01   5.36742       0.00000    
   23.8417      0.613553E-03  0.313123E-04  0.587811E-05   0.00000      0.519259E-01   5.31606       0.00000    
   24.0181      0.605079E-03  0.309696E-04  0.575516E-05   0.00000      0.520590E-01   5.26367       0.00000    
   24.1958      0.596689E-03  0.306265E-04  0.563439E-05   0.00000      0.521888E-01   5.21210       0.00000    
   24.3748      0.588384E-03  0.302837E-04  0.551664E-05   0.00000      0.523163E-01   5.16204       0.00000    
   24.5552      0.580170E-03  0.299427E-04  0.540098E-05   0.00000      0.524432E-01   5.11245       0.00000    
   24.7368      0.572037E-03  0.296022E-04  0.528763E-05   0.00000      0.525678E-01   5.06376       0.00000    
   24.9199      0.563993E-03  0.292586E-04  0.517777E-05   0.00000      0.526837E-01   5.01775       0.00000    
   25.1042      0.556029E-03  0.289137E-04  0.507074E-05   0.00000      0.527940E-01   4.97354       0.00000    
   25.2900      0.548154E-03  0.285747E-04  0.496408E-05   0.00000      0.529098E-01   4.92761       0.00000    
   25.4771      0.540374E-03  0.282393E-04  0.485819E-05   0.00000      0.530264E-01   4.88071       0.00000    
   25.6656      0.532672E-03  0.279013E-04  0.475557E-05   0.00000      0.531352E-01   4.83635       0.00000    
   25.8555      0.525056E-03  0.275643E-04  0.465564E-05   0.00000      0.532413E-01   4.79342       0.00000    
   26.0468      0.517528E-03  0.272275E-04  0.455810E-05   0.00000      0.533429E-01   4.75181       0.00000    
   26.2395      0.510079E-03  0.268902E-04  0.446408E-05   0.00000      0.534393E-01   4.71289       0.00000    
   26.4336      0.502721E-03  0.265586E-04  0.437169E-05   0.00000      0.535406E-01   4.67369       0.00000    
   26.6292      0.495439E-03  0.262307E-04  0.427970E-05   0.00000      0.536444E-01   4.63325       0.00000    
   26.8262      0.488246E-03  0.258994E-04  0.419025E-05   0.00000      0.537355E-01   4.59512       0.00000    
   27.0247      0.481131E-03  0.255651E-04  0.410306E-05   0.00000      0.538155E-01   4.55895       0.00000    
   27.2246      0.474101E-03  0.252348E-04  0.401538E-05   0.00000      0.538963E-01   4.52057       0.00000    
   27.4261      0.467155E-03  0.249086E-04  0.392839E-05   0.00000      0.539788E-01   4.48121       0.00000    
   27.6290      0.460287E-03  0.245818E-04  0.384463E-05   0.00000      0.540546E-01   4.44456       0.00000    
   27.8334      0.453502E-03  0.242571E-04  0.376260E-05   0.00000      0.541281E-01   4.40853       0.00000    
   28.0393      0.446802E-03  0.239381E-04  0.368096E-05   0.00000      0.542063E-01   4.37094       0.00000    
   28.2468      0.440187E-03  0.236197E-04  0.360230E-05   0.00000      0.542787E-01   4.33575       0.00000    
   28.4558      0.433641E-03  0.232986E-04  0.352797E-05   0.00000      0.543403E-01   4.30527       0.00000    
   28.6663      0.427176E-03  0.229802E-04  0.345510E-05   0.00000      0.544001E-01   4.27523       0.00000    
   28.8784      0.420794E-03  0.226675E-04  0.338213E-05   0.00000      0.544648E-01   4.24313       0.00000    
   29.0921      0.414495E-03  0.223568E-04  0.331061E-05   0.00000      0.545257E-01   4.21158       0.00000    
   29.3073      0.408270E-03  0.220465E-04  0.324129E-05   0.00000      0.545803E-01   4.18187       0.00000    
   29.5241      0.402125E-03  0.217404E-04  0.317316E-05   0.00000      0.546366E-01   4.15203       0.00000    
   29.7426      0.396057E-03  0.214389E-04  0.310554E-05   0.00000      0.546960E-01   4.12113       0.00000    
   29.9626      0.390060E-03  0.211376E-04  0.303960E-05   0.00000      0.547481E-01   4.09152       0.00000    
   30.1843      0.384137E-03  0.208369E-04  0.297593E-05   0.00000      0.547939E-01   4.06401       0.00000    
   30.4076      0.378298E-03  0.205405E-04  0.291311E-05   0.00000      0.548404E-01   4.03601       0.00000    
   30.6326      0.372532E-03  0.202472E-04  0.285102E-05   0.00000      0.548863E-01   4.00758       0.00000    
   30.8592      0.366839E-03  0.199548E-04  0.279026E-05   0.00000      0.549257E-01   3.98000       0.00000    
   31.0876      0.361220E-03  0.196647E-04  0.273061E-05   0.00000      0.549620E-01   3.95273       0.00000    
   31.3176      0.355678E-03  0.193772E-04  0.267239E-05   0.00000      0.549952E-01   3.92618       0.00000    
   31.5493      0.350210E-03  0.190919E-04  0.261628E-05   0.00000      0.550249E-01   3.90150       0.00000    
   31.7827      0.344807E-03  0.188104E-04  0.256213E-05   0.00000      0.550572E-01   3.87820       0.00000    
   32.0178      0.339481E-03  0.185342E-04  0.250873E-05   0.00000      0.550935E-01   3.85427       0.00000    
   32.2547      0.334225E-03  0.182604E-04  0.245552E-05   0.00000      0.551269E-01   3.82938       0.00000    
   32.4934      0.329041E-03  0.179857E-04  0.240316E-05   0.00000      0.551466E-01   3.80526       0.00000    
   32.7338      0.323925E-03  0.177122E-04  0.235243E-05   0.00000      0.551603E-01   3.78271       0.00000    
   32.9760      0.318874E-03  0.174437E-04  0.230378E-05   0.00000      0.551791E-01   3.76175       0.00000    
   33.2199      0.313892E-03  0.171778E-04  0.225709E-05   0.00000      0.551955E-01   3.74277       0.00000    
   33.4657      0.308978E-03  0.169129E-04  0.221059E-05   0.00000      0.552040E-01   3.72329       0.00000    
   33.7133      0.304134E-03  0.166519E-04  0.216369E-05   0.00000      0.552123E-01   3.70166       0.00000    
   33.9628      0.299354E-03  0.163950E-04  0.211829E-05   0.00000      0.552234E-01   3.68100       0.00000    
   34.2140      0.294635E-03  0.161398E-04  0.207484E-05   0.00000      0.552297E-01   3.66273       0.00000    
   34.4672      0.289983E-03  0.158868E-04  0.203149E-05   0.00000      0.552313E-01   3.64351       0.00000    
   34.7222      0.285400E-03  0.156382E-04  0.198723E-05   0.00000      0.552344E-01   3.62105       0.00000    
   34.9791      0.280883E-03  0.153934E-04  0.194333E-05   0.00000      0.552387E-01   3.59760       0.00000    
   35.2379      0.276423E-03  0.151512E-04  0.190089E-05   0.00000      0.552414E-01   3.57551       0.00000    
   35.4986      0.272028E-03  0.149116E-04  0.185994E-05   0.00000      0.552413E-01   3.55491       0.00000    
   35.7612      0.267695E-03  0.146750E-04  0.182006E-05   0.00000      0.552399E-01   3.53500       0.00000    
   36.0258      0.263423E-03  0.144405E-04  0.178133E-05   0.00000      0.552342E-01   3.51612       0.00000    
   36.2924      0.259209E-03  0.142073E-04  0.174397E-05   0.00000      0.552217E-01   3.49908       0.00000    
   36.5609      0.255055E-03  0.139771E-04  0.170713E-05   0.00000      0.552077E-01   3.48175       0.00000    
   36.8314      0.250964E-03  0.137501E-04  0.167049E-05   0.00000      0.551922E-01   3.46343       0.00000    
   37.1039      0.246930E-03  0.135255E-04  0.163529E-05   0.00000      0.551735E-01   3.44691       0.00000    
   37.3784      0.242952E-03  0.133048E-04  0.160132E-05   0.00000      0.551585E-01   3.43145       0.00000    
   37.6550      0.239031E-03  0.130880E-04  0.156770E-05   0.00000      0.551457E-01   3.41522       0.00000    
   37.9336      0.235168E-03  0.128722E-04  0.153463E-05   0.00000      0.551238E-01   3.39938       0.00000    
   38.2142      0.231360E-03  0.126581E-04  0.150249E-05   0.00000      0.550958E-01   3.38462       0.00000    
   38.4969      0.227605E-03  0.124484E-04  0.147114E-05   0.00000      0.550736E-01   3.36994       0.00000    
   38.7818      0.223904E-03  0.122420E-04  0.144021E-05   0.00000      0.550523E-01   3.35484       0.00000    
   39.0687      0.220259E-03  0.120362E-04  0.141005E-05   0.00000      0.550192E-01   3.34089       0.00000    
   39.3578      0.216662E-03  0.118319E-04  0.138016E-05   0.00000      0.549800E-01   3.32668       0.00000    
   39.6490      0.213120E-03  0.116320E-04  0.134978E-05   0.00000      0.549456E-01   3.30952       0.00000    
   39.9423      0.209634E-03  0.114355E-04  0.131968E-05   0.00000      0.549120E-01   3.29145       0.00000    
   40.2378      0.206194E-03  0.112407E-04  0.129138E-05   0.00000      0.548738E-01   3.27682       0.00000    
   40.5355      0.202803E-03  0.110477E-04  0.126459E-05   0.00000      0.548310E-01   3.26499       0.00000    
   40.8354      0.199462E-03  0.108576E-04  0.123736E-05   0.00000      0.547866E-01   3.25076       0.00000    
   41.1376      0.196175E-03  0.106707E-04  0.120993E-05   0.00000      0.547425E-01   3.23451       0.00000    
   41.4419      0.192935E-03  0.104871E-04  0.118348E-05   0.00000      0.547008E-01   3.21932       0.00000    
   41.7485      0.189743E-03  0.103067E-04  0.115793E-05   0.00000      0.546611E-01   3.20507       0.00000    
   42.0574      0.186600E-03  0.101283E-04  0.113288E-05   0.00000      0.546165E-01   3.19110       0.00000    
   42.3686      0.183502E-03  0.995127E-05  0.110853E-05   0.00000      0.545652E-01   3.17815       0.00000    
   42.6821      0.180449E-03  0.977670E-05  0.108492E-05   0.00000      0.545124E-01   3.16609       0.00000    
   42.9978      0.177443E-03  0.960511E-05  0.106099E-05   0.00000      0.544599E-01   3.15169       0.00000    
   43.3160      0.174482E-03  0.943552E-05  0.103699E-05   0.00000      0.544030E-01   3.13590       0.00000    
   43.6365      0.171561E-03  0.926710E-05  0.101484E-05   0.00000      0.543391E-01   3.12477       0.00000    
   43.9593      0.168685E-03  0.910073E-05  0.994282E-06   0.00000      0.542720E-01   3.11750       0.00000    
   44.2845      0.165855E-03  0.893830E-05  0.973701E-06   0.00000      0.542111E-01   3.10852       0.00000    
   44.6122      0.163067E-03  0.877878E-05  0.953018E-06   0.00000      0.541518E-01   3.09786       0.00000    
   44.9423      0.160318E-03  0.862009E-05  0.932162E-06   0.00000      0.540822E-01   3.08594       0.00000    
   45.2748      0.157614E-03  0.846411E-05  0.910923E-06   0.00000      0.540115E-01   3.07132       0.00000    
   45.6097      0.154952E-03  0.831206E-05  0.890163E-06   0.00000      0.539497E-01   3.05634       0.00000    
   45.9472      0.152328E-03  0.816094E-05  0.869976E-06   0.00000      0.538783E-01   3.04244       0.00000    
   46.2871      0.149744E-03  0.801055E-05  0.849746E-06   0.00000      0.537951E-01   3.02760       0.00000    
   46.6296      0.147199E-03  0.786417E-05  0.829622E-06   0.00000      0.537217E-01   3.01104       0.00000    
   46.9746      0.144694E-03  0.772042E-05  0.810106E-06   0.00000      0.536497E-01   2.99507       0.00000    
   47.3221      0.142225E-03  0.757721E-05  0.791297E-06   0.00000      0.535661E-01   2.98093       0.00000    
   47.6723      0.139792E-03  0.743647E-05  0.772239E-06   0.00000      0.534826E-01   2.96431       0.00000    
   48.0250      0.137401E-03  0.729854E-05  0.752508E-06   0.00000      0.534003E-01   2.94331       0.00000    
   48.3803      0.135044E-03  0.716235E-05  0.733637E-06   0.00000      0.533145E-01   2.92420       0.00000    
   48.7382      0.132723E-03  0.702781E-05  0.715982E-06   0.00000      0.532252E-01   2.90857       0.00000    
   49.0988      0.130438E-03  0.689532E-05  0.698086E-06   0.00000      0.531332E-01   2.89048       0.00000    
   49.4621      0.128187E-03  0.676561E-05  0.679881E-06   0.00000      0.530451E-01   2.86921       0.00000    
   49.8281      0.125970E-03  0.663718E-05  0.662104E-06   0.00000      0.529502E-01   2.84840       0.00000    
   50.1967      0.123786E-03  0.650963E-05  0.645032E-06   0.00000      0.528451E-01   2.82945       0.00000    
   50.5681      0.121637E-03  0.638555E-05  0.628345E-06   0.00000      0.527505E-01   2.80994       0.00000    
   50.9423      0.119523E-03  0.626400E-05  0.611529E-06   0.00000      0.526575E-01   2.78794       0.00000    
   51.3192      0.117440E-03  0.614302E-05  0.595014E-06   0.00000      0.525526E-01   2.76621       0.00000    
   51.6988      0.115387E-03  0.602317E-05  0.578673E-06   0.00000      0.524400E-01   2.74391       0.00000    
   52.0813      0.113367E-03  0.590537E-05  0.562336E-06   0.00000      0.523264E-01   2.71978       0.00000    
   52.4667      0.111378E-03  0.578972E-05  0.546686E-06   0.00000      0.522141E-01   2.69704       0.00000    
   52.8549      0.109420E-03  0.567623E-05  0.531134E-06   0.00000      0.521023E-01   2.67284       0.00000    
   53.2459      0.107493E-03  0.556572E-05  0.515295E-06   0.00000      0.519988E-01   2.64479       0.00000    
   53.6399      0.105597E-03  0.545661E-05  0.499706E-06   0.00000      0.518903E-01   2.61622       0.00000    
   54.0367      0.103728E-03  0.534777E-05  0.484744E-06   0.00000      0.517673E-01   2.58969       0.00000    
   54.4365      0.101886E-03  0.524056E-05  0.470280E-06   0.00000      0.516420E-01   2.56395       0.00000    
   54.8393      0.100075E-03  0.513554E-05  0.455629E-06   0.00000      0.515183E-01   2.53503       0.00000    
   55.2450      0.982913E-04  0.503241E-05  0.440728E-06   0.00000      0.513949E-01   2.50254       0.00000    
   55.6538      0.965349E-04  0.493074E-05  0.425838E-06   0.00000      0.512675E-01   2.46802       0.00000    
   56.0655      0.948071E-04  0.483100E-05  0.411139E-06   0.00000      0.511403E-01   2.43220       0.00000    
   56.4803      0.931053E-04  0.473289E-05  0.396929E-06   0.00000      0.510123E-01   2.39697       0.00000    
   56.8982      0.914291E-04  0.463589E-05  0.383441E-06   0.00000      0.508779E-01   2.36413       0.00000    
   57.3192      0.897789E-04  0.454058E-05  0.370096E-06   0.00000      0.507429E-01   2.32989       0.00000    
   57.7433      0.881569E-04  0.444773E-05  0.356127E-06   0.00000      0.506139E-01   2.28894       0.00000    
   58.1705      0.865603E-04  0.435704E-05  0.341967E-06   0.00000      0.504901E-01   2.24386       0.00000    
   58.6009      0.849864E-04  0.426731E-05  0.328561E-06   0.00000      0.503603E-01   2.20139       0.00000    
   59.0344      0.834359E-04  0.417852E-05  0.315832E-06   0.00000      0.502235E-01   2.16123       0.00000    
   59.4712      0.819105E-04  0.409157E-05  0.302820E-06   0.00000      0.500883E-01   2.11639       0.00000    
   59.9112      0.804096E-04  0.400637E-05  0.289408E-06   0.00000      0.499543E-01   2.06585       0.00000    
   60.3545      0.789325E-04  0.392227E-05  0.275860E-06   0.00000      0.498143E-01   2.01154       0.00000    
   60.8010      0.774787E-04  0.383975E-05  0.262199E-06   0.00000      0.496741E-01   1.95320       0.00000    
   61.2509      0.760484E-04  0.375911E-05  0.248793E-06   0.00000      0.495386E-01   1.89327       0.00000    
   61.7040      0.746393E-04  0.367964E-05  0.236048E-06   0.00000      0.494003E-01   1.83525       0.00000    
   62.1606      0.732520E-04  0.360113E-05  0.223606E-06   0.00000      0.492555E-01   1.77656       0.00000    
   62.6205      0.718863E-04  0.352432E-05  0.210831E-06   0.00000      0.491140E-01   1.71173       0.00000    
   63.0838      0.705429E-04  0.344931E-05  0.197954E-06   0.00000      0.489771E-01   1.64228       0.00000    
   63.5505      0.692195E-04  0.337513E-05  0.184957E-06   0.00000      0.488330E-01   1.56834       0.00000    
   64.0207      0.679162E-04  0.330205E-05  0.171805E-06   0.00000      0.486853E-01   1.48920       0.00000    
   64.4944      0.666340E-04  0.323059E-05  0.158510E-06   0.00000      0.485408E-01   1.40449       0.00000    
   64.9715      0.653716E-04  0.316007E-05  0.145205E-06   0.00000      0.483911E-01   1.31545       0.00000    
   65.4522      0.641278E-04  0.309007E-05  0.132641E-06   0.00000      0.482304E-01   1.22896       0.00000    
   65.9365      0.629038E-04  0.302112E-05  0.120362E-06   0.00000      0.480657E-01   1.14074       0.00000    
   66.4243      0.616999E-04  0.295407E-05  0.107987E-06   0.00000      0.479100E-01   1.04677       0.00000    
   66.9158      0.605135E-04  0.288843E-05  0.958752E-07   0.00000      0.477583E-01  0.950556       0.00000    
   67.4109      0.593465E-04  0.282389E-05  0.834528E-07   0.00000      0.476038E-01  0.846368       0.00000    
   67.9096      0.581988E-04  0.276134E-05  0.705802E-07   0.00000      0.474623E-01  0.732083       0.00000    
   68.4121      0.570685E-04  0.270022E-05  0.577321E-07   0.00000      0.473262E-01  0.612413       0.00000    
   68.9182      0.559556E-04  0.263925E-05  0.447485E-07   0.00000      0.471737E-01  0.485679       0.00000    
   69.4281      0.548599E-04  0.257920E-05  0.318202E-07   0.00000      0.470179E-01  0.353418       0.00000    
   69.9418      0.537808E-04  0.252100E-05  0.192542E-07   0.00000      0.468768E-01  0.218795       0.00000    
   70.4593      0.527195E-04  0.246388E-05  0.654450E-08   0.00000      0.467358E-01  0.760939E-01   0.00000    
   70.9806      0.516753E-04  0.240761E-05 -0.653844E-08   0.00000      0.465912E-01 -0.778001E-01   0.00000    
   71.5057      0.506476E-04  0.235280E-05 -0.193963E-07   0.00000      0.464560E-01 -0.236165       0.00000    
   72.0348      0.496353E-04  0.229919E-05 -0.316467E-07   0.00000      0.463260E-01 -0.394293       0.00000    
   72.5677      0.486379E-04  0.224612E-05 -0.435153E-07   0.00000      0.461891E-01 -0.554942       0.00000    
   73.1046      0.476561E-04  0.219385E-05 -0.553582E-07   0.00000      0.460496E-01 -0.722730       0.00000    
   73.6455      0.466903E-04  0.214330E-05 -0.676054E-07   0.00000      0.459274E-01 -0.903332       0.00000    
   74.1904      0.457405E-04  0.209440E-05 -0.801852E-07   0.00000      0.458223E-01  -1.09626       0.00000    
   74.7393      0.448041E-04  0.204634E-05 -0.925245E-07   0.00000      0.457198E-01  -1.29442       0.00000    
   75.2923      0.438825E-04  0.199912E-05 -0.104518E-06   0.00000      0.456185E-01  -1.49641       0.00000    
   75.8493      0.429754E-04  0.195300E-05 -0.116467E-06   0.00000      0.455253E-01  -1.70639       0.00000    
   76.4105      0.420826E-04  0.190782E-05 -0.128429E-06   0.00000      0.454378E-01  -1.92558       0.00000    
   76.9758      0.412037E-04  0.186355E-05 -0.140230E-06   0.00000      0.453556E-01  -2.15166       0.00000    
   77.5454      0.403383E-04  0.182045E-05 -0.151680E-06   0.00000      0.452860E-01  -2.38144       0.00000    
   78.1191      0.394868E-04  0.177852E-05 -0.162610E-06   0.00000      0.452287E-01  -2.61202       0.00000    
   78.6971      0.386481E-04  0.173736E-05 -0.173154E-06   0.00000      0.451760E-01  -2.84580       0.00000    
   79.2793      0.378228E-04  0.169700E-05 -0.183601E-06   0.00000      0.451289E-01  -3.08745       0.00000    
   79.8659      0.370101E-04  0.165771E-05 -0.193983E-06   0.00000      0.450965E-01  -3.33716       0.00000    
   80.4568      0.362090E-04  0.161914E-05 -0.204007E-06   0.00000      0.450700E-01  -3.59064       0.00000    
   81.0521      0.354204E-04  0.158096E-05 -0.213498E-06   0.00000      0.450392E-01  -3.84545       0.00000    
   81.6517      0.346441E-04  0.154368E-05 -0.222778E-06   0.00000      0.450198E-01  -4.10600       0.00000    
   82.2558      0.338806E-04  0.150748E-05 -0.232073E-06   0.00000      0.450181E-01  -4.37593       0.00000    
   82.8644      0.331288E-04  0.147178E-05 -0.241132E-06   0.00000      0.450184E-01  -4.65225       0.00000    
   83.4775      0.323886E-04  0.143654E-05 -0.249718E-06   0.00000      0.450185E-01  -4.93066       0.00000    
   84.0951      0.316602E-04  0.140202E-05 -0.257853E-06   0.00000      0.450261E-01  -5.21055       0.00000    
   84.7173      0.309436E-04  0.136791E-05 -0.265614E-06   0.00000      0.450321E-01  -5.49434       0.00000    
   85.3441      0.302382E-04  0.133398E-05 -0.272893E-06   0.00000      0.450294E-01  -5.78074       0.00000    
   85.9755      0.295441E-04  0.130050E-05 -0.279670E-06   0.00000      0.450251E-01  -6.06827       0.00000    
   86.6116      0.288613E-04  0.126748E-05 -0.286007E-06   0.00000      0.450205E-01  -6.35793       0.00000    
   87.2525      0.281893E-04  0.123457E-05 -0.291720E-06   0.00000      0.450018E-01  -6.64737       0.00000    
   87.8980      0.275280E-04  0.120180E-05 -0.296635E-06   0.00000      0.449676E-01  -6.93245       0.00000    
   88.5483      0.268772E-04  0.116942E-05 -0.300684E-06   0.00000      0.449248E-01  -7.20986       0.00000    
   89.2035      0.262369E-04  0.113721E-05 -0.303889E-06   0.00000      0.448648E-01  -7.48059       0.00000    
   89.8635      0.256065E-04  0.110500E-05 -0.306105E-06   0.00000      0.447783E-01  -7.74185       0.00000    
   90.5283      0.249868E-04  0.107313E-05 -0.307124E-06   0.00000      0.446723E-01  -7.98541       0.00000    
   91.1981      0.243766E-04  0.104188E-05 -0.306902E-06   0.00000      0.445569E-01  -8.20655       0.00000    
   91.8729      0.237764E-04  0.101090E-05 -0.305286E-06   0.00000      0.444136E-01  -8.40197       0.00000    
   92.5526      0.231849E-04  0.980062E-06 -0.302201E-06   0.00000      0.442356E-01  -8.56853       0.00000    
   93.2374      0.226032E-04  0.949830E-06 -0.297843E-06   0.00000      0.440395E-01  -8.70505       0.00000    
   93.9272      0.220318E-04  0.920316E-06 -0.292378E-06   0.00000      0.438294E-01  -8.81234       0.00000    
   94.6221      0.214699E-04  0.891053E-06 -0.285839E-06   0.00000      0.435856E-01  -8.89280       0.00000    
   95.3222      0.209177E-04  0.861842E-06 -0.278318E-06   0.00000      0.432966E-01  -8.94850       0.00000    
   96.0275      0.203755E-04  0.832960E-06 -0.269962E-06   0.00000      0.429738E-01  -8.97874       0.00000    
   96.7379      0.198432E-04  0.804479E-06 -0.260753E-06   0.00000      0.426183E-01  -8.97943       0.00000    
   97.4537      0.193207E-04  0.776011E-06 -0.250498E-06   0.00000      0.422056E-01  -8.94508       0.00000    
   98.1747      0.188076E-04  0.747478E-06 -0.239214E-06   0.00000      0.417290E-01  -8.87307       0.00000    
   98.9010      0.183054E-04  0.719811E-06 -0.227119E-06   0.00000      0.412334E-01  -8.75592       0.00000    
   99.6328      0.178136E-04  0.693583E-06 -0.214507E-06   0.00000      0.407552E-01  -8.59272       0.00000    
