   1.20444      0.444597     -0.875217E-02 -0.255815E-04   0.00000      0.196857E-01   90.0837       0.00000    
   1.21335      0.438110     -0.862183E-02 -0.246142E-04   0.00000      0.196797E-01   90.0818       0.00000    
   1.22233      0.431716     -0.849331E-02 -0.236536E-04   0.00000      0.196735E-01   90.0798       0.00000    
   1.23137      0.425424     -0.836682E-02 -0.227094E-04   0.00000      0.196671E-01   90.0778       0.00000    
   1.24048      0.419213     -0.824191E-02 -0.217797E-04   0.00000      0.196605E-01   90.0757       0.00000    
   1.24966      0.413105     -0.811906E-02 -0.208622E-04   0.00000      0.196538E-01   90.0736       0.00000    
   1.25891      0.407076     -0.799778E-02 -0.199497E-04   0.00000      0.196470E-01   90.0715       0.00000    
   1.26822      0.401142     -0.787837E-02 -0.190476E-04   0.00000      0.196399E-01   90.0693       0.00000    
   1.27760      0.395294     -0.776061E-02 -0.181615E-04   0.00000      0.196326E-01   90.0670       0.00000    
   1.28706      0.389525     -0.764441E-02 -0.172884E-04   0.00000      0.196250E-01   90.0648       0.00000    
   1.29658      0.383850     -0.753010E-02 -0.164260E-04   0.00000      0.196173E-01   90.0625       0.00000    
   1.30617      0.378254     -0.741737E-02 -0.155701E-04   0.00000      0.196095E-01   90.0601       0.00000    
   1.31583      0.372739     -0.730630E-02 -0.147233E-04   0.00000      0.196017E-01   90.0577       0.00000    
   1.32557      0.367304     -0.719689E-02 -0.138867E-04   0.00000      0.195939E-01   90.0553       0.00000    
   1.33538      0.361952     -0.708923E-02 -0.130520E-04   0.00000      0.195861E-01   90.0527       0.00000    
   1.34526      0.356673     -0.698309E-02 -0.122153E-04   0.00000      0.195784E-01   90.0501       0.00000    
   1.35521      0.351480     -0.687871E-02 -0.113916E-04   0.00000      0.195707E-01   90.0474       0.00000    
   1.36524      0.346351     -0.677564E-02 -0.105946E-04   0.00000      0.195629E-01   90.0448       0.00000    
   1.37534      0.341308     -0.667431E-02 -0.982603E-05   0.00000      0.195551E-01   90.0422       0.00000    
   1.38551      0.336337     -0.657446E-02 -0.907069E-05   0.00000      0.195473E-01   90.0395       0.00000    
   1.39576      0.331435     -0.647600E-02 -0.832567E-05   0.00000      0.195393E-01   90.0368       0.00000    
   1.40609      0.326604     -0.637899E-02 -0.759706E-05   0.00000      0.195313E-01   90.0341       0.00000    
   1.41649      0.321851     -0.628354E-02 -0.688746E-05   0.00000      0.195232E-01   90.0314       0.00000    
   1.42697      0.317160     -0.618938E-02 -0.619415E-05   0.00000      0.195150E-01   90.0287       0.00000    
   1.43753      0.312538     -0.609662E-02 -0.550777E-05   0.00000      0.195068E-01   90.0259       0.00000    
   1.44817      0.307989     -0.600530E-02 -0.481417E-05   0.00000      0.194984E-01   90.0230       0.00000    
   1.45888      0.303506     -0.591531E-02 -0.412020E-05   0.00000      0.194899E-01   90.0200       0.00000    
   1.46968      0.299084     -0.582650E-02 -0.343385E-05   0.00000      0.194812E-01   90.0169       0.00000    
   1.48055      0.294731     -0.573906E-02 -0.274509E-05   0.00000      0.194722E-01   90.0137       0.00000    
   1.49150      0.290440     -0.565283E-02 -0.205421E-05   0.00000      0.194630E-01   90.0104       0.00000    
   1.50254      0.286212     -0.556789E-02 -0.136764E-05   0.00000      0.194537E-01   90.0070       0.00000    
   1.51366      0.282046     -0.548419E-02 -0.679004E-06   0.00000      0.194443E-01   90.0035       0.00000    
   1.52486      0.277942     -0.540169E-02  0.163145E-07   0.00000      0.194346E-01   89.9999       0.00000    
   1.53614      0.273896     -0.532031E-02  0.730695E-06   0.00000      0.194246E-01   89.9961       0.00000    
   1.54750      0.269908     -0.524005E-02  0.147978E-05   0.00000      0.194142E-01   89.9919       0.00000    
   1.55895      0.265986     -0.516110E-02  0.225921E-05   0.00000      0.194036E-01   89.9875       0.00000    
   1.57049      0.262113     -0.508311E-02  0.305455E-05   0.00000      0.193928E-01   89.9828       0.00000    
   1.58211      0.258302     -0.500634E-02  0.385665E-05   0.00000      0.193817E-01   89.9779       0.00000    
   1.59381      0.254547     -0.493067E-02  0.465382E-05   0.00000      0.193704E-01   89.9730       0.00000    
   1.60560      0.250845     -0.485606E-02  0.542782E-05   0.00000      0.193588E-01   89.9680       0.00000    
   1.61748      0.247197     -0.478255E-02  0.617712E-05   0.00000      0.193471E-01   89.9630       0.00000    
   1.62945      0.243606     -0.471017E-02  0.691492E-05   0.00000      0.193352E-01   89.9579       0.00000    
   1.64151      0.240065     -0.463877E-02  0.766064E-05   0.00000      0.193230E-01   89.9527       0.00000    
   1.65365      0.236574     -0.456838E-02  0.840462E-05   0.00000      0.193106E-01   89.9473       0.00000    
   1.66588      0.233137     -0.449909E-02  0.911416E-05   0.00000      0.192981E-01   89.9420       0.00000    
   1.67821      0.229747     -0.443071E-02  0.979308E-05   0.00000      0.192852E-01   89.9367       0.00000    
   1.69063      0.226410     -0.436334E-02  0.104604E-04   0.00000      0.192719E-01   89.9313       0.00000    
   1.70313      0.223120     -0.429690E-02  0.111061E-04   0.00000      0.192583E-01   89.9260       0.00000    
   1.71574      0.219879     -0.423143E-02  0.117113E-04   0.00000      0.192444E-01   89.9207       0.00000    
   1.72843      0.216687     -0.416690E-02  0.122735E-04   0.00000      0.192301E-01   89.9156       0.00000    
   1.74122      0.213539     -0.410323E-02  0.128098E-04   0.00000      0.192154E-01   89.9106       0.00000    
   1.75410      0.210442     -0.404050E-02  0.133346E-04   0.00000      0.192002E-01   89.9054       0.00000    
   1.76708      0.207384     -0.397852E-02  0.138428E-04   0.00000      0.191844E-01   89.9003       0.00000    
   1.78015      0.204373     -0.391739E-02  0.143328E-04   0.00000      0.191680E-01   89.8952       0.00000    
   1.79332      0.201408     -0.385710E-02  0.148090E-04   0.00000      0.191508E-01   89.8900       0.00000    
   1.80659      0.198483     -0.379754E-02  0.152680E-04   0.00000      0.191330E-01   89.8848       0.00000    
   1.81996      0.195603     -0.373887E-02  0.157053E-04   0.00000      0.191147E-01   89.8797       0.00000    
   1.83342      0.192765     -0.368103E-02  0.161246E-04   0.00000      0.190961E-01   89.8745       0.00000    
   1.84699      0.189967     -0.362400E-02  0.165310E-04   0.00000      0.190772E-01   89.8693       0.00000    
   1.86065      0.187214     -0.356794E-02  0.169186E-04   0.00000      0.190583E-01   89.8642       0.00000    
   1.87442      0.184496     -0.351270E-02  0.172885E-04   0.00000      0.190396E-01   89.8590       0.00000    
   1.88829      0.181824     -0.345848E-02  0.176424E-04   0.00000      0.190213E-01   89.8539       0.00000    
   1.90226      0.179185     -0.340508E-02  0.179751E-04   0.00000      0.190035E-01   89.8488       0.00000    
   1.91633      0.176590     -0.335270E-02  0.182807E-04   0.00000      0.189861E-01   89.8438       0.00000    
   1.93051      0.174029     -0.330108E-02  0.185615E-04   0.00000      0.189689E-01   89.8389       0.00000    
   1.94479      0.171507     -0.325034E-02  0.188247E-04   0.00000      0.189519E-01   89.8341       0.00000    
   1.95918      0.169020     -0.320036E-02  0.190891E-04   0.00000      0.189351E-01   89.8291       0.00000    
   1.97368      0.166574     -0.315126E-02  0.193547E-04   0.00000      0.189184E-01   89.8241       0.00000    
   1.98828      0.164158     -0.310281E-02  0.195984E-04   0.00000      0.189017E-01   89.8190       0.00000    
   2.00299      0.161784     -0.305525E-02  0.198081E-04   0.00000      0.188851E-01   89.8143       0.00000    
   2.01781      0.159441     -0.300833E-02  0.199922E-04   0.00000      0.188684E-01   89.8096       0.00000    
   2.03274      0.157132     -0.296211E-02  0.201430E-04   0.00000      0.188515E-01   89.8052       0.00000    
   2.04778      0.154859     -0.291662E-02  0.202458E-04   0.00000      0.188345E-01   89.8011       0.00000    
   2.06293      0.152617     -0.287177E-02  0.203143E-04   0.00000      0.188173E-01   89.7973       0.00000    
   2.07819      0.150411     -0.282759E-02  0.203784E-04   0.00000      0.187996E-01   89.7935       0.00000    
   2.09357      0.148234     -0.278394E-02  0.204490E-04   0.00000      0.187813E-01   89.7896       0.00000    
   2.10906      0.146090     -0.274092E-02  0.205151E-04   0.00000      0.187623E-01   89.7856       0.00000    
   2.12466      0.143978     -0.269847E-02  0.205758E-04   0.00000      0.187428E-01   89.7816       0.00000    
   2.14038      0.141896     -0.265656E-02  0.206511E-04   0.00000      0.187224E-01   89.7773       0.00000    
   2.15622      0.139847     -0.261519E-02  0.207598E-04   0.00000      0.187010E-01   89.7726       0.00000    
   2.17217      0.137826     -0.257431E-02  0.209031E-04   0.00000      0.186786E-01   89.7674       0.00000    
   2.18824      0.135834     -0.253397E-02  0.210830E-04   0.00000      0.186555E-01   89.7617       0.00000    
   2.20443      0.133874     -0.249422E-02  0.213262E-04   0.00000      0.186317E-01   89.7551       0.00000    
   2.22074      0.131942     -0.245495E-02  0.216568E-04   0.00000      0.186070E-01   89.7473       0.00000    
   2.23717      0.130040     -0.241622E-02  0.220530E-04   0.00000      0.185814E-01   89.7385       0.00000    
   2.25372      0.128164     -0.237803E-02  0.224675E-04   0.00000      0.185555E-01   89.7293       0.00000    
   2.27040      0.126316     -0.234043E-02  0.228797E-04   0.00000      0.185293E-01   89.7199       0.00000    
   2.28720      0.124496     -0.230336E-02  0.232869E-04   0.00000      0.185024E-01   89.7104       0.00000    
   2.30412      0.122701     -0.226672E-02  0.236726E-04   0.00000      0.184745E-01   89.7008       0.00000    
   2.32117      0.120935     -0.223060E-02  0.240332E-04   0.00000      0.184456E-01   89.6914       0.00000    
   2.33834      0.119194     -0.219488E-02  0.243795E-04   0.00000      0.184154E-01   89.6818       0.00000    
   2.35564      0.117479     -0.215957E-02  0.247105E-04   0.00000      0.183839E-01   89.6722       0.00000    
   2.37307      0.115790     -0.212470E-02  0.250253E-04   0.00000      0.183510E-01   89.6626       0.00000    
   2.39063      0.114123     -0.209016E-02  0.253285E-04   0.00000      0.183163E-01   89.6529       0.00000    
   2.40831      0.112482     -0.205601E-02  0.256197E-04   0.00000      0.182801E-01   89.6430       0.00000    
   2.42613      0.110864     -0.202228E-02  0.258892E-04   0.00000      0.182426E-01   89.6333       0.00000    
   2.44408      0.109271     -0.198904E-02  0.261295E-04   0.00000      0.182044E-01   89.6237       0.00000    
   2.46217      0.107700     -0.195629E-02  0.263483E-04   0.00000      0.181659E-01   89.6142       0.00000    
   2.48038      0.106155     -0.192409E-02  0.265575E-04   0.00000      0.181271E-01   89.6046       0.00000    
   2.49873      0.104630     -0.189238E-02  0.267616E-04   0.00000      0.180881E-01   89.5949       0.00000    
   2.51722      0.103128     -0.186121E-02  0.269498E-04   0.00000      0.180494E-01   89.5852       0.00000    
   2.53585      0.101649     -0.183064E-02  0.271100E-04   0.00000      0.180114E-01   89.5758       0.00000    
   2.55461      0.100191     -0.180060E-02  0.272448E-04   0.00000      0.179738E-01   89.5666       0.00000    
   2.57351      0.987531E-01 -0.177104E-02  0.273572E-04   0.00000      0.179362E-01   89.5575       0.00000    
   2.59255      0.973382E-01 -0.174201E-02  0.274417E-04   0.00000      0.178987E-01   89.5488       0.00000    
   2.61173      0.959433E-01 -0.171347E-02  0.274930E-04   0.00000      0.178615E-01   89.5404       0.00000    
   2.63105      0.945688E-01 -0.168543E-02  0.275153E-04   0.00000      0.178246E-01   89.5323       0.00000    
   2.65052      0.932164E-01 -0.165785E-02  0.275212E-04   0.00000      0.177875E-01   89.5245       0.00000    
   2.67013      0.918827E-01 -0.163069E-02  0.275116E-04   0.00000      0.177501E-01   89.5167       0.00000    
   2.68988      0.905671E-01 -0.160396E-02  0.274769E-04   0.00000      0.177128E-01   89.5093       0.00000    
   2.70979      0.892732E-01 -0.157769E-02  0.274157E-04   0.00000      0.176753E-01   89.5022       0.00000    
   2.72983      0.879957E-01 -0.155173E-02  0.273288E-04   0.00000      0.176369E-01   89.4955       0.00000    
   2.75003      0.867396E-01 -0.152616E-02  0.272130E-04   0.00000      0.175976E-01   89.4892       0.00000    
   2.77038      0.855021E-01 -0.150094E-02  0.270734E-04   0.00000      0.175573E-01   89.4833       0.00000    
   2.79088      0.842808E-01 -0.147601E-02  0.269189E-04   0.00000      0.175160E-01   89.4776       0.00000    
   2.81152      0.830799E-01 -0.145144E-02  0.267544E-04   0.00000      0.174734E-01   89.4720       0.00000    
   2.83233      0.818942E-01 -0.142712E-02  0.266049E-04   0.00000      0.174294E-01   89.4660       0.00000    
   2.85328      0.807266E-01 -0.140307E-02  0.264999E-04   0.00000      0.173836E-01   89.4590       0.00000    
   2.87439      0.795770E-01 -0.137929E-02  0.264427E-04   0.00000      0.173359E-01   89.4508       0.00000    
   2.89566      0.784442E-01 -0.135577E-02  0.264315E-04   0.00000      0.172865E-01   89.4416       0.00000    
   2.91708      0.773292E-01 -0.133254E-02  0.264720E-04   0.00000      0.172354E-01   89.4310       0.00000    
   2.93866      0.762298E-01 -0.130954E-02  0.265743E-04   0.00000      0.171823E-01   89.4187       0.00000    
   2.96041      0.751474E-01 -0.128681E-02  0.267530E-04   0.00000      0.171275E-01   89.4045       0.00000    
   2.98231      0.740803E-01 -0.126436E-02  0.270192E-04   0.00000      0.170713E-01   89.3879       0.00000    
   3.00437      0.730301E-01 -0.124221E-02  0.273640E-04   0.00000      0.170137E-01   89.3690       0.00000    
   3.02660      0.719957E-01 -0.122035E-02  0.277553E-04   0.00000      0.169546E-01   89.3485       0.00000    
   3.04900      0.709767E-01 -0.119875E-02  0.281552E-04   0.00000      0.168941E-01   89.3273       0.00000    
   3.07155      0.699743E-01 -0.117748E-02  0.285383E-04   0.00000      0.168322E-01   89.3058       0.00000    
   3.09428      0.689849E-01 -0.115647E-02  0.289007E-04   0.00000      0.167693E-01   89.2842       0.00000    
   3.11717      0.680100E-01 -0.113575E-02  0.292644E-04   0.00000      0.167053E-01   89.2620       0.00000    
   3.14024      0.670495E-01 -0.111530E-02  0.296488E-04   0.00000      0.166398E-01   89.2386       0.00000    
   3.16347      0.661047E-01 -0.109516E-02  0.300507E-04   0.00000      0.165733E-01   89.2141       0.00000    
   3.18687      0.651729E-01 -0.107528E-02  0.304674E-04   0.00000      0.165055E-01   89.1885       0.00000    
   3.21045      0.642551E-01 -0.105566E-02  0.309011E-04   0.00000      0.164362E-01   89.1617       0.00000    
   3.23421      0.633516E-01 -0.103629E-02  0.313486E-04   0.00000      0.163653E-01   89.1336       0.00000    
   3.25814      0.624607E-01 -0.101716E-02  0.317998E-04   0.00000      0.162928E-01   89.1047       0.00000    
   3.28224      0.615821E-01 -0.998276E-03  0.322441E-04   0.00000      0.162189E-01   89.0750       0.00000    
   3.30653      0.607181E-01 -0.979678E-03  0.326768E-04   0.00000      0.161438E-01   89.0448       0.00000    
   3.33099      0.598670E-01 -0.961338E-03  0.331068E-04   0.00000      0.160674E-01   89.0138       0.00000    
   3.35563      0.590279E-01 -0.943234E-03  0.335472E-04   0.00000      0.159896E-01   88.9815       0.00000    
   3.38046      0.582011E-01 -0.925386E-03  0.340016E-04   0.00000      0.159105E-01   88.9479       0.00000    
   3.40547      0.573871E-01 -0.907777E-03  0.344726E-04   0.00000      0.158299E-01   88.9126       0.00000    
   3.43067      0.565841E-01 -0.890344E-03  0.349602E-04   0.00000      0.157470E-01   88.8757       0.00000    
   3.45605      0.557952E-01 -0.873166E-03  0.354532E-04   0.00000      0.156624E-01   88.8374       0.00000    
   3.48162      0.550168E-01 -0.856200E-03  0.359432E-04   0.00000      0.155762E-01   88.7981       0.00000    
   3.50738      0.542500E-01 -0.839494E-03  0.364324E-04   0.00000      0.154891E-01   88.7575       0.00000    
   3.53333      0.534941E-01 -0.823018E-03  0.369295E-04   0.00000      0.154007E-01   88.7154       0.00000    
   3.55947      0.527495E-01 -0.806748E-03  0.374453E-04   0.00000      0.153104E-01   88.6713       0.00000    
   3.58581      0.520176E-01 -0.790707E-03  0.379791E-04   0.00000      0.152183E-01   88.6250       0.00000    
   3.61234      0.512956E-01 -0.774843E-03  0.385199E-04   0.00000      0.151241E-01   88.5770       0.00000    
   3.63906      0.505841E-01 -0.759182E-03  0.390683E-04   0.00000      0.150282E-01   88.5270       0.00000    
   3.66599      0.498831E-01 -0.743713E-03  0.396360E-04   0.00000      0.149303E-01   88.4747       0.00000    
   3.69311      0.491934E-01 -0.728444E-03  0.402237E-04   0.00000      0.148303E-01   88.4197       0.00000    
   3.72043      0.485134E-01 -0.713364E-03  0.408193E-04   0.00000      0.147285E-01   88.3625       0.00000    
   3.74796      0.478446E-01 -0.698518E-03  0.414142E-04   0.00000      0.146254E-01   88.3035       0.00000    
   3.77569      0.471844E-01 -0.683846E-03  0.420210E-04   0.00000      0.145204E-01   88.2419       0.00000    
   3.80363      0.465343E-01 -0.669359E-03  0.426594E-04   0.00000      0.144134E-01   88.1767       0.00000    
   3.83177      0.458948E-01 -0.655062E-03  0.433313E-04   0.00000      0.143043E-01   88.1077       0.00000    
   3.86012      0.452654E-01 -0.640952E-03  0.440296E-04   0.00000      0.141933E-01   88.0351       0.00000    
   3.88868      0.446441E-01 -0.627012E-03  0.447481E-04   0.00000      0.140804E-01   87.9589       0.00000    
   3.91745      0.440320E-01 -0.613252E-03  0.454762E-04   0.00000      0.139656E-01   87.8795       0.00000    
   3.94643      0.434299E-01 -0.599661E-03  0.462152E-04   0.00000      0.138485E-01   87.7965       0.00000    
   3.97563      0.428371E-01 -0.586228E-03  0.469703E-04   0.00000      0.137289E-01   87.7095       0.00000    
   4.00504      0.422530E-01 -0.572966E-03  0.477387E-04   0.00000      0.136073E-01   87.6186       0.00000    
   4.03468      0.416769E-01 -0.559868E-03  0.485189E-04   0.00000      0.134839E-01   87.5235       0.00000    
   4.06453      0.411106E-01 -0.546954E-03  0.493156E-04   0.00000      0.133584E-01   87.4240       0.00000    
   4.09460      0.405526E-01 -0.534184E-03  0.501399E-04   0.00000      0.132305E-01   87.3189       0.00000    
   4.12489      0.400033E-01 -0.521583E-03  0.509997E-04   0.00000      0.131007E-01   87.2077       0.00000    
   4.15541      0.394612E-01 -0.509119E-03  0.519037E-04   0.00000      0.129686E-01   87.0895       0.00000    
   4.18616      0.389286E-01 -0.496818E-03  0.528547E-04   0.00000      0.128343E-01   86.9637       0.00000    
   4.21713      0.384040E-01 -0.484668E-03  0.538358E-04   0.00000      0.126979E-01   86.8308       0.00000    
   4.24833      0.378867E-01 -0.472675E-03  0.548383E-04   0.00000      0.125597E-01   86.6911       0.00000    
   4.27976      0.373776E-01 -0.460837E-03  0.558723E-04   0.00000      0.124195E-01   86.5436       0.00000    
   4.31143      0.368768E-01 -0.449154E-03  0.569404E-04   0.00000      0.122773E-01   86.3875       0.00000    
   4.34332      0.363834E-01 -0.437647E-03  0.580392E-04   0.00000      0.121341E-01   86.2229       0.00000    
   4.37546      0.358968E-01 -0.426299E-03  0.591720E-04   0.00000      0.119895E-01   86.0488       0.00000    
   4.40783      0.354181E-01 -0.415064E-03  0.603532E-04   0.00000      0.118422E-01   85.8634       0.00000    
   4.44044      0.349480E-01 -0.403949E-03  0.615859E-04   0.00000      0.116921E-01   85.6657       0.00000    
   4.47330      0.344837E-01 -0.392956E-03  0.628581E-04   0.00000      0.115403E-01   85.4559       0.00000    
   4.50639      0.340272E-01 -0.382127E-03  0.641666E-04   0.00000      0.113873E-01   85.2339       0.00000    
   4.53974      0.335775E-01 -0.371429E-03  0.655173E-04   0.00000      0.112326E-01   84.9982       0.00000    
   4.57332      0.331357E-01 -0.360916E-03  0.669147E-04   0.00000      0.110777E-01   84.7482       0.00000    
   4.60716      0.326993E-01 -0.350558E-03  0.683622E-04   0.00000      0.109226E-01   84.4826       0.00000    
   4.64125      0.322704E-01 -0.340356E-03  0.698603E-04   0.00000      0.107669E-01   84.2004       0.00000    
   4.67559      0.318487E-01 -0.330303E-03  0.714077E-04   0.00000      0.106106E-01   83.9005       0.00000    
   4.71018      0.314324E-01 -0.320374E-03  0.730118E-04   0.00000      0.104538E-01   83.5809       0.00000    
   4.74503      0.310239E-01 -0.310578E-03  0.746813E-04   0.00000      0.102963E-01   83.2397       0.00000    
   4.78013      0.306217E-01 -0.300907E-03  0.764085E-04   0.00000      0.101385E-01   82.8761       0.00000    
   4.81550      0.302249E-01 -0.291369E-03  0.781965E-04   0.00000      0.998116E-02   82.4886       0.00000    
   4.85113      0.298352E-01 -0.281991E-03  0.800553E-04   0.00000      0.982511E-02   82.0755       0.00000    
   4.88702      0.294518E-01 -0.272779E-03  0.819696E-04   0.00000      0.967102E-02   81.6373       0.00000    
   4.92318      0.290737E-01 -0.263720E-03  0.839371E-04   0.00000      0.951911E-02   81.1724       0.00000    
   4.95960      0.287026E-01 -0.254820E-03  0.859753E-04   0.00000      0.936964E-02   80.6779       0.00000    
   4.99630      0.283366E-01 -0.246061E-03  0.880833E-04   0.00000      0.922310E-02   80.1520       0.00000    
   5.03326      0.279767E-01 -0.237466E-03  0.902544E-04   0.00000      0.908037E-02   79.5948       0.00000    
   5.07050      0.276228E-01 -0.229027E-03  0.924900E-04   0.00000      0.894179E-02   79.0046       0.00000    
   5.10802      0.272743E-01 -0.220762E-03  0.947858E-04   0.00000      0.880867E-02   78.3817       0.00000    
   5.14581      0.269316E-01 -0.212678E-03  0.971353E-04   0.00000      0.868164E-02   77.7263       0.00000    
   5.18388      0.265945E-01 -0.204776E-03  0.995369E-04   0.00000      0.856138E-02   77.0383       0.00000    
   5.22224      0.262625E-01 -0.197052E-03  0.101996E-03   0.00000      0.844870E-02   76.3167       0.00000    
   5.26087      0.259361E-01 -0.189506E-03  0.104518E-03   0.00000      0.834428E-02   75.5610       0.00000    
   5.29980      0.256147E-01 -0.182130E-03  0.107100E-03   0.00000      0.824861E-02   74.7714       0.00000    
   5.33901      0.252990E-01 -0.174942E-03  0.109728E-03   0.00000      0.816262E-02   73.9515       0.00000    
   5.37851      0.249881E-01 -0.167948E-03  0.112389E-03   0.00000      0.808721E-02   73.1050       0.00000    
   5.41830      0.246822E-01 -0.161146E-03  0.115079E-03   0.00000      0.802269E-02   72.2342       0.00000    
   5.45839      0.243814E-01 -0.154535E-03  0.117802E-03   0.00000      0.796982E-02   71.3409       0.00000    
   5.49878      0.240852E-01 -0.148137E-03  0.120562E-03   0.00000      0.793002E-02   70.4297       0.00000    
   5.53946      0.237938E-01 -0.141959E-03  0.123347E-03   0.00000      0.790377E-02   69.5065       0.00000    
   5.58044      0.235071E-01 -0.135999E-03  0.126135E-03   0.00000      0.789072E-02   68.5775       0.00000    
   5.62173      0.232248E-01 -0.130229E-03  0.128913E-03   0.00000      0.789000E-02   67.6454       0.00000    
   5.66332      0.229474E-01 -0.124654E-03  0.131682E-03   0.00000      0.790179E-02   66.7148       0.00000    
   5.70522      0.226739E-01 -0.119271E-03  0.134439E-03   0.00000      0.792631E-02   65.7894       0.00000    
   5.74744      0.224047E-01 -0.114107E-03  0.137163E-03   0.00000      0.796356E-02   64.8786       0.00000    
   5.78996      0.221399E-01 -0.109161E-03  0.139837E-03   0.00000      0.801267E-02   63.9883       0.00000    
   5.83280      0.218791E-01 -0.104406E-03  0.142453E-03   0.00000      0.807241E-02   63.1191       0.00000    
   5.87595      0.216219E-01 -0.998160E-04  0.145005E-03   0.00000      0.814172E-02   62.2710       0.00000    
   5.91943      0.213687E-01 -0.953945E-04  0.147478E-03   0.00000      0.821954E-02   61.4482       0.00000    
   5.96322      0.211190E-01 -0.911332E-04  0.149851E-03   0.00000      0.830473E-02   60.6531       0.00000    
   6.00734      0.208728E-01 -0.870301E-04  0.152119E-03   0.00000      0.839633E-02   59.8874       0.00000    
   6.05179      0.206296E-01 -0.830635E-04  0.154271E-03   0.00000      0.849321E-02   59.1496       0.00000    
   6.09656      0.203887E-01 -0.792193E-04  0.156290E-03   0.00000      0.859397E-02   58.4397       0.00000    
   6.14167      0.201498E-01 -0.754746E-04  0.158152E-03   0.00000      0.869676E-02   57.7559       0.00000    
   6.18711      0.199089E-01 -0.718203E-04  0.159847E-03   0.00000      0.880212E-02   57.0973       0.00000    
   6.23289      0.196571E-01 -0.682225E-04  0.161374E-03   0.00000      0.891290E-02   56.4584       0.00000    
   6.27900      0.194008E-01 -0.646788E-04  0.162722E-03   0.00000      0.902568E-02   55.8384       0.00000    
   6.32546      0.191555E-01 -0.611521E-04  0.163888E-03   0.00000      0.913185E-02   55.2311       0.00000    
   6.37226      0.189252E-01 -0.576101E-04  0.164864E-03   0.00000      0.922788E-02   54.6307       0.00000    
   6.41940      0.187072E-01 -0.540463E-04  0.165632E-03   0.00000      0.931336E-02   54.0358       0.00000    
   6.46690      0.184992E-01 -0.504189E-04  0.166173E-03   0.00000      0.938705E-02   53.4392       0.00000    
   6.51474      0.183054E-01 -0.467063E-04  0.166489E-03   0.00000      0.944618E-02   52.8354       0.00000    
   6.56294      0.181244E-01 -0.428397E-04  0.166590E-03   0.00000      0.949050E-02   52.2108       0.00000    
   6.61150      0.179405E-01 -0.387916E-04  0.166478E-03   0.00000      0.952804E-02   51.5583       0.00000    
   6.66042      0.177397E-01 -0.345168E-04  0.166152E-03   0.00000      0.956608E-02   50.8679       0.00000    
   6.70970      0.175301E-01 -0.299872E-04  0.165624E-03   0.00000      0.960156E-02   50.1313       0.00000    
   6.75934      0.173192E-01 -0.251209E-04  0.164941E-03   0.00000      0.963343E-02   49.3299       0.00000    
   6.80935      0.171082E-01 -0.198021E-04  0.164183E-03   0.00000      0.966634E-02   48.4386       0.00000    
   6.85973      0.168974E-01 -0.139852E-04  0.163380E-03   0.00000      0.970427E-02   47.4463       0.00000    
   6.91048      0.166854E-01 -0.778275E-05  0.162489E-03   0.00000      0.974954E-02   46.3711       0.00000    
   6.96161      0.164717E-01 -0.142071E-05  0.161462E-03   0.00000      0.980279E-02   45.2521       0.00000    
   7.01312      0.162560E-01  0.493803E-05  0.160270E-03   0.00000      0.986377E-02   44.1176       0.00000    
   7.06500      0.160405E-01  0.111159E-04  0.158878E-03   0.00000      0.992897E-02   42.9989       0.00000    
   7.11728      0.158253E-01  0.169137E-04  0.157227E-03   0.00000      0.999251E-02   41.9300       0.00000    
   7.16993      0.156094E-01  0.220449E-04  0.155231E-03   0.00000      0.100445E-01   40.9586       0.00000    
   7.22298      0.153925E-01  0.262256E-04  0.152844E-03   0.00000      0.100749E-01   40.1319       0.00000    
   7.27642      0.151752E-01  0.293904E-04  0.150109E-03   0.00000      0.100795E-01   39.4610       0.00000    
   7.33026      0.149571E-01  0.316423E-04  0.147103E-03   0.00000      0.100600E-01   38.9302       0.00000    
   7.38449      0.147361E-01  0.330464E-04  0.143871E-03   0.00000      0.100174E-01   38.5319       0.00000    
   7.43913      0.145099E-01  0.336682E-04  0.140428E-03   0.00000      0.995237E-02   38.2588       0.00000    
   7.49417      0.142786E-01  0.335837E-04  0.136787E-03   0.00000      0.986442E-02   38.1029       0.00000    
   7.54961      0.140403E-01  0.328622E-04  0.132959E-03   0.00000      0.975478E-02   38.0585       0.00000    
   7.60547      0.137928E-01  0.315561E-04  0.128935E-03   0.00000      0.962386E-02   38.1238       0.00000    
   7.66174      0.135364E-01  0.297340E-04  0.124708E-03   0.00000      0.947103E-02   38.2947       0.00000    
   7.71843      0.132191E-01  0.275069E-04  0.120287E-03   0.00000      0.933432E-02   38.5596       0.00000    
   7.77553      0.128225E-01  0.249767E-04  0.115682E-03   0.00000      0.922973E-02   38.9082       0.00000    
   7.83306      0.124785E-01  0.222543E-04  0.110921E-03   0.00000      0.906615E-02   39.3276       0.00000    
   7.89102      0.122581E-01  0.194556E-04  0.106038E-03   0.00000      0.879484E-02   39.8016       0.00000    
   7.94940      0.120867E-01  0.167113E-04  0.101070E-03   0.00000      0.847564E-02   40.3057       0.00000    
   8.00821      0.119183E-01  0.141503E-04  0.960759E-04   0.00000      0.814818E-02   40.8108       0.00000    
   8.06746      0.117516E-01  0.119270E-04  0.911353E-04   0.00000      0.782127E-02   41.2720       0.00000    
   8.12715      0.115871E-01  0.101518E-04  0.863366E-04   0.00000      0.750240E-02   41.6469       0.00000    
   8.18728      0.114247E-01  0.891896E-05  0.817720E-04   0.00000      0.719989E-02   41.8876       0.00000    
   8.24786      0.112644E-01  0.829449E-05  0.775462E-04   0.00000      0.692347E-02   41.9474       0.00000    
   8.30888      0.111066E-01  0.832019E-05  0.738121E-04   0.00000      0.668788E-02   41.7843       0.00000    
   8.37035      0.109528E-01  0.901305E-05  0.707549E-04   0.00000      0.651219E-02   41.3703       0.00000    
   8.43228      0.108033E-01  0.103094E-04  0.683980E-04   0.00000      0.640273E-02   40.7142       0.00000    
   8.49467      0.106569E-01  0.120761E-04  0.666072E-04   0.00000      0.635205E-02   39.8618       0.00000    
   8.55752      0.105134E-01  0.142162E-04  0.653851E-04   0.00000      0.636452E-02   38.8668       0.00000    
   8.62083      0.103676E-01  0.166620E-04  0.648080E-04   0.00000      0.645429E-02   37.7908       0.00000    
   8.68462      0.102169E-01  0.193051E-04  0.647635E-04   0.00000      0.661448E-02   36.7007       0.00000    
   8.74887      0.100746E-01  0.220307E-04  0.650236E-04   0.00000      0.681463E-02   35.6415       0.00000    
   8.81360      0.994760E-02  0.247505E-04  0.654028E-04   0.00000      0.702977E-02   34.6359       0.00000    
   8.87881      0.982736E-02  0.274252E-04  0.658019E-04   0.00000      0.725407E-02   33.6872       0.00000    
   8.94450      0.970888E-02  0.300504E-04  0.661996E-04   0.00000      0.748808E-02   32.7925       0.00000    
   9.01068      0.959215E-02  0.326397E-04  0.666024E-04   0.00000      0.773240E-02   31.9460       0.00000    
   9.07734      0.947701E-02  0.351986E-04  0.670122E-04   0.00000      0.798712E-02   31.1445       0.00000    
   9.14450      0.936355E-02  0.377172E-04  0.674304E-04   0.00000      0.825138E-02   30.3897       0.00000    
   9.21216      0.925172E-02  0.401978E-04  0.678635E-04   0.00000      0.852548E-02   29.6802       0.00000    
   9.28032      0.914147E-02  0.426425E-04  0.683097E-04   0.00000      0.880897E-02   29.0127       0.00000    
   9.34898      0.903280E-02  0.450475E-04  0.687579E-04   0.00000      0.910023E-02   28.3844       0.00000    
   9.41815      0.892566E-02  0.474171E-04  0.692044E-04   0.00000      0.939881E-02   27.7910       0.00000    
   9.48783      0.882003E-02  0.497537E-04  0.696512E-04   0.00000      0.970476E-02   27.2304       0.00000    
   9.55803      0.871592E-02  0.520533E-04  0.701005E-04   0.00000      0.100177E-01   26.7021       0.00000    
   9.62875      0.861328E-02  0.543191E-04  0.705563E-04   0.00000      0.103379E-01   26.2042       0.00000    
   9.69999      0.851202E-02  0.565543E-04  0.710183E-04   0.00000      0.106656E-01   25.7342       0.00000    
   9.77175      0.841215E-02  0.587513E-04  0.714798E-04   0.00000      0.109991E-01   25.2911       0.00000    
   9.84405      0.831375E-02  0.609005E-04  0.719399E-04   0.00000      0.113374E-01   24.8752       0.00000    
   9.91688      0.821663E-02  0.630098E-04  0.724070E-04   0.00000      0.116817E-01   24.4848       0.00000    
   9.99025      0.812081E-02  0.650908E-04  0.728893E-04   0.00000      0.120336E-01   24.1174       0.00000    
   10.0642      0.802644E-02  0.671438E-04  0.733847E-04   0.00000      0.123924E-01   23.7714       0.00000    
   10.1386      0.793336E-02  0.691633E-04  0.738858E-04   0.00000      0.127570E-01   23.4454       0.00000    
   10.2136      0.784152E-02  0.711429E-04  0.743846E-04   0.00000      0.131262E-01   23.1380       0.00000    
   10.2892      0.775093E-02  0.730833E-04  0.748803E-04   0.00000      0.134995E-01   22.8479       0.00000    
   10.3653      0.766163E-02  0.749862E-04  0.753768E-04   0.00000      0.138773E-01   22.5744       0.00000    
   10.4420      0.757354E-02  0.768505E-04  0.758744E-04   0.00000      0.142595E-01   22.3169       0.00000    
   10.5193      0.748663E-02  0.786851E-04  0.763799E-04   0.00000      0.146474E-01   22.0741       0.00000    
   10.5971      0.740097E-02  0.804956E-04  0.768979E-04   0.00000      0.150417E-01   21.8453       0.00000    
   10.6755      0.731640E-02  0.822748E-04  0.774205E-04   0.00000      0.154412E-01   21.6295       0.00000    
   10.7545      0.723293E-02  0.840165E-04  0.779446E-04   0.00000      0.158448E-01   21.4265       0.00000    
   10.8341      0.715070E-02  0.857231E-04  0.784742E-04   0.00000      0.162527E-01   21.2361       0.00000    
   10.9142      0.706957E-02  0.873944E-04  0.790107E-04   0.00000      0.166652E-01   21.0579       0.00000    
   10.9950      0.698947E-02  0.890237E-04  0.795522E-04   0.00000      0.170813E-01   20.8921       0.00000    
   11.0763      0.691041E-02  0.906149E-04  0.800980E-04   0.00000      0.175013E-01   20.7374       0.00000    
   11.1583      0.683247E-02  0.921756E-04  0.806486E-04   0.00000      0.179257E-01   20.5921       0.00000    
   11.2408      0.675554E-02  0.937042E-04  0.812006E-04   0.00000      0.183541E-01   20.4555       0.00000    
   11.3240      0.667954E-02  0.952007E-04  0.817510E-04   0.00000      0.187864E-01   20.3267       0.00000    
   11.4078      0.660460E-02  0.966696E-04  0.823007E-04   0.00000      0.192227E-01   20.2049       0.00000    
   11.4922      0.653060E-02  0.981125E-04  0.828506E-04   0.00000      0.196635E-01   20.0896       0.00000    
   11.5772      0.645770E-02  0.995268E-04  0.834020E-04   0.00000      0.201081E-01   19.9813       0.00000    
   11.6629      0.638561E-02  0.100917E-03  0.839560E-04   0.00000      0.205578E-01   19.8791       0.00000    
   11.7492      0.631453E-02  0.102268E-03  0.845121E-04   0.00000      0.210101E-01   19.7848       0.00000    
   11.8361      0.624440E-02  0.103583E-03  0.850756E-04   0.00000      0.214659E-01   19.6986       0.00000    
   11.9237      0.617520E-02  0.104875E-03  0.856500E-04   0.00000      0.219273E-01   19.6191       0.00000    
   12.0119      0.610680E-02  0.106143E-03  0.862317E-04   0.00000      0.223940E-01   19.5454       0.00000    
   12.1007      0.603930E-02  0.107376E-03  0.868169E-04   0.00000      0.228640E-01   19.4783       0.00000    
   12.1903      0.597261E-02  0.108580E-03  0.874063E-04   0.00000      0.233382E-01   19.4169       0.00000    
   12.2805      0.590685E-02  0.109744E-03  0.879985E-04   0.00000      0.238143E-01   19.3622       0.00000    
   12.3713      0.584184E-02  0.110868E-03  0.885879E-04   0.00000      0.242926E-01   19.3131       0.00000    
   12.4629      0.577774E-02  0.111959E-03  0.891726E-04   0.00000      0.247729E-01   19.2682       0.00000    
   12.5551      0.571436E-02  0.113026E-03  0.897565E-04   0.00000      0.252574E-01   19.2270       0.00000    
   12.6480      0.565179E-02  0.114063E-03  0.903486E-04   0.00000      0.257459E-01   19.1913       0.00000    
   12.7415      0.559007E-02  0.115072E-03  0.909511E-04   0.00000      0.262386E-01   19.1611       0.00000    
   12.8358      0.552903E-02  0.116055E-03  0.915573E-04   0.00000      0.267356E-01   19.1352       0.00000    
   12.9308      0.546878E-02  0.117005E-03  0.921654E-04   0.00000      0.272355E-01   19.1138       0.00000    
   13.0264      0.540929E-02  0.117928E-03  0.927757E-04   0.00000      0.277389E-01   19.0964       0.00000    
   13.1228      0.535046E-02  0.118829E-03  0.933877E-04   0.00000      0.282469E-01   19.0820       0.00000    
   13.2199      0.529243E-02  0.119701E-03  0.940000E-04   0.00000      0.287577E-01   19.0711       0.00000    
   13.3177      0.523510E-02  0.120539E-03  0.946114E-04   0.00000      0.292708E-01   19.0642       0.00000    
   13.4163      0.517836E-02  0.121350E-03  0.952285E-04   0.00000      0.297882E-01   19.0614       0.00000    
   13.5155      0.512241E-02  0.122135E-03  0.958540E-04   0.00000      0.303095E-01   19.0628       0.00000    
   13.6155      0.506711E-02  0.122891E-03  0.964797E-04   0.00000      0.308340E-01   19.0674       0.00000    
   13.7162      0.501242E-02  0.123613E-03  0.970999E-04   0.00000      0.313600E-01   19.0751       0.00000    
   13.8177      0.495836E-02  0.124302E-03  0.977156E-04   0.00000      0.318879E-01   19.0857       0.00000    
   13.9200      0.490501E-02  0.124964E-03  0.983304E-04   0.00000      0.324182E-01   19.0991       0.00000    
   14.0229      0.485221E-02  0.125598E-03  0.989442E-04   0.00000      0.329520E-01   19.1152       0.00000    
   14.1267      0.480005E-02  0.126200E-03  0.995580E-04   0.00000      0.334878E-01   19.1348       0.00000    
   14.2312      0.474851E-02  0.126784E-03  0.100177E-03   0.00000      0.340285E-01   19.1567       0.00000    
   14.3365      0.469754E-02  0.127351E-03  0.100797E-03   0.00000      0.345743E-01   19.1807       0.00000    
   14.4426      0.464712E-02  0.127885E-03  0.101414E-03   0.00000      0.351220E-01   19.2074       0.00000    
   14.5494      0.459736E-02  0.128388E-03  0.102030E-03   0.00000      0.356710E-01   19.2371       0.00000    
   14.6571      0.454805E-02  0.128864E-03  0.102645E-03   0.00000      0.362238E-01   19.2693       0.00000    
   14.7655      0.449943E-02  0.129306E-03  0.103251E-03   0.00000      0.367761E-01   19.3037       0.00000    
   14.8748      0.445119E-02  0.129724E-03  0.103850E-03   0.00000      0.373321E-01   19.3394       0.00000    
   14.9848      0.440366E-02  0.130119E-03  0.104446E-03   0.00000      0.378896E-01   19.3769       0.00000    
   15.0957      0.435655E-02  0.130492E-03  0.105040E-03   0.00000      0.384515E-01   19.4162       0.00000    
   15.2074      0.431001E-02  0.130827E-03  0.105625E-03   0.00000      0.390123E-01   19.4581       0.00000    
   15.3199      0.426384E-02  0.131129E-03  0.106201E-03   0.00000      0.395748E-01   19.5020       0.00000    
   15.4332      0.421827E-02  0.131408E-03  0.106776E-03   0.00000      0.401395E-01   19.5478       0.00000    
   15.5474      0.417314E-02  0.131670E-03  0.107346E-03   0.00000      0.407086E-01   19.5945       0.00000    
   15.6625      0.412850E-02  0.131915E-03  0.107908E-03   0.00000      0.412809E-01   19.6419       0.00000    
   15.7783      0.408439E-02  0.132145E-03  0.108462E-03   0.00000      0.418562E-01   19.6893       0.00000    
   15.8951      0.404075E-02  0.132353E-03  0.109007E-03   0.00000      0.424337E-01   19.7375       0.00000    
   16.0127      0.399751E-02  0.132532E-03  0.109546E-03   0.00000      0.430129E-01   19.7879       0.00000    
   16.1311      0.395473E-02  0.132679E-03  0.110079E-03   0.00000      0.435928E-01   19.8407       0.00000    
   16.2505      0.391241E-02  0.132795E-03  0.110600E-03   0.00000      0.441724E-01   19.8948       0.00000    
   16.3707      0.387049E-02  0.132890E-03  0.111105E-03   0.00000      0.447531E-01   19.9490       0.00000    
   16.4918      0.382901E-02  0.132969E-03  0.111600E-03   0.00000      0.453369E-01   20.0033       0.00000    
   16.6139      0.378795E-02  0.133028E-03  0.112088E-03   0.00000      0.459231E-01   20.0586       0.00000    
   16.7368      0.374730E-02  0.133060E-03  0.112563E-03   0.00000      0.465096E-01   20.1148       0.00000    
   16.8606      0.370703E-02  0.133066E-03  0.113018E-03   0.00000      0.470954E-01   20.1713       0.00000    
   16.9854      0.366714E-02  0.133050E-03  0.113460E-03   0.00000      0.476824E-01   20.2282       0.00000    
   17.1110      0.362767E-02  0.133012E-03  0.113890E-03   0.00000      0.482704E-01   20.2857       0.00000    
   17.2376      0.358854E-02  0.132952E-03  0.114302E-03   0.00000      0.488588E-01   20.3432       0.00000    
   17.3652      0.354977E-02  0.132869E-03  0.114695E-03   0.00000      0.494468E-01   20.4007       0.00000    
   17.4936      0.351138E-02  0.132763E-03  0.115068E-03   0.00000      0.500343E-01   20.4580       0.00000    
   17.6231      0.347338E-02  0.132633E-03  0.115423E-03   0.00000      0.506203E-01   20.5155       0.00000    
   17.7535      0.343571E-02  0.132478E-03  0.115763E-03   0.00000      0.512065E-01   20.5739       0.00000    
   17.8848      0.339841E-02  0.132297E-03  0.116088E-03   0.00000      0.517915E-01   20.6331       0.00000    
   18.0171      0.336141E-02  0.132097E-03  0.116397E-03   0.00000      0.523775E-01   20.6924       0.00000    
   18.1504      0.332474E-02  0.131877E-03  0.116685E-03   0.00000      0.529629E-01   20.7513       0.00000    
   18.2847      0.328840E-02  0.131631E-03  0.116950E-03   0.00000      0.535457E-01   20.8100       0.00000    
   18.4200      0.325236E-02  0.131373E-03  0.117195E-03   0.00000      0.541298E-01   20.8678       0.00000    
   18.5563      0.321669E-02  0.131100E-03  0.117422E-03   0.00000      0.547138E-01   20.9250       0.00000    
   18.6936      0.318132E-02  0.130798E-03  0.117621E-03   0.00000      0.552932E-01   20.9818       0.00000    
   18.8319      0.314625E-02  0.130469E-03  0.117793E-03   0.00000      0.558685E-01   21.0386       0.00000    
   18.9712      0.311149E-02  0.130121E-03  0.117949E-03   0.00000      0.564435E-01   21.0954       0.00000    
   19.1116      0.307702E-02  0.129752E-03  0.118087E-03   0.00000      0.570171E-01   21.1526       0.00000    
   19.2530      0.304280E-02  0.129364E-03  0.118202E-03   0.00000      0.575896E-01   21.2093       0.00000    
   19.3954      0.300893E-02  0.128959E-03  0.118293E-03   0.00000      0.581590E-01   21.2650       0.00000    
   19.5389      0.297531E-02  0.128532E-03  0.118354E-03   0.00000      0.587242E-01   21.3196       0.00000    
   19.6835      0.294198E-02  0.128079E-03  0.118386E-03   0.00000      0.592840E-01   21.3739       0.00000    
   19.8291      0.290894E-02  0.127609E-03  0.118400E-03   0.00000      0.598419E-01   21.4280       0.00000    
   19.9758      0.287617E-02  0.127125E-03  0.118395E-03   0.00000      0.603992E-01   21.4818       0.00000    
   20.1236      0.284367E-02  0.126621E-03  0.118365E-03   0.00000      0.609526E-01   21.5350       0.00000    
   20.2725      0.281142E-02  0.126096E-03  0.118305E-03   0.00000      0.615011E-01   21.5871       0.00000    
   20.4225      0.277943E-02  0.125553E-03  0.118218E-03   0.00000      0.620453E-01   21.6382       0.00000    
   20.5736      0.274772E-02  0.124995E-03  0.118106E-03   0.00000      0.625855E-01   21.6884       0.00000    
   20.7258      0.271624E-02  0.124423E-03  0.117968E-03   0.00000      0.631232E-01   21.7373       0.00000    
   20.8792      0.268502E-02  0.123830E-03  0.117802E-03   0.00000      0.636543E-01   21.7854       0.00000    
   21.0336      0.265401E-02  0.123213E-03  0.117606E-03   0.00000      0.641785E-01   21.8331       0.00000    
   21.1893      0.262328E-02  0.122581E-03  0.117386E-03   0.00000      0.646982E-01   21.8799       0.00000    
   21.3460      0.259283E-02  0.121941E-03  0.117146E-03   0.00000      0.652161E-01   21.9255       0.00000    
   21.5040      0.256259E-02  0.121284E-03  0.116881E-03   0.00000      0.657292E-01   21.9705       0.00000    
   21.6631      0.253257E-02  0.120597E-03  0.116585E-03   0.00000      0.662318E-01   22.0154       0.00000    
   21.8233      0.250280E-02  0.119889E-03  0.116259E-03   0.00000      0.667258E-01   22.0596       0.00000    
   21.9848      0.247327E-02  0.119174E-03  0.115913E-03   0.00000      0.672176E-01   22.1025       0.00000    
   22.1475      0.244398E-02  0.118455E-03  0.115550E-03   0.00000      0.677090E-01   22.1444       0.00000    
   22.3113      0.241495E-02  0.117723E-03  0.115167E-03   0.00000      0.681953E-01   22.1856       0.00000    
   22.4764      0.238614E-02  0.116970E-03  0.114756E-03   0.00000      0.686726E-01   22.2264       0.00000    
   22.6427      0.235753E-02  0.116196E-03  0.114317E-03   0.00000      0.691413E-01   22.2664       0.00000    
   22.8102      0.232917E-02  0.115408E-03  0.113855E-03   0.00000      0.696030E-01   22.3059       0.00000    
   22.9790      0.230104E-02  0.114605E-03  0.113373E-03   0.00000      0.700580E-01   22.3452       0.00000    
   23.1490      0.227314E-02  0.113783E-03  0.112868E-03   0.00000      0.705051E-01   22.3844       0.00000    
   23.3203      0.224546E-02  0.112952E-03  0.112343E-03   0.00000      0.709471E-01   22.4226       0.00000    
   23.4928      0.221800E-02  0.112116E-03  0.111799E-03   0.00000      0.713850E-01   22.4594       0.00000    
   23.6666      0.219081E-02  0.111272E-03  0.111233E-03   0.00000      0.718158E-01   22.4950       0.00000    
   23.8417      0.216384E-02  0.110417E-03  0.110647E-03   0.00000      0.722399E-01   22.5298       0.00000    
   24.0181      0.213708E-02  0.109548E-03  0.110039E-03   0.00000      0.726562E-01   22.5641       0.00000    
   24.1958      0.211054E-02  0.108668E-03  0.109412E-03   0.00000      0.730650E-01   22.5978       0.00000    
   24.3748      0.208421E-02  0.107778E-03  0.108766E-03   0.00000      0.734672E-01   22.6307       0.00000    
   24.5552      0.205811E-02  0.106883E-03  0.108104E-03   0.00000      0.738644E-01   22.6628       0.00000    
   24.7368      0.203224E-02  0.105983E-03  0.107431E-03   0.00000      0.742579E-01   22.6943       0.00000    
   24.9199      0.200662E-02  0.105075E-03  0.106741E-03   0.00000      0.746436E-01   22.7252       0.00000    
   25.1042      0.198119E-02  0.104157E-03  0.106029E-03   0.00000      0.750207E-01   22.7551       0.00000    
   25.2900      0.195597E-02  0.103226E-03  0.105298E-03   0.00000      0.753876E-01   22.7846       0.00000    
   25.4771      0.193101E-02  0.102287E-03  0.104551E-03   0.00000      0.757456E-01   22.8135       0.00000    
   25.6656      0.190625E-02  0.101348E-03  0.103792E-03   0.00000      0.761000E-01   22.8413       0.00000    
   25.8555      0.188172E-02  0.100406E-03  0.103023E-03   0.00000      0.764503E-01   22.8686       0.00000    
   26.0468      0.185743E-02  0.994588E-04  0.102246E-03   0.00000      0.767944E-01   22.8958       0.00000    
   26.2395      0.183335E-02  0.985050E-04  0.101459E-03   0.00000      0.771327E-01   22.9231       0.00000    
   26.4336      0.180950E-02  0.975449E-04  0.100659E-03   0.00000      0.774626E-01   22.9500       0.00000    
   26.6292      0.178583E-02  0.965835E-04  0.998447E-04   0.00000      0.777875E-01   22.9756       0.00000    
   26.8262      0.176242E-02  0.956203E-04  0.990181E-04   0.00000      0.781035E-01   23.0000       0.00000    
   27.0247      0.173923E-02  0.946540E-04  0.981791E-04   0.00000      0.784120E-01   23.0236       0.00000    
   27.2246      0.171624E-02  0.936819E-04  0.973275E-04   0.00000      0.787118E-01   23.0467       0.00000    
   27.4261      0.169348E-02  0.927049E-04  0.964662E-04   0.00000      0.790033E-01   23.0695       0.00000    
   27.6290      0.167095E-02  0.917267E-04  0.955982E-04   0.00000      0.792884E-01   23.0920       0.00000    
   27.8334      0.164864E-02  0.907484E-04  0.947237E-04   0.00000      0.795679E-01   23.1139       0.00000    
   28.0393      0.162654E-02  0.897712E-04  0.938442E-04   0.00000      0.798431E-01   23.1354       0.00000    
   28.2468      0.160468E-02  0.887944E-04  0.929603E-04   0.00000      0.801119E-01   23.1565       0.00000    
   28.4558      0.158303E-02  0.878167E-04  0.920695E-04   0.00000      0.803741E-01   23.1772       0.00000    
   28.6663      0.156160E-02  0.868380E-04  0.911714E-04   0.00000      0.806282E-01   23.1973       0.00000    
   28.8784      0.154037E-02  0.858564E-04  0.902670E-04   0.00000      0.808746E-01   23.2173       0.00000    
   29.0921      0.151936E-02  0.848706E-04  0.893568E-04   0.00000      0.811118E-01   23.2375       0.00000    
   29.3073      0.149857E-02  0.838901E-04  0.884440E-04   0.00000      0.813449E-01   23.2568       0.00000    
   29.5241      0.147802E-02  0.829164E-04  0.875289E-04   0.00000      0.815736E-01   23.2751       0.00000    
   29.7426      0.145767E-02  0.819431E-04  0.866091E-04   0.00000      0.817951E-01   23.2929       0.00000    
   29.9626      0.143753E-02  0.809724E-04  0.856873E-04   0.00000      0.820109E-01   23.3102       0.00000    
   30.1843      0.141760E-02  0.800075E-04  0.847662E-04   0.00000      0.822240E-01   23.3271       0.00000    
   30.4076      0.139791E-02  0.790429E-04  0.838439E-04   0.00000      0.824291E-01   23.3441       0.00000    
   30.6326      0.137842E-02  0.780777E-04  0.829192E-04   0.00000      0.826263E-01   23.3613       0.00000    
   30.8592      0.135915E-02  0.771168E-04  0.819929E-04   0.00000      0.828168E-01   23.3777       0.00000    
   31.0876      0.134009E-02  0.761646E-04  0.810664E-04   0.00000      0.830041E-01   23.3928       0.00000    
   31.3176      0.132126E-02  0.752189E-04  0.801423E-04   0.00000      0.831874E-01   23.4075       0.00000    
   31.5493      0.130265E-02  0.742749E-04  0.792194E-04   0.00000      0.833635E-01   23.4225       0.00000    
   31.7827      0.128421E-02  0.733320E-04  0.782945E-04   0.00000      0.835327E-01   23.4373       0.00000    
   32.0178      0.126599E-02  0.723916E-04  0.773680E-04   0.00000      0.836929E-01   23.4516       0.00000    
   32.2547      0.124798E-02  0.714561E-04  0.764446E-04   0.00000      0.838486E-01   23.4659       0.00000    
   32.4934      0.123019E-02  0.705284E-04  0.755270E-04   0.00000      0.840013E-01   23.4801       0.00000    
   32.7338      0.121260E-02  0.696086E-04  0.746124E-04   0.00000      0.841509E-01   23.4935       0.00000    
   32.9760      0.119520E-02  0.686937E-04  0.736988E-04   0.00000      0.842946E-01   23.5066       0.00000    
   33.2199      0.117803E-02  0.677831E-04  0.727880E-04   0.00000      0.844306E-01   23.5195       0.00000    
   33.4657      0.116106E-02  0.668766E-04  0.718790E-04   0.00000      0.845599E-01   23.5324       0.00000    
   33.7133      0.114427E-02  0.659743E-04  0.709715E-04   0.00000      0.846824E-01   23.5449       0.00000    
   33.9628      0.112768E-02  0.650803E-04  0.700689E-04   0.00000      0.848025E-01   23.5570       0.00000    
   34.2140      0.111130E-02  0.641952E-04  0.691738E-04   0.00000      0.849201E-01   23.5689       0.00000    
   34.4672      0.109513E-02  0.633181E-04  0.682857E-04   0.00000      0.850346E-01   23.5808       0.00000    
   34.7222      0.107916E-02  0.624483E-04  0.674033E-04   0.00000      0.851455E-01   23.5926       0.00000    
   34.9791      0.106339E-02  0.615837E-04  0.665250E-04   0.00000      0.852501E-01   23.6044       0.00000    
   35.2379      0.104780E-02  0.607242E-04  0.656507E-04   0.00000      0.853487E-01   23.6162       0.00000    
   35.4986      0.103241E-02  0.598731E-04  0.647817E-04   0.00000      0.854431E-01   23.6275       0.00000    
   35.7612      0.101720E-02  0.590325E-04  0.639178E-04   0.00000      0.855361E-01   23.6377       0.00000    
   36.0258      0.100219E-02  0.581987E-04  0.630576E-04   0.00000      0.856225E-01   23.6473       0.00000    
   36.2924      0.987365E-03  0.573689E-04  0.622027E-04   0.00000      0.857018E-01   23.6575       0.00000    
   36.5609      0.972724E-03  0.565455E-04  0.613559E-04   0.00000      0.857779E-01   23.6682       0.00000    
   36.8314      0.958269E-03  0.557301E-04  0.605171E-04   0.00000      0.858516E-01   23.6790       0.00000    
   37.1039      0.944004E-03  0.549228E-04  0.596851E-04   0.00000      0.859212E-01   23.6897       0.00000    
   37.3784      0.929931E-03  0.541242E-04  0.588589E-04   0.00000      0.859862E-01   23.6998       0.00000    
   37.6550      0.916030E-03  0.533334E-04  0.580366E-04   0.00000      0.860460E-01   23.7091       0.00000    
   37.9336      0.902308E-03  0.525520E-04  0.572209E-04   0.00000      0.861029E-01   23.7177       0.00000    
   38.2142      0.888785E-03  0.517822E-04  0.564145E-04   0.00000      0.861589E-01   23.7258       0.00000    
   38.4969      0.875429E-03  0.510190E-04  0.556143E-04   0.00000      0.862105E-01   23.7338       0.00000    
   38.7818      0.862232E-03  0.502583E-04  0.548197E-04   0.00000      0.862545E-01   23.7428       0.00000    
   39.0687      0.849223E-03  0.495028E-04  0.540338E-04   0.00000      0.862924E-01   23.7529       0.00000    
   39.3578      0.836386E-03  0.487568E-04  0.532567E-04   0.00000      0.863293E-01   23.7629       0.00000    
   39.6490      0.823724E-03  0.480224E-04  0.524872E-04   0.00000      0.863651E-01   23.7717       0.00000    
   39.9423      0.811234E-03  0.472992E-04  0.517248E-04   0.00000      0.863998E-01   23.7795       0.00000    
   40.2378      0.798900E-03  0.465811E-04  0.509687E-04   0.00000      0.864287E-01   23.7876       0.00000    
   40.5355      0.786725E-03  0.458647E-04  0.502170E-04   0.00000      0.864466E-01   23.7968       0.00000    
   40.8354      0.774701E-03  0.451560E-04  0.494711E-04   0.00000      0.864604E-01   23.8055       0.00000    
   41.1376      0.762851E-03  0.444593E-04  0.487344E-04   0.00000      0.864745E-01   23.8133       0.00000    
   41.4419      0.751171E-03  0.437721E-04  0.480072E-04   0.00000      0.864874E-01   23.8210       0.00000    
   41.7485      0.739651E-03  0.430929E-04  0.472881E-04   0.00000      0.864973E-01   23.8288       0.00000    
   42.0574      0.728287E-03  0.424226E-04  0.465772E-04   0.00000      0.865056E-01   23.8363       0.00000    
   42.3686      0.717078E-03  0.417619E-04  0.458763E-04   0.00000      0.865147E-01   23.8440       0.00000    
   42.6821      0.706037E-03  0.411082E-04  0.451841E-04   0.00000      0.865195E-01   23.8522       0.00000    
   42.9978      0.695140E-03  0.404604E-04  0.444987E-04   0.00000      0.865192E-01   23.8606       0.00000    
   43.3160      0.684393E-03  0.398219E-04  0.438221E-04   0.00000      0.865188E-01   23.8690       0.00000    
   43.6365      0.673804E-03  0.391947E-04  0.431556E-04   0.00000      0.865204E-01   23.8768       0.00000    
   43.9593      0.663363E-03  0.385764E-04  0.424965E-04   0.00000      0.865200E-01   23.8841       0.00000    
   44.2845      0.653063E-03  0.379640E-04  0.418432E-04   0.00000      0.865136E-01   23.8914       0.00000    
   44.6122      0.642910E-03  0.373561E-04  0.411960E-04   0.00000      0.864989E-01   23.8993       0.00000    
   44.9423      0.632894E-03  0.367533E-04  0.405554E-04   0.00000      0.864783E-01   23.9078       0.00000    
   45.2748      0.623016E-03  0.361579E-04  0.399228E-04   0.00000      0.864552E-01   23.9165       0.00000    
   45.6097      0.613273E-03  0.355706E-04  0.392988E-04   0.00000      0.864318E-01   23.9254       0.00000    
   45.9472      0.603672E-03  0.349907E-04  0.386829E-04   0.00000      0.864054E-01   23.9345       0.00000    
   46.2871      0.594208E-03  0.344196E-04  0.380747E-04   0.00000      0.863778E-01   23.9432       0.00000    
   46.6296      0.584879E-03  0.338586E-04  0.374747E-04   0.00000      0.863511E-01   23.9510       0.00000    
   46.9746      0.575688E-03  0.333051E-04  0.368822E-04   0.00000      0.863217E-01   23.9588       0.00000    
   47.3221      0.566625E-03  0.327573E-04  0.362966E-04   0.00000      0.862874E-01   23.9670       0.00000    
   47.6723      0.557694E-03  0.322172E-04  0.357180E-04   0.00000      0.862500E-01   23.9749       0.00000    
   48.0250      0.548892E-03  0.316860E-04  0.351470E-04   0.00000      0.862126E-01   23.9822       0.00000    
   48.3803      0.540215E-03  0.311619E-04  0.345841E-04   0.00000      0.861738E-01   23.9898       0.00000    
   48.7382      0.531668E-03  0.306444E-04  0.340296E-04   0.00000      0.861326E-01   23.9981       0.00000    
   49.0988      0.523242E-03  0.301333E-04  0.334827E-04   0.00000      0.860893E-01   24.0069       0.00000    
   49.4621      0.514935E-03  0.296285E-04  0.329431E-04   0.00000      0.860436E-01   24.0162       0.00000    
   49.8281      0.506759E-03  0.291309E-04  0.324108E-04   0.00000      0.859941E-01   24.0254       0.00000    
   50.1967      0.498700E-03  0.286411E-04  0.318849E-04   0.00000      0.859429E-01   24.0339       0.00000    
   50.5681      0.490748E-03  0.281584E-04  0.313657E-04   0.00000      0.858912E-01   24.0421       0.00000    
   50.9423      0.482918E-03  0.276827E-04  0.308536E-04   0.00000      0.858368E-01   24.0503       0.00000    
   51.3192      0.475203E-03  0.272138E-04  0.303478E-04   0.00000      0.857792E-01   24.0582       0.00000    
   51.6988      0.467596E-03  0.267510E-04  0.298482E-04   0.00000      0.857183E-01   24.0661       0.00000    
   52.0813      0.460099E-03  0.262964E-04  0.293562E-04   0.00000      0.856593E-01   24.0735       0.00000    
   52.4667      0.452716E-03  0.258493E-04  0.288722E-04   0.00000      0.856010E-01   24.0809       0.00000    
   52.8549      0.445441E-03  0.254079E-04  0.283953E-04   0.00000      0.855404E-01   24.0890       0.00000    
   53.2459      0.438272E-03  0.249731E-04  0.279267E-04   0.00000      0.854814E-01   24.0978       0.00000    
   53.6399      0.431211E-03  0.245444E-04  0.274663E-04   0.00000      0.854225E-01   24.1077       0.00000    
   54.0367      0.424256E-03  0.241204E-04  0.270122E-04   0.00000      0.853588E-01   24.1185       0.00000    
   54.4365      0.417401E-03  0.237023E-04  0.265642E-04   0.00000      0.852928E-01   24.1293       0.00000    
   54.8393      0.410654E-03  0.232915E-04  0.261233E-04   0.00000      0.852273E-01   24.1399       0.00000    
   55.2450      0.404008E-03  0.228876E-04  0.256897E-04   0.00000      0.851628E-01   24.1507       0.00000    
   55.6538      0.397460E-03  0.224891E-04  0.252622E-04   0.00000      0.850958E-01   24.1619       0.00000    
   56.0655      0.391007E-03  0.220951E-04  0.248399E-04   0.00000      0.850235E-01   24.1734       0.00000    
   56.4803      0.384640E-03  0.217065E-04  0.244234E-04   0.00000      0.849503E-01   24.1853       0.00000    
   56.8982      0.378372E-03  0.213258E-04  0.240148E-04   0.00000      0.848820E-01   24.1970       0.00000    
   57.3192      0.372203E-03  0.209532E-04  0.236144E-04   0.00000      0.848199E-01   24.2086       0.00000    
   57.7433      0.366126E-03  0.205858E-04  0.232207E-04   0.00000      0.847574E-01   24.2210       0.00000    
   58.1705      0.360132E-03  0.202218E-04  0.228328E-04   0.00000      0.846915E-01   24.2352       0.00000    
   58.6009      0.354226E-03  0.198619E-04  0.224510E-04   0.00000      0.846232E-01   24.2508       0.00000    
   59.0344      0.348412E-03  0.195091E-04  0.220763E-04   0.00000      0.845587E-01   24.2663       0.00000    
   59.4712      0.342683E-03  0.191635E-04  0.217083E-04   0.00000      0.844997E-01   24.2814       0.00000    
   59.9112      0.337038E-03  0.188229E-04  0.213459E-04   0.00000      0.844404E-01   24.2971       0.00000    
   60.3545      0.331478E-03  0.184871E-04  0.209894E-04   0.00000      0.843801E-01   24.3134       0.00000    
   60.8010      0.326000E-03  0.181570E-04  0.206391E-04   0.00000      0.843224E-01   24.3304       0.00000    
   61.2509      0.320607E-03  0.178322E-04  0.202964E-04   0.00000      0.842690E-01   24.3490       0.00000    
   61.7040      0.315296E-03  0.175127E-04  0.199617E-04   0.00000      0.842221E-01   24.3695       0.00000    
   62.1606      0.310066E-03  0.171985E-04  0.196336E-04   0.00000      0.841792E-01   24.3912       0.00000    
   62.6205      0.304908E-03  0.168896E-04  0.193114E-04   0.00000      0.841409E-01   24.4137       0.00000    
   63.0838      0.299830E-03  0.165859E-04  0.189960E-04   0.00000      0.841070E-01   24.4374       0.00000    
   63.5505      0.294828E-03  0.162869E-04  0.186870E-04   0.00000      0.840774E-01   24.4629       0.00000    
   64.0207      0.289898E-03  0.159914E-04  0.183830E-04   0.00000      0.840471E-01   24.4900       0.00000    
   64.4944      0.285041E-03  0.157001E-04  0.180838E-04   0.00000      0.840167E-01   24.5180       0.00000    
   64.9715      0.280257E-03  0.154145E-04  0.177914E-04   0.00000      0.839949E-01   24.5472       0.00000    
   65.4522      0.275547E-03  0.151343E-04  0.175057E-04   0.00000      0.839812E-01   24.5777       0.00000    
   65.9365      0.270904E-03  0.148579E-04  0.172255E-04   0.00000      0.839709E-01   24.6103       0.00000    
   66.4243      0.266328E-03  0.145847E-04  0.169513E-04   0.00000      0.839643E-01   24.6458       0.00000    
   66.9158      0.261820E-03  0.143150E-04  0.166836E-04   0.00000      0.839633E-01   24.6847       0.00000    
   67.4109      0.257380E-03  0.140486E-04  0.164216E-04   0.00000      0.839650E-01   24.7267       0.00000    
   67.9096      0.253004E-03  0.137854E-04  0.161648E-04   0.00000      0.839701E-01   24.7712       0.00000    
   68.4121      0.248690E-03  0.135259E-04  0.159134E-04   0.00000      0.839805E-01   24.8182       0.00000    
   68.9182      0.244440E-03  0.132699E-04  0.156674E-04   0.00000      0.839955E-01   24.8681       0.00000    
   69.4281      0.240253E-03  0.130168E-04  0.154266E-04   0.00000      0.840137E-01   24.9214       0.00000    
   69.9418      0.236125E-03  0.127662E-04  0.151914E-04   0.00000      0.840372E-01   24.9789       0.00000    
   70.4593      0.232058E-03  0.125184E-04  0.149619E-04   0.00000      0.840659E-01   25.0407       0.00000    
   70.9806      0.228051E-03  0.122740E-04  0.147379E-04   0.00000      0.841024E-01   25.1059       0.00000    
   71.5057      0.224101E-03  0.120327E-04  0.145190E-04   0.00000      0.841454E-01   25.1748       0.00000    
   72.0348      0.220209E-03  0.117931E-04  0.143048E-04   0.00000      0.841894E-01   25.2487       0.00000    
   72.5677      0.216375E-03  0.115551E-04  0.140951E-04   0.00000      0.842342E-01   25.3277       0.00000    
   73.1046      0.212592E-03  0.113184E-04  0.138892E-04   0.00000      0.842785E-01   25.4115       0.00000    
   73.6455      0.208857E-03  0.110823E-04  0.136869E-04   0.00000      0.843209E-01   25.5014       0.00000    
   74.1904      0.205180E-03  0.108480E-04  0.134897E-04   0.00000      0.843673E-01   25.5974       0.00000    
   74.7393      0.201559E-03  0.106173E-04  0.132980E-04   0.00000      0.844247E-01   25.6978       0.00000    
   75.2923      0.197992E-03  0.103887E-04  0.131096E-04   0.00000      0.844824E-01   25.8024       0.00000    
   75.8493      0.194470E-03  0.101607E-04  0.129237E-04   0.00000      0.845356E-01   25.9127       0.00000    
   76.4105      0.190997E-03  0.993310E-05  0.127412E-04   0.00000      0.845858E-01   26.0299       0.00000    
   76.9758      0.187574E-03  0.970634E-05  0.125621E-04   0.00000      0.846339E-01   26.1539       0.00000    
   77.5454      0.184197E-03  0.948094E-05  0.123859E-04   0.00000      0.846814E-01   26.2837       0.00000    
   78.1191      0.180871E-03  0.925743E-05  0.122132E-04   0.00000      0.847302E-01   26.4192       0.00000    
   78.6971      0.177591E-03  0.903455E-05  0.120433E-04   0.00000      0.847759E-01   26.5619       0.00000    
   79.2793      0.174353E-03  0.881116E-05  0.118751E-04   0.00000      0.848104E-01   26.7125       0.00000    
   79.8659      0.171157E-03  0.858809E-05  0.117083E-04   0.00000      0.848364E-01   26.8699       0.00000    
   80.4568      0.168007E-03  0.836580E-05  0.115432E-04   0.00000      0.848535E-01   27.0339       0.00000    
   81.0521      0.164905E-03  0.814460E-05  0.113793E-04   0.00000      0.848587E-01   27.2036       0.00000    
   81.6517      0.161844E-03  0.792468E-05  0.112158E-04   0.00000      0.848535E-01   27.3782       0.00000    
   82.2558      0.158821E-03  0.770531E-05  0.110527E-04   0.00000      0.848342E-01   27.5590       0.00000    
   82.8644      0.155839E-03  0.748596E-05  0.108900E-04   0.00000      0.847981E-01   27.7474       0.00000    
   83.4775      0.152897E-03  0.726666E-05  0.107277E-04   0.00000      0.847442E-01   27.9437       0.00000    
   84.0951      0.149995E-03  0.704869E-05  0.105656E-04   0.00000      0.846763E-01   28.1457       0.00000    
   84.7173      0.147132E-03  0.683328E-05  0.104034E-04   0.00000      0.845964E-01   28.3509       0.00000    
   85.3441      0.144305E-03  0.661966E-05  0.102403E-04   0.00000      0.844986E-01   28.5600       0.00000    
   85.9755      0.141511E-03  0.640688E-05  0.100754E-04   0.00000      0.843749E-01   28.7740       0.00000    
   86.6116      0.138748E-03  0.619582E-05  0.990869E-05   0.00000      0.842267E-01   28.9913       0.00000    
   87.2525      0.136021E-03  0.598798E-05  0.974024E-05   0.00000      0.840581E-01   29.2091       0.00000    
   87.8980      0.133329E-03  0.578443E-05  0.957034E-05   0.00000      0.838727E-01   29.4254       0.00000    
   88.5483      0.130668E-03  0.558505E-05  0.939825E-05   0.00000      0.836665E-01   29.6392       0.00000    
   89.2035      0.128036E-03  0.538956E-05  0.922312E-05   0.00000      0.834327E-01   29.8500       0.00000    
   89.8635      0.125433E-03  0.519881E-05  0.904527E-05   0.00000      0.831750E-01   30.0558       0.00000    
   90.5283      0.122860E-03  0.501373E-05  0.886454E-05   0.00000      0.828926E-01   30.2539       0.00000    
   91.1981      0.120311E-03  0.483497E-05  0.868005E-05   0.00000      0.825844E-01   30.4406       0.00000    
   91.8729      0.117789E-03  0.466295E-05  0.849153E-05   0.00000      0.822451E-01   30.6137       0.00000    
   92.5526      0.115292E-03  0.449873E-05  0.829941E-05   0.00000      0.818817E-01   30.7699       0.00000    
   93.2374      0.112821E-03  0.434370E-05  0.810376E-05   0.00000      0.814964E-01   30.9041       0.00000    
   93.9272      0.110375E-03  0.419874E-05  0.790417E-05   0.00000      0.810889E-01   31.0113       0.00000    
   94.6221      0.107949E-03  0.406442E-05  0.770056E-05   0.00000      0.806619E-01   31.0873       0.00000    
   95.3222      0.105545E-03  0.394216E-05  0.749317E-05   0.00000      0.802209E-01   31.1255       0.00000    
   96.0275      0.103163E-03  0.383361E-05  0.728212E-05   0.00000      0.797725E-01   31.1179       0.00000    
   96.7379      0.100802E-03  0.373913E-05  0.706711E-05   0.00000      0.793170E-01   31.0586       0.00000    
   97.4537      0.984641E-04  0.366187E-05  0.684778E-05   0.00000      0.788652E-01   30.9321       0.00000    
   98.1747      0.961570E-04  0.361031E-05  0.662380E-05   0.00000      0.784530E-01   30.7037       0.00000    
   98.9010      0.938893E-04  0.358624E-05  0.639449E-05   0.00000      0.780865E-01   30.3575       0.00000    
   99.6328      0.916543E-04  0.357750E-05  0.616083E-05   0.00000      0.777291E-01   29.9285       0.00000    
