   1.20444      0.111182      0.448071E-02  0.165594E-03   0.00000      0.403282E-01   1.05826       0.00000    
   1.21335      0.109568      0.441634E-02  0.163602E-03   0.00000      0.403345E-01   1.06077       0.00000    
   1.22233      0.107977      0.435291E-02  0.161639E-03   0.00000      0.403411E-01   1.06331       0.00000    
   1.23137      0.106413      0.429053E-02  0.159709E-03   0.00000      0.403477E-01   1.06589       0.00000    
   1.24048      0.104868      0.422894E-02  0.157807E-03   0.00000      0.403543E-01   1.06853       0.00000    
   1.24966      0.103349      0.416837E-02  0.155940E-03   0.00000      0.403612E-01   1.07123       0.00000    
   1.25891      0.101850      0.410860E-02  0.154098E-03   0.00000      0.403681E-01   1.07397       0.00000    
   1.26822      0.100376      0.404980E-02  0.152285E-03   0.00000      0.403749E-01   1.07674       0.00000    
   1.27760      0.989211E-01  0.399184E-02  0.150502E-03   0.00000      0.403824E-01   1.07958       0.00000    
   1.28706      0.974838E-01  0.393467E-02  0.148744E-03   0.00000      0.403911E-01   1.08248       0.00000    
   1.29658      0.960706E-01  0.387843E-02  0.147016E-03   0.00000      0.403996E-01   1.08541       0.00000    
   1.30617      0.946786E-01  0.382298E-02  0.145315E-03   0.00000      0.404077E-01   1.08841       0.00000    
   1.31583      0.933069E-01  0.376831E-02  0.143645E-03   0.00000      0.404155E-01   1.09151       0.00000    
   1.32557      0.919553E-01  0.371442E-02  0.142007E-03   0.00000      0.404232E-01   1.09471       0.00000    
   1.33538      0.906244E-01  0.366134E-02  0.140401E-03   0.00000      0.404310E-01   1.09802       0.00000    
   1.34526      0.893119E-01  0.360897E-02  0.138824E-03   0.00000      0.404386E-01   1.10143       0.00000    
   1.35521      0.880213E-01  0.355744E-02  0.137274E-03   0.00000      0.404458E-01   1.10491       0.00000    
   1.36524      0.867470E-01  0.350654E-02  0.135740E-03   0.00000      0.404528E-01   1.10843       0.00000    
   1.37534      0.854934E-01  0.345647E-02  0.134235E-03   0.00000      0.404601E-01   1.11200       0.00000    
   1.38551      0.842561E-01  0.340711E-02  0.132758E-03   0.00000      0.404683E-01   1.11570       0.00000    
   1.39576      0.830344E-01  0.335842E-02  0.131313E-03   0.00000      0.404770E-01   1.11955       0.00000    
   1.40609      0.818320E-01  0.331043E-02  0.129898E-03   0.00000      0.404851E-01   1.12354       0.00000    
   1.41649      0.806507E-01  0.326322E-02  0.128508E-03   0.00000      0.404925E-01   1.12759       0.00000    
   1.42697      0.794847E-01  0.321665E-02  0.127131E-03   0.00000      0.405004E-01   1.13165       0.00000    
   1.43753      0.783356E-01  0.317081E-02  0.125764E-03   0.00000      0.405091E-01   1.13566       0.00000    
   1.44817      0.772052E-01  0.312573E-02  0.124408E-03   0.00000      0.405180E-01   1.13962       0.00000    
   1.45888      0.760915E-01  0.308135E-02  0.123066E-03   0.00000      0.405276E-01   1.14356       0.00000    
   1.46968      0.749933E-01  0.303760E-02  0.121739E-03   0.00000      0.405375E-01   1.14752       0.00000    
   1.48055      0.739117E-01  0.299456E-02  0.120433E-03   0.00000      0.405481E-01   1.15152       0.00000    
   1.49150      0.728424E-01  0.295214E-02  0.119143E-03   0.00000      0.405608E-01   1.15555       0.00000    
   1.50254      0.717898E-01  0.291037E-02  0.117873E-03   0.00000      0.405734E-01   1.15964       0.00000    
   1.51366      0.707547E-01  0.286921E-02  0.116621E-03   0.00000      0.405850E-01   1.16377       0.00000    
   1.52486      0.697349E-01  0.282868E-02  0.115384E-03   0.00000      0.405970E-01   1.16793       0.00000    
   1.53614      0.687298E-01  0.278871E-02  0.114167E-03   0.00000      0.406090E-01   1.17216       0.00000    
   1.54750      0.677392E-01  0.274932E-02  0.112973E-03   0.00000      0.406211E-01   1.17652       0.00000    
   1.55895      0.667650E-01  0.271059E-02  0.111800E-03   0.00000      0.406335E-01   1.18094       0.00000    
   1.57049      0.658038E-01  0.267234E-02  0.110641E-03   0.00000      0.406455E-01   1.18541       0.00000    
   1.58211      0.648564E-01  0.263469E-02  0.109503E-03   0.00000      0.406586E-01   1.18998       0.00000    
   1.59381      0.639202E-01  0.259761E-02  0.108383E-03   0.00000      0.406737E-01   1.19462       0.00000    
   1.60560      0.629985E-01  0.256108E-02  0.107275E-03   0.00000      0.406886E-01   1.19926       0.00000    
   1.61748      0.620918E-01  0.252509E-02  0.106185E-03   0.00000      0.407030E-01   1.20399       0.00000    
   1.62945      0.611998E-01  0.248967E-02  0.105118E-03   0.00000      0.407172E-01   1.20885       0.00000    
   1.64151      0.603204E-01  0.245475E-02  0.104069E-03   0.00000      0.407317E-01   1.21380       0.00000    
   1.65365      0.594536E-01  0.242035E-02  0.103036E-03   0.00000      0.407467E-01   1.21883       0.00000    
   1.66588      0.586010E-01  0.238648E-02  0.102024E-03   0.00000      0.407614E-01   1.22398       0.00000    
   1.67821      0.577590E-01  0.235306E-02  0.101028E-03   0.00000      0.407768E-01   1.22924       0.00000    
   1.69063      0.569274E-01  0.232016E-02  0.100047E-03   0.00000      0.407943E-01   1.23456       0.00000    
   1.70313      0.561078E-01  0.228775E-02  0.990812E-04   0.00000      0.408124E-01   1.23995       0.00000    
   1.71574      0.553022E-01  0.225584E-02  0.981322E-04   0.00000      0.408298E-01   1.24544       0.00000    
   1.72843      0.545097E-01  0.222442E-02  0.972006E-04   0.00000      0.408467E-01   1.25103       0.00000    
   1.74122      0.537281E-01  0.219344E-02  0.962850E-04   0.00000      0.408641E-01   1.25674       0.00000    
   1.75410      0.529596E-01  0.216296E-02  0.953918E-04   0.00000      0.408815E-01   1.26262       0.00000    
   1.76708      0.522014E-01  0.213287E-02  0.945218E-04   0.00000      0.408986E-01   1.26875       0.00000    
   1.78015      0.514530E-01  0.210324E-02  0.936749E-04   0.00000      0.409175E-01   1.27509       0.00000    
   1.79332      0.507138E-01  0.207409E-02  0.928481E-04   0.00000      0.409388E-01   1.28159       0.00000    
   1.80659      0.499853E-01  0.204534E-02  0.920397E-04   0.00000      0.409601E-01   1.28828       0.00000    
   1.81996      0.492703E-01  0.201704E-02  0.912491E-04   0.00000      0.409801E-01   1.29512       0.00000    
   1.83342      0.485661E-01  0.198916E-02  0.904727E-04   0.00000      0.410000E-01   1.30209       0.00000    
   1.84699      0.478718E-01  0.196164E-02  0.897122E-04   0.00000      0.410197E-01   1.30925       0.00000    
   1.86065      0.471896E-01  0.193454E-02  0.889711E-04   0.00000      0.410384E-01   1.31661       0.00000    
   1.87442      0.465157E-01  0.190777E-02  0.882493E-04   0.00000      0.410573E-01   1.32424       0.00000    
   1.88829      0.458498E-01  0.188139E-02  0.875568E-04   0.00000      0.410783E-01   1.33226       0.00000    
   1.90226      0.451917E-01  0.185530E-02  0.868931E-04   0.00000      0.410991E-01   1.34074       0.00000    
   1.91633      0.445469E-01  0.182962E-02  0.862571E-04   0.00000      0.411174E-01   1.34960       0.00000    
   1.93051      0.439116E-01  0.180425E-02  0.856392E-04   0.00000      0.411345E-01   1.35876       0.00000    
   1.94479      0.432863E-01  0.177924E-02  0.850428E-04   0.00000      0.411509E-01   1.36825       0.00000    
   1.95918      0.426705E-01  0.175454E-02  0.844740E-04   0.00000      0.411660E-01   1.37821       0.00000    
   1.97368      0.420643E-01  0.173022E-02  0.839394E-04   0.00000      0.411810E-01   1.38873       0.00000    
   1.98828      0.414623E-01  0.170612E-02  0.834374E-04   0.00000      0.411980E-01   1.39990       0.00000    
   2.00299      0.408702E-01  0.168239E-02  0.829721E-04   0.00000      0.412142E-01   1.41171       0.00000    
   2.01781      0.402881E-01  0.165896E-02  0.825257E-04   0.00000      0.412283E-01   1.42393       0.00000    
   2.03274      0.397159E-01  0.163600E-02  0.820597E-04   0.00000      0.412443E-01   1.43574       0.00000    
   2.04778      0.391533E-01  0.161359E-02  0.815489E-04   0.00000      0.412646E-01   1.44660       0.00000    
   2.06293      0.385991E-01  0.159161E-02  0.810108E-04   0.00000      0.412878E-01   1.45688       0.00000    
   2.07819      0.380518E-01  0.157003E-02  0.804733E-04   0.00000      0.413145E-01   1.46709       0.00000    
   2.09357      0.375095E-01  0.154875E-02  0.799463E-04   0.00000      0.413445E-01   1.47749       0.00000    
   2.10906      0.369769E-01  0.152781E-02  0.794363E-04   0.00000      0.413737E-01   1.48817       0.00000    
   2.12466      0.364538E-01  0.150716E-02  0.789449E-04   0.00000      0.414012E-01   1.49920       0.00000    
   2.14038      0.359388E-01  0.148681E-02  0.784700E-04   0.00000      0.414283E-01   1.51056       0.00000    
   2.15622      0.354326E-01  0.146679E-02  0.780067E-04   0.00000      0.414551E-01   1.52212       0.00000    
   2.17217      0.349320E-01  0.144706E-02  0.775478E-04   0.00000      0.414844E-01   1.53377       0.00000    
   2.18824      0.344360E-01  0.142763E-02  0.770962E-04   0.00000      0.415178E-01   1.54557       0.00000    
   2.20443      0.339487E-01  0.140850E-02  0.766553E-04   0.00000      0.415506E-01   1.55757       0.00000    
   2.22074      0.334699E-01  0.138965E-02  0.762254E-04   0.00000      0.415818E-01   1.56983       0.00000    
   2.23717      0.329991E-01  0.137108E-02  0.758119E-04   0.00000      0.416126E-01   1.58243       0.00000    
   2.25372      0.325357E-01  0.135278E-02  0.754125E-04   0.00000      0.416430E-01   1.59536       0.00000    
   2.27040      0.320776E-01  0.133477E-02  0.750247E-04   0.00000      0.416763E-01   1.60855       0.00000    
   2.28720      0.316239E-01  0.131703E-02  0.746482E-04   0.00000      0.417135E-01   1.62201       0.00000    
   2.30412      0.311776E-01  0.129953E-02  0.742811E-04   0.00000      0.417496E-01   1.63573       0.00000    
   2.32117      0.307405E-01  0.128234E-02  0.739262E-04   0.00000      0.417843E-01   1.64971       0.00000    
   2.33834      0.303102E-01  0.126541E-02  0.735846E-04   0.00000      0.418192E-01   1.66402       0.00000    
   2.35564      0.298860E-01  0.124874E-02  0.732554E-04   0.00000      0.418553E-01   1.67866       0.00000    
   2.37307      0.294657E-01  0.123235E-02  0.729382E-04   0.00000      0.418964E-01   1.69359       0.00000    
   2.39063      0.290502E-01  0.121621E-02  0.726295E-04   0.00000      0.419402E-01   1.70877       0.00000    
   2.40831      0.286436E-01  0.120033E-02  0.723309E-04   0.00000      0.419816E-01   1.72422       0.00000    
   2.42613      0.282442E-01  0.118467E-02  0.720436E-04   0.00000      0.420213E-01   1.74003       0.00000    
   2.44408      0.278509E-01  0.116924E-02  0.717671E-04   0.00000      0.420610E-01   1.75619       0.00000    
   2.46217      0.274610E-01  0.115402E-02  0.715015E-04   0.00000      0.421045E-01   1.77272       0.00000    
   2.48038      0.270754E-01  0.113903E-02  0.712503E-04   0.00000      0.421512E-01   1.78969       0.00000    
   2.49873      0.266968E-01  0.112424E-02  0.710111E-04   0.00000      0.421952E-01   1.80711       0.00000    
   2.51722      0.263260E-01  0.110964E-02  0.707815E-04   0.00000      0.422356E-01   1.82491       0.00000    
   2.53585      0.259616E-01  0.109524E-02  0.705638E-04   0.00000      0.422743E-01   1.84317       0.00000    
   2.55461      0.256000E-01  0.108100E-02  0.703664E-04   0.00000      0.423159E-01   1.86217       0.00000    
   2.57351      0.252410E-01  0.106684E-02  0.702173E-04   0.00000      0.423575E-01   1.88284       0.00000    
   2.59255      0.248893E-01  0.105272E-02  0.701325E-04   0.00000      0.423898E-01   1.90571       0.00000    
   2.61173      0.245451E-01  0.103873E-02  0.700825E-04   0.00000      0.424156E-01   1.92992       0.00000    
   2.63105      0.242064E-01  0.102499E-02  0.700315E-04   0.00000      0.424424E-01   1.95431       0.00000    
   2.65052      0.238705E-01  0.101150E-02  0.699747E-04   0.00000      0.424758E-01   1.97868       0.00000    
   2.67013      0.235372E-01  0.998209E-03  0.699225E-04   0.00000      0.425138E-01   2.00345       0.00000    
   2.68988      0.232109E-01  0.985084E-03  0.698822E-04   0.00000      0.425473E-01   2.02889       0.00000    
   2.70979      0.228930E-01  0.972192E-03  0.698518E-04   0.00000      0.425763E-01   2.05481       0.00000    
   2.72983      0.225784E-01  0.959561E-03  0.698046E-04   0.00000      0.426114E-01   2.08036       0.00000    
   2.75003      0.222657E-01  0.947287E-03  0.697268E-04   0.00000      0.426597E-01   2.10488       0.00000    
   2.77038      0.219576E-01  0.935275E-03  0.696346E-04   0.00000      0.427126E-01   2.12901       0.00000    
   2.79088      0.216564E-01  0.923428E-03  0.695426E-04   0.00000      0.427606E-01   2.15338       0.00000    
   2.81152      0.213619E-01  0.911788E-03  0.694518E-04   0.00000      0.428067E-01   2.17793       0.00000    
   2.83233      0.210689E-01  0.900313E-03  0.693606E-04   0.00000      0.428584E-01   2.20270       0.00000    
   2.85328      0.207782E-01  0.889017E-03  0.692751E-04   0.00000      0.429158E-01   2.22783       0.00000    
   2.87439      0.204935E-01  0.877890E-03  0.691967E-04   0.00000      0.429704E-01   2.25341       0.00000    
   2.89566      0.202157E-01  0.866929E-03  0.691234E-04   0.00000      0.430200E-01   2.27938       0.00000    
   2.91708      0.199410E-01  0.856144E-03  0.690572E-04   0.00000      0.430734E-01   2.30577       0.00000    
   2.93866      0.196669E-01  0.845507E-03  0.689959E-04   0.00000      0.431342E-01   2.33259       0.00000    
   2.96041      0.193983E-01  0.835040E-03  0.689338E-04   0.00000      0.431934E-01   2.35958       0.00000    
   2.98231      0.191365E-01  0.824715E-03  0.688732E-04   0.00000      0.432463E-01   2.38689       0.00000    
   3.00437      0.188778E-01  0.814534E-03  0.688217E-04   0.00000      0.433016E-01   2.41479       0.00000    
   3.02660      0.186198E-01  0.804509E-03  0.687767E-04   0.00000      0.433648E-01   2.44314       0.00000    
   3.04900      0.183668E-01  0.794647E-03  0.687328E-04   0.00000      0.434269E-01   2.47174       0.00000    
   3.07155      0.181207E-01  0.784934E-03  0.686919E-04   0.00000      0.434826E-01   2.50069       0.00000    
   3.09428      0.178763E-01  0.775339E-03  0.686564E-04   0.00000      0.435422E-01   2.53017       0.00000    
   3.11717      0.176329E-01  0.765899E-03  0.686264E-04   0.00000      0.436098E-01   2.56008       0.00000    
   3.14024      0.173952E-01  0.756610E-03  0.685997E-04   0.00000      0.436736E-01   2.59034       0.00000    
   3.16347      0.171637E-01  0.747466E-03  0.685743E-04   0.00000      0.437320E-01   2.62089       0.00000    
   3.18687      0.169327E-01  0.738434E-03  0.685509E-04   0.00000      0.437973E-01   2.65187       0.00000    
   3.21045      0.167033E-01  0.729538E-03  0.685318E-04   0.00000      0.438686E-01   2.68327       0.00000    
   3.23421      0.164808E-01  0.720796E-03  0.685166E-04   0.00000      0.439327E-01   2.71502       0.00000    
   3.25814      0.162624E-01  0.712173E-03  0.685033E-04   0.00000      0.439948E-01   2.74716       0.00000    
   3.28224      0.160432E-01  0.703653E-03  0.684864E-04   0.00000      0.440670E-01   2.77954       0.00000    
   3.30653      0.158282E-01  0.695283E-03  0.684654E-04   0.00000      0.441394E-01   2.81193       0.00000    
   3.33099      0.156196E-01  0.687049E-03  0.684464E-04   0.00000      0.442040E-01   2.84462       0.00000    
   3.35563      0.154123E-01  0.678918E-03  0.684311E-04   0.00000      0.442735E-01   2.87783       0.00000    
   3.38046      0.152055E-01  0.670895E-03  0.684157E-04   0.00000      0.443507E-01   2.91135       0.00000    
   3.40547      0.150050E-01  0.663005E-03  0.683996E-04   0.00000      0.444202E-01   2.94507       0.00000    
   3.43067      0.148079E-01  0.655224E-03  0.683828E-04   0.00000      0.444885E-01   2.97907       0.00000    
   3.45605      0.146108E-01  0.647572E-03  0.683633E-04   0.00000      0.445679E-01   3.01316       0.00000    
   3.48162      0.144177E-01  0.640017E-03  0.683382E-04   0.00000      0.446435E-01   3.04735       0.00000    
   3.50738      0.142296E-01  0.632583E-03  0.683122E-04   0.00000      0.447138E-01   3.08173       0.00000    
   3.53333      0.140417E-01  0.625252E-03  0.682865E-04   0.00000      0.447931E-01   3.11641       0.00000    
   3.55947      0.138568E-01  0.618021E-03  0.682561E-04   0.00000      0.448719E-01   3.15119       0.00000    
   3.58581      0.136767E-01  0.610912E-03  0.682242E-04   0.00000      0.449456E-01   3.18608       0.00000    
   3.61234      0.134971E-01  0.603895E-03  0.681957E-04   0.00000      0.450270E-01   3.22146       0.00000    
   3.63906      0.133204E-01  0.596978E-03  0.681659E-04   0.00000      0.451079E-01   3.25705       0.00000    
   3.66599      0.131481E-01  0.590167E-03  0.681278E-04   0.00000      0.451841E-01   3.29249       0.00000    
   3.69311      0.129764E-01  0.583468E-03  0.680823E-04   0.00000      0.452689E-01   3.32774       0.00000    
   3.72043      0.128075E-01  0.576853E-03  0.680314E-04   0.00000      0.453524E-01   3.36307       0.00000    
   3.74796      0.126429E-01  0.570339E-03  0.679768E-04   0.00000      0.454307E-01   3.39841       0.00000    
   3.77569      0.124782E-01  0.563920E-03  0.679210E-04   0.00000      0.455189E-01   3.43394       0.00000    
   3.80363      0.123172E-01  0.557591E-03  0.678652E-04   0.00000      0.456033E-01   3.46971       0.00000    
   3.83177      0.121597E-01  0.551347E-03  0.678040E-04   0.00000      0.456836E-01   3.50548       0.00000    
   3.86012      0.120021E-01  0.545203E-03  0.677353E-04   0.00000      0.457747E-01   3.54103       0.00000    
   3.88868      0.118484E-01  0.539155E-03  0.676606E-04   0.00000      0.458613E-01   3.57643       0.00000    
   3.91745      0.116973E-01  0.533195E-03  0.675807E-04   0.00000      0.459474E-01   3.61176       0.00000    
   3.94643      0.115470E-01  0.527321E-03  0.674958E-04   0.00000      0.460398E-01   3.64703       0.00000    
   3.97563      0.114002E-01  0.521541E-03  0.674010E-04   0.00000      0.461287E-01   3.68189       0.00000    
   4.00504      0.112550E-01  0.515853E-03  0.672927E-04   0.00000      0.462216E-01   3.71611       0.00000    
   4.03468      0.111119E-01  0.510235E-03  0.671775E-04   0.00000      0.463142E-01   3.75021       0.00000    
   4.06453      0.109715E-01  0.504699E-03  0.670587E-04   0.00000      0.464053E-01   3.78425       0.00000    
   4.09460      0.108323E-01  0.499238E-03  0.669287E-04   0.00000      0.465002E-01   3.81782       0.00000    
   4.12489      0.106960E-01  0.493871E-03  0.667901E-04   0.00000      0.465939E-01   3.85092       0.00000    
   4.15541      0.105609E-01  0.488572E-03  0.666493E-04   0.00000      0.466909E-01   3.88407       0.00000    
   4.18616      0.104285E-01  0.483350E-03  0.665020E-04   0.00000      0.467857E-01   3.91694       0.00000    
   4.21713      0.102977E-01  0.478208E-03  0.663426E-04   0.00000      0.468832E-01   3.94916       0.00000    
   4.24833      0.101687E-01  0.473148E-03  0.661728E-04   0.00000      0.469827E-01   3.98077       0.00000    
   4.27976      0.100421E-01  0.468156E-03  0.659960E-04   0.00000      0.470801E-01   4.01206       0.00000    
   4.31143      0.991680E-02  0.463231E-03  0.658112E-04   0.00000      0.471808E-01   4.04295       0.00000    
   4.34332      0.979373E-02  0.458388E-03  0.656137E-04   0.00000      0.472813E-01   4.07300       0.00000    
   4.37546      0.967235E-02  0.453621E-03  0.654067E-04   0.00000      0.473838E-01   4.10240       0.00000    
   4.40783      0.955268E-02  0.448921E-03  0.651916E-04   0.00000      0.474872E-01   4.13133       0.00000    
   4.44044      0.943499E-02  0.444295E-03  0.649631E-04   0.00000      0.475908E-01   4.15931       0.00000    
   4.47330      0.931870E-02  0.439734E-03  0.647239E-04   0.00000      0.476968E-01   4.18658       0.00000    
   4.50639      0.920444E-02  0.435253E-03  0.644767E-04   0.00000      0.478033E-01   4.21314       0.00000    
   4.53974      0.909164E-02  0.430837E-03  0.642136E-04   0.00000      0.479118E-01   4.23859       0.00000    
   4.57332      0.898064E-02  0.426499E-03  0.639356E-04   0.00000      0.480216E-01   4.26280       0.00000    
   4.60716      0.887117E-02  0.422209E-03  0.636472E-04   0.00000      0.481312E-01   4.28634       0.00000    
   4.64125      0.876321E-02  0.417990E-03  0.633493E-04   0.00000      0.482430E-01   4.30899       0.00000    
   4.67559      0.865710E-02  0.413855E-03  0.630373E-04   0.00000      0.483567E-01   4.33029       0.00000    
   4.71018      0.855225E-02  0.409779E-03  0.627111E-04   0.00000      0.484727E-01   4.35041       0.00000    
   4.74503      0.844921E-02  0.405764E-03  0.623739E-04   0.00000      0.485881E-01   4.36953       0.00000    
   4.78013      0.834751E-02  0.401809E-03  0.620236E-04   0.00000      0.487052E-01   4.38749       0.00000    
   4.81550      0.824723E-02  0.397912E-03  0.616607E-04   0.00000      0.488238E-01   4.40427       0.00000    
   4.85113      0.814862E-02  0.394076E-03  0.612888E-04   0.00000      0.489425E-01   4.42006       0.00000    
   4.88702      0.805109E-02  0.390301E-03  0.609066E-04   0.00000      0.490648E-01   4.43474       0.00000    
   4.92318      0.795542E-02  0.386591E-03  0.605090E-04   0.00000      0.491863E-01   4.44786       0.00000    
   4.95960      0.786087E-02  0.382953E-03  0.600990E-04   0.00000      0.493127E-01   4.45950       0.00000    
   4.99630      0.776750E-02  0.379366E-03  0.596821E-04   0.00000      0.494408E-01   4.47027       0.00000    
   5.03326      0.767605E-02  0.375836E-03  0.592569E-04   0.00000      0.495670E-01   4.47995       0.00000    
   5.07050      0.758527E-02  0.372369E-03  0.588168E-04   0.00000      0.496996E-01   4.48795       0.00000    
   5.10802      0.749598E-02  0.368967E-03  0.583613E-04   0.00000      0.498340E-01   4.49414       0.00000    
   5.14581      0.740843E-02  0.365621E-03  0.578961E-04   0.00000      0.499669E-01   4.49904       0.00000    
   5.18388      0.732170E-02  0.362331E-03  0.574237E-04   0.00000      0.501049E-01   4.50279       0.00000    
   5.22224      0.723605E-02  0.359105E-03  0.569388E-04   0.00000      0.502472E-01   4.50484       0.00000    
   5.26087      0.715208E-02  0.355941E-03  0.564405E-04   0.00000      0.503893E-01   4.50510       0.00000    
   5.29980      0.706931E-02  0.352827E-03  0.559308E-04   0.00000      0.505328E-01   4.50384       0.00000    
   5.33901      0.698747E-02  0.349773E-03  0.554092E-04   0.00000      0.506814E-01   4.50084       0.00000    
   5.37851      0.690671E-02  0.346782E-03  0.548773E-04   0.00000      0.508342E-01   4.49617       0.00000    
   5.41830      0.682729E-02  0.343844E-03  0.543401E-04   0.00000      0.509882E-01   4.49030       0.00000    
   5.45839      0.674904E-02  0.340955E-03  0.537989E-04   0.00000      0.511440E-01   4.48336       0.00000    
   5.49878      0.667191E-02  0.338126E-03  0.532473E-04   0.00000      0.513037E-01   4.47465       0.00000    
   5.53946      0.659575E-02  0.335360E-03  0.526844E-04   0.00000      0.514685E-01   4.46405       0.00000    
   5.58044      0.652069E-02  0.332641E-03  0.521144E-04   0.00000      0.516355E-01   4.45203       0.00000    
   5.62173      0.644667E-02  0.329963E-03  0.515381E-04   0.00000      0.518040E-01   4.43875       0.00000    
   5.66332      0.637377E-02  0.327347E-03  0.509558E-04   0.00000      0.519770E-01   4.42392       0.00000    
   5.70522      0.630180E-02  0.324781E-03  0.503711E-04   0.00000      0.521540E-01   4.40795       0.00000    
   5.74744      0.623091E-02  0.322264E-03  0.497875E-04   0.00000      0.523337E-01   4.39118       0.00000    
   5.78996      0.616102E-02  0.319803E-03  0.492050E-04   0.00000      0.525183E-01   4.37348       0.00000    
   5.83280      0.609206E-02  0.317388E-03  0.486242E-04   0.00000      0.527065E-01   4.35502       0.00000    
   5.87595      0.602401E-02  0.315005E-03  0.480442E-04   0.00000      0.528963E-01   4.33592       0.00000    
   5.91943      0.595700E-02  0.312674E-03  0.474602E-04   0.00000      0.530896E-01   4.31547       0.00000    
   5.96322      0.589087E-02  0.310402E-03  0.468715E-04   0.00000      0.532894E-01   4.29347       0.00000    
   6.00734      0.582561E-02  0.308182E-03  0.462865E-04   0.00000      0.534945E-01   4.27077       0.00000    
   6.05179      0.576120E-02  0.306000E-03  0.457097E-04   0.00000      0.537032E-01   4.24796       0.00000    
   6.09656      0.569765E-02  0.303869E-03  0.451374E-04   0.00000      0.539176E-01   4.22453       0.00000    
   6.14167      0.563472E-02  0.301792E-03  0.445687E-04   0.00000      0.541403E-01   4.20037       0.00000    
   6.18711      0.557251E-02  0.299756E-03  0.440103E-04   0.00000      0.543686E-01   4.17626       0.00000    
   6.23289      0.551009E-02  0.297752E-03  0.434633E-04   0.00000      0.546104E-01   4.15244       0.00000    
   6.27900      0.544694E-02  0.295802E-03  0.429229E-04   0.00000      0.548748E-01   4.12820       0.00000    
   6.32546      0.538440E-02  0.293897E-03  0.423914E-04   0.00000      0.551480E-01   4.10383       0.00000    
   6.37226      0.532420E-02  0.292025E-03  0.418742E-04   0.00000      0.554097E-01   4.08008       0.00000    
   6.41940      0.526652E-02  0.290191E-03  0.413709E-04   0.00000      0.556582E-01   4.05683       0.00000    
   6.46690      0.521098E-02  0.288395E-03  0.408794E-04   0.00000      0.558970E-01   4.03390       0.00000    
   6.51474      0.515818E-02  0.286637E-03  0.404050E-04   0.00000      0.561187E-01   4.01184       0.00000    
   6.56294      0.510647E-02  0.284884E-03  0.399561E-04   0.00000      0.563349E-01   3.99194       0.00000    
   6.61150      0.505360E-02  0.283128E-03  0.395378E-04   0.00000      0.565687E-01   3.97486       0.00000    
   6.66042      0.499969E-02  0.281342E-03  0.391586E-04   0.00000      0.568144E-01   3.96191       0.00000    
   6.70970      0.494608E-02  0.279514E-03  0.388295E-04   0.00000      0.570550E-01   3.95439       0.00000    
   6.75934      0.489270E-02  0.277662E-03  0.385503E-04   0.00000      0.572947E-01   3.95218       0.00000    
   6.80935      0.483926E-02  0.275823E-03  0.383231E-04   0.00000      0.575444E-01   3.95505       0.00000    
   6.85973      0.478526E-02  0.274013E-03  0.381582E-04   0.00000      0.578146E-01   3.96392       0.00000    
   6.91048      0.472838E-02  0.272211E-03  0.380589E-04   0.00000      0.581297E-01   3.97957       0.00000    
   6.96161      0.466557E-02  0.270385E-03  0.380200E-04   0.00000      0.585234E-01   4.00206       0.00000    
   7.01312      0.459700E-02  0.268485E-03  0.380354E-04   0.00000      0.589876E-01   4.03162       0.00000    
   7.06500      0.449958E-02  0.266480E-03  0.380985E-04   0.00000      0.598254E-01   4.06821       0.00000    
   7.11728      0.433245E-02  0.264315E-03  0.381950E-04   0.00000      0.616420E-01   4.11131       0.00000    
   7.16993      0.415091E-02  0.261921E-03  0.383150E-04   0.00000      0.637713E-01   4.16122       0.00000    
   7.22298      0.404529E-02  0.259232E-03  0.384726E-04   0.00000      0.647844E-01   4.22081       0.00000    
   7.27642      0.399114E-02  0.256211E-03  0.386939E-04   0.00000      0.649228E-01   4.29406       0.00000    
   7.33026      0.394102E-02  0.252849E-03  0.389940E-04   0.00000      0.649166E-01   4.38351       0.00000    
   7.38449      0.389133E-02  0.249157E-03  0.393826E-04   0.00000      0.648237E-01   4.49102       0.00000    
   7.43913      0.384199E-02  0.245120E-03  0.398716E-04   0.00000      0.646389E-01   4.61944       0.00000    
   7.49417      0.379319E-02  0.240734E-03  0.404674E-04   0.00000      0.643551E-01   4.77111       0.00000    
   7.54961      0.374502E-02  0.236011E-03  0.411698E-04   0.00000      0.639714E-01   4.94757       0.00000    
   7.60547      0.369750E-02  0.230980E-03  0.419750E-04   0.00000      0.634924E-01   5.14985       0.00000    
   7.66174      0.365077E-02  0.225728E-03  0.428644E-04   0.00000      0.629351E-01   5.37606       0.00000    
   7.71843      0.360506E-02  0.220525E-03  0.437929E-04   0.00000      0.623656E-01   5.61597       0.00000    
   7.77553      0.356087E-02  0.215806E-03  0.446955E-04   0.00000      0.618910E-01   5.85054       0.00000    
   7.83306      0.351832E-02  0.211784E-03  0.455097E-04   0.00000      0.615688E-01   6.06385       0.00000    
   7.89102      0.347391E-02  0.208463E-03  0.461787E-04   0.00000      0.614628E-01   6.24523       0.00000    
   7.94940      0.342220E-02  0.205860E-03  0.466614E-04   0.00000      0.616802E-01   6.38560       0.00000    
   8.00821      0.336969E-02  0.203934E-03  0.469612E-04   0.00000      0.621041E-01   6.48389       0.00000    
   8.06746      0.332659E-02  0.202463E-03  0.471336E-04   0.00000      0.624896E-01   6.55253       0.00000    
   8.12715      0.328993E-02  0.201164E-03  0.472601E-04   0.00000      0.628103E-01   6.61045       0.00000    
   8.18728      0.325415E-02  0.199894E-03  0.473825E-04   0.00000      0.631297E-01   6.66758       0.00000    
   8.24786      0.321885E-02  0.198644E-03  0.475038E-04   0.00000      0.634529E-01   6.72458       0.00000    
   8.30888      0.318400E-02  0.197407E-03  0.476266E-04   0.00000      0.637785E-01   6.78201       0.00000    
   8.37035      0.314963E-02  0.196180E-03  0.477518E-04   0.00000      0.641053E-01   6.84011       0.00000    
   8.43228      0.311574E-02  0.194969E-03  0.478759E-04   0.00000      0.644346E-01   6.89819       0.00000    
   8.49467      0.308231E-02  0.193781E-03  0.479966E-04   0.00000      0.647683E-01   6.95567       0.00000    
   8.55752      0.304932E-02  0.192604E-03  0.481162E-04   0.00000      0.651041E-01   7.01324       0.00000    
   8.62083      0.301676E-02  0.191433E-03  0.482370E-04   0.00000      0.654399E-01   7.07144       0.00000    
   8.68462      0.298465E-02  0.190280E-03  0.483564E-04   0.00000      0.657794E-01   7.12942       0.00000    
   8.74887      0.295297E-02  0.189150E-03  0.484749E-04   0.00000      0.661242E-01   7.18715       0.00000    
   8.81360      0.292171E-02  0.188031E-03  0.485955E-04   0.00000      0.664708E-01   7.24536       0.00000    
   8.87881      0.289085E-02  0.186921E-03  0.487149E-04   0.00000      0.668194E-01   7.30367       0.00000    
   8.94450      0.286041E-02  0.185825E-03  0.488314E-04   0.00000      0.671701E-01   7.36171       0.00000    
   9.01068      0.283038E-02  0.184737E-03  0.489479E-04   0.00000      0.675215E-01   7.42004       0.00000    
   9.07734      0.280073E-02  0.183659E-03  0.490640E-04   0.00000      0.678749E-01   7.47856       0.00000    
   9.14450      0.277148E-02  0.182598E-03  0.491769E-04   0.00000      0.682322E-01   7.53657       0.00000    
   9.21216      0.274261E-02  0.181551E-03  0.492892E-04   0.00000      0.685925E-01   7.59457       0.00000    
   9.28032      0.271409E-02  0.180511E-03  0.494036E-04   0.00000      0.689548E-01   7.65314       0.00000    
   9.34898      0.268596E-02  0.179487E-03  0.495149E-04   0.00000      0.693203E-01   7.71127       0.00000    
   9.41815      0.265821E-02  0.178477E-03  0.496195E-04   0.00000      0.696885E-01   7.76839       0.00000    
   9.48783      0.263079E-02  0.177472E-03  0.497204E-04   0.00000      0.700568E-01   7.82537       0.00000    
   9.55803      0.260373E-02  0.176473E-03  0.498195E-04   0.00000      0.704259E-01   7.88238       0.00000    
   9.62875      0.257702E-02  0.175491E-03  0.499153E-04   0.00000      0.707996E-01   7.93872       0.00000    
   9.69999      0.255064E-02  0.174521E-03  0.500076E-04   0.00000      0.711762E-01   7.99460       0.00000    
   9.77175      0.252457E-02  0.173549E-03  0.500993E-04   0.00000      0.715512E-01   8.05104       0.00000    
   9.84405      0.249885E-02  0.172580E-03  0.501898E-04   0.00000      0.719251E-01   8.10776       0.00000    
   9.91688      0.247343E-02  0.171623E-03  0.502758E-04   0.00000      0.723026E-01   8.16378       0.00000    
   9.99025      0.244833E-02  0.170681E-03  0.503589E-04   0.00000      0.726842E-01   8.21927       0.00000    
   10.0642      0.242356E-02  0.169749E-03  0.504401E-04   0.00000      0.730676E-01   8.27455       0.00000    
   10.1386      0.239910E-02  0.168823E-03  0.505171E-04   0.00000      0.734521E-01   8.32941       0.00000    
   10.2136      0.237492E-02  0.167903E-03  0.505891E-04   0.00000      0.738378E-01   8.38374       0.00000    
   10.2892      0.235103E-02  0.166987E-03  0.506587E-04   0.00000      0.742235E-01   8.43809       0.00000    
   10.3653      0.232743E-02  0.166073E-03  0.507278E-04   0.00000      0.746090E-01   8.49279       0.00000    
   10.4420      0.230412E-02  0.165170E-03  0.507928E-04   0.00000      0.749975E-01   8.54682       0.00000    
   10.5193      0.228109E-02  0.164282E-03  0.508520E-04   0.00000      0.753906E-01   8.59971       0.00000    
   10.5971      0.225834E-02  0.163399E-03  0.509088E-04   0.00000      0.757840E-01   8.65252       0.00000    
   10.6755      0.223583E-02  0.162511E-03  0.509628E-04   0.00000      0.761752E-01   8.70559       0.00000    
   10.7545      0.221359E-02  0.161629E-03  0.510097E-04   0.00000      0.765664E-01   8.75781       0.00000    
   10.8341      0.219164E-02  0.160756E-03  0.510493E-04   0.00000      0.769593E-01   8.80881       0.00000    
   10.9142      0.216993E-02  0.159889E-03  0.510840E-04   0.00000      0.773531E-01   8.85927       0.00000    
   10.9950      0.214847E-02  0.159024E-03  0.511142E-04   0.00000      0.777469E-01   8.90933       0.00000    
   11.0763      0.212725E-02  0.158164E-03  0.511387E-04   0.00000      0.781409E-01   8.95872       0.00000    
   11.1583      0.210628E-02  0.157306E-03  0.511584E-04   0.00000      0.785343E-01   9.00769       0.00000    
   11.2408      0.208555E-02  0.156453E-03  0.511731E-04   0.00000      0.789284E-01   9.05604       0.00000    
   11.3240      0.206504E-02  0.155609E-03  0.511811E-04   0.00000      0.793255E-01   9.10321       0.00000    
   11.4078      0.204477E-02  0.154770E-03  0.511835E-04   0.00000      0.797225E-01   9.14970       0.00000    
   11.4922      0.202470E-02  0.153927E-03  0.511813E-04   0.00000      0.801169E-01   9.19607       0.00000    
   11.5772      0.200489E-02  0.153088E-03  0.511724E-04   0.00000      0.805105E-01   9.24156       0.00000    
   11.6629      0.198526E-02  0.152259E-03  0.511557E-04   0.00000      0.809078E-01   9.28563       0.00000    
   11.7492      0.196585E-02  0.151435E-03  0.511342E-04   0.00000      0.813057E-01   9.32900       0.00000    
   11.8361      0.194666E-02  0.150610E-03  0.511094E-04   0.00000      0.817018E-01   9.37229       0.00000    
   11.9237      0.192769E-02  0.149790E-03  0.510776E-04   0.00000      0.820982E-01   9.41454       0.00000    
   12.0119      0.190889E-02  0.148974E-03  0.510367E-04   0.00000      0.824949E-01   9.45544       0.00000    
   12.1007      0.189030E-02  0.148156E-03  0.509886E-04   0.00000      0.828887E-01   9.49556       0.00000    
   12.1903      0.187190E-02  0.147340E-03  0.509332E-04   0.00000      0.832816E-01   9.53477       0.00000    
   12.2805      0.185372E-02  0.146529E-03  0.508695E-04   0.00000      0.836742E-01   9.57255       0.00000    
   12.3713      0.183569E-02  0.145718E-03  0.507979E-04   0.00000      0.840658E-01   9.60936       0.00000    
   12.4629      0.181787E-02  0.144909E-03  0.507194E-04   0.00000      0.844552E-01   9.64525       0.00000    
   12.5551      0.180022E-02  0.144106E-03  0.506323E-04   0.00000      0.848466E-01   9.67956       0.00000    
   12.6480      0.178275E-02  0.143314E-03  0.505360E-04   0.00000      0.852406E-01   9.71195       0.00000    
   12.7415      0.176547E-02  0.142522E-03  0.504336E-04   0.00000      0.856330E-01   9.74352       0.00000    
   12.8358      0.174833E-02  0.141724E-03  0.503260E-04   0.00000      0.860217E-01   9.77491       0.00000    
   12.9308      0.173137E-02  0.140929E-03  0.502091E-04   0.00000      0.864088E-01   9.80479       0.00000    
   13.0264      0.171459E-02  0.140142E-03  0.500814E-04   0.00000      0.867973E-01   9.83246       0.00000    
   13.1228      0.169795E-02  0.139356E-03  0.499468E-04   0.00000      0.871854E-01   9.85915       0.00000    
   13.2199      0.168148E-02  0.138567E-03  0.498077E-04   0.00000      0.875700E-01   9.88542       0.00000    
   13.3177      0.166517E-02  0.137783E-03  0.496606E-04   0.00000      0.879545E-01   9.91026       0.00000    
   13.4163      0.164899E-02  0.137004E-03  0.495046E-04   0.00000      0.883410E-01   9.93335       0.00000    
   13.5155      0.163298E-02  0.136227E-03  0.493419E-04   0.00000      0.887262E-01   9.95525       0.00000    
   13.6155      0.161711E-02  0.135454E-03  0.491709E-04   0.00000      0.891112E-01   9.97562       0.00000    
   13.7162      0.160139E-02  0.134689E-03  0.489883E-04   0.00000      0.894979E-01   9.99353       0.00000    
   13.8177      0.158581E-02  0.133925E-03  0.487963E-04   0.00000      0.898834E-01   10.0097       0.00000    
   13.9200      0.157037E-02  0.133155E-03  0.485989E-04   0.00000      0.902636E-01   10.0255       0.00000    
   14.0229      0.155503E-02  0.132382E-03  0.483957E-04   0.00000      0.906419E-01   10.0406       0.00000    
   14.1267      0.153984E-02  0.131611E-03  0.481845E-04   0.00000      0.910186E-01   10.0542       0.00000    
   14.2312      0.152479E-02  0.130840E-03  0.479650E-04   0.00000      0.913930E-01   10.0663       0.00000    
   14.3365      0.150986E-02  0.130075E-03  0.477356E-04   0.00000      0.917689E-01   10.0762       0.00000    
   14.4426      0.149506E-02  0.129322E-03  0.474957E-04   0.00000      0.921487E-01   10.0833       0.00000    
   14.5494      0.148040E-02  0.128569E-03  0.472485E-04   0.00000      0.925265E-01   10.0891       0.00000    
   14.6571      0.146582E-02  0.127809E-03  0.469957E-04   0.00000      0.929008E-01   10.0943       0.00000    
   14.7655      0.145140E-02  0.127053E-03  0.467350E-04   0.00000      0.932727E-01   10.0977       0.00000    
   14.8748      0.143706E-02  0.126300E-03  0.464652E-04   0.00000      0.936470E-01   10.0991       0.00000    
   14.9848      0.142287E-02  0.125548E-03  0.461898E-04   0.00000      0.940182E-01   10.0994       0.00000    
   15.0957      0.140875E-02  0.124796E-03  0.459088E-04   0.00000      0.943903E-01   10.0985       0.00000    
   15.2074      0.139479E-02  0.124056E-03  0.456191E-04   0.00000      0.947655E-01   10.0950       0.00000    
   15.3199      0.138090E-02  0.123317E-03  0.453215E-04   0.00000      0.951425E-01   10.0897       0.00000    
   15.4332      0.136712E-02  0.122571E-03  0.450180E-04   0.00000      0.955124E-01   10.0836       0.00000    
   15.5474      0.135344E-02  0.121822E-03  0.447070E-04   0.00000      0.958789E-01   10.0762       0.00000    
   15.6625      0.133986E-02  0.121079E-03  0.443870E-04   0.00000      0.962477E-01   10.0664       0.00000    
   15.7783      0.132639E-02  0.120337E-03  0.440607E-04   0.00000      0.966154E-01   10.0549       0.00000    
   15.8951      0.131301E-02  0.119588E-03  0.437308E-04   0.00000      0.969778E-01   10.0432       0.00000    
   16.0127      0.129971E-02  0.118840E-03  0.433948E-04   0.00000      0.973408E-01   10.0299       0.00000    
   16.1311      0.128653E-02  0.118103E-03  0.430494E-04   0.00000      0.977078E-01   10.0136       0.00000    
   16.2505      0.127344E-02  0.117366E-03  0.426972E-04   0.00000      0.980741E-01   9.99555       0.00000    
   16.3707      0.126044E-02  0.116626E-03  0.423416E-04   0.00000      0.984373E-01   9.97685       0.00000    
   16.4918      0.124752E-02  0.115887E-03  0.419805E-04   0.00000      0.988011E-01   9.95657       0.00000    
   16.6139      0.123469E-02  0.115150E-03  0.416137E-04   0.00000      0.991658E-01   9.93457       0.00000    
   16.7368      0.122193E-02  0.114408E-03  0.412439E-04   0.00000      0.995270E-01   9.91204       0.00000    
   16.8606      0.120927E-02  0.113663E-03  0.408703E-04   0.00000      0.998852E-01   9.88863       0.00000    
   16.9854      0.119669E-02  0.112922E-03  0.404905E-04   0.00000      0.100245       9.86316       0.00000    
   17.1110      0.118420E-02  0.112184E-03  0.401059E-04   0.00000      0.100606       9.83602       0.00000    
   17.2376      0.117179E-02  0.111441E-03  0.397195E-04   0.00000      0.100964       9.80843       0.00000    
   17.3652      0.115945E-02  0.110695E-03  0.393302E-04   0.00000      0.101319       9.78009       0.00000    
   17.4936      0.114719E-02  0.109947E-03  0.389367E-04   0.00000      0.101672       9.75058       0.00000    
   17.6231      0.113501E-02  0.109193E-03  0.385405E-04   0.00000      0.102021       9.72042       0.00000    
   17.7535      0.112290E-02  0.108440E-03  0.381412E-04   0.00000      0.102371       9.68906       0.00000    
   17.8848      0.111088E-02  0.107692E-03  0.377380E-04   0.00000      0.102723       9.65591       0.00000    
   18.0171      0.109892E-02  0.106939E-03  0.373329E-04   0.00000      0.103072       9.62219       0.00000    
   18.1504      0.108702E-02  0.106179E-03  0.369268E-04   0.00000      0.103417       9.58829       0.00000    
   18.2847      0.107522E-02  0.105423E-03  0.365170E-04   0.00000      0.103763       9.55268       0.00000    
   18.4200      0.106349E-02  0.104673E-03  0.361025E-04   0.00000      0.104114       9.51484       0.00000    
   18.5563      0.105183E-02  0.103918E-03  0.356876E-04   0.00000      0.104461       9.47674       0.00000    
   18.6936      0.104024E-02  0.103153E-03  0.352745E-04   0.00000      0.104800       9.43941       0.00000    
   18.8319      0.102872E-02  0.102386E-03  0.348600E-04   0.00000      0.105138       9.40124       0.00000    
   18.9712      0.101728E-02  0.101620E-03  0.344439E-04   0.00000      0.105476       9.36201       0.00000    
   19.1116      0.100590E-02  0.100848E-03  0.340288E-04   0.00000      0.105810       9.32290       0.00000    
   19.2530      0.994587E-03  0.100074E-03  0.336133E-04   0.00000      0.106143       9.28322       0.00000    
   19.3954      0.983363E-03  0.993050E-04  0.331957E-04   0.00000      0.106478       9.24189       0.00000    
   19.5389      0.972199E-03  0.985327E-04  0.327792E-04   0.00000      0.106812       9.20044       0.00000    
   19.6835      0.961098E-03  0.977501E-04  0.323654E-04   0.00000      0.107137       9.15995       0.00000    
   19.8291      0.950073E-03  0.969662E-04  0.319514E-04   0.00000      0.107460       9.11879       0.00000    
   19.9758      0.939119E-03  0.961855E-04  0.315357E-04   0.00000      0.107785       9.07621       0.00000    
   20.1236      0.928229E-03  0.953977E-04  0.311227E-04   0.00000      0.108105       9.03423       0.00000    
   20.2725      0.917403E-03  0.945998E-04  0.307137E-04   0.00000      0.108416       8.99354       0.00000    
   20.4225      0.906652E-03  0.938038E-04  0.303052E-04   0.00000      0.108727       8.95206       0.00000    
   20.5736      0.895981E-03  0.930116E-04  0.298966E-04   0.00000      0.109041       8.90946       0.00000    
   20.7258      0.885372E-03  0.922137E-04  0.294905E-04   0.00000      0.109349       8.86729       0.00000    
   20.8792      0.874841E-03  0.914132E-04  0.290861E-04   0.00000      0.109653       8.82509       0.00000    
   21.0336      0.864386E-03  0.906178E-04  0.286811E-04   0.00000      0.109961       8.78145       0.00000    
   21.1893      0.854005E-03  0.898218E-04  0.282775E-04   0.00000      0.110266       8.73745       0.00000    
   21.3460      0.843687E-03  0.890150E-04  0.278789E-04   0.00000      0.110561       8.69510       0.00000    
   21.5040      0.833430E-03  0.882019E-04  0.274845E-04   0.00000      0.110849       8.65376       0.00000    
   21.6631      0.823249E-03  0.873920E-04  0.270918E-04   0.00000      0.111139       8.61180       0.00000    
   21.8233      0.813143E-03  0.865809E-04  0.267019E-04   0.00000      0.111425       8.56998       0.00000    
   21.9848      0.803109E-03  0.857634E-04  0.263159E-04   0.00000      0.111703       8.52913       0.00000    
   22.1475      0.793153E-03  0.849472E-04  0.259320E-04   0.00000      0.111980       8.48800       0.00000    
   22.3113      0.783278E-03  0.841332E-04  0.255512E-04   0.00000      0.112256       8.44674       0.00000    
   22.4764      0.773472E-03  0.833164E-04  0.251744E-04   0.00000      0.112527       8.40622       0.00000    
   22.6427      0.763739E-03  0.825000E-04  0.248000E-04   0.00000      0.112796       8.36554       0.00000    
   22.8102      0.754089E-03  0.816865E-04  0.244274E-04   0.00000      0.113064       8.32435       0.00000    
   22.9790      0.744507E-03  0.808700E-04  0.240589E-04   0.00000      0.113327       8.28389       0.00000    
   23.1490      0.734998E-03  0.800501E-04  0.236947E-04   0.00000      0.113583       8.24432       0.00000    
   23.3203      0.725566E-03  0.792331E-04  0.233332E-04   0.00000      0.113839       8.20452       0.00000    
   23.4928      0.716209E-03  0.784177E-04  0.229747E-04   0.00000      0.114092       8.16471       0.00000    
   23.6666      0.706931E-03  0.775991E-04  0.226212E-04   0.00000      0.114338       8.12607       0.00000    
   23.8417      0.697727E-03  0.767803E-04  0.222721E-04   0.00000      0.114580       8.08809       0.00000    
   24.0181      0.688609E-03  0.759656E-04  0.219255E-04   0.00000      0.114821       8.04970       0.00000    
   24.1958      0.679567E-03  0.751517E-04  0.215826E-04   0.00000      0.115058       8.01168       0.00000    
   24.3748      0.670595E-03  0.743338E-04  0.212450E-04   0.00000      0.115286       7.97510       0.00000    
   24.5552      0.661702E-03  0.735166E-04  0.209101E-04   0.00000      0.115509       7.93860       0.00000    
   24.7368      0.652889E-03  0.727072E-04  0.205758E-04   0.00000      0.115736       7.90062       0.00000    
   24.9199      0.644160E-03  0.718993E-04  0.202450E-04   0.00000      0.115958       7.86293       0.00000    
   25.1042      0.635501E-03  0.710861E-04  0.199206E-04   0.00000      0.116167       7.82728       0.00000    
   25.2900      0.626924E-03  0.702746E-04  0.196009E-04   0.00000      0.116373       7.79239       0.00000    
   25.4771      0.618437E-03  0.694696E-04  0.192850E-04   0.00000      0.116579       7.75743       0.00000    
   25.6656      0.610023E-03  0.686678E-04  0.189733E-04   0.00000      0.116784       7.72287       0.00000    
   25.8555      0.601688E-03  0.678686E-04  0.186651E-04   0.00000      0.116985       7.68860       0.00000    
   26.0468      0.593439E-03  0.670738E-04  0.183602E-04   0.00000      0.117184       7.65433       0.00000    
   26.2395      0.585262E-03  0.662819E-04  0.180596E-04   0.00000      0.117380       7.62062       0.00000    
   26.4336      0.577164E-03  0.654890E-04  0.177642E-04   0.00000      0.117567       7.58828       0.00000    
   26.6292      0.569139E-03  0.646966E-04  0.174730E-04   0.00000      0.117747       7.55683       0.00000    
   26.8262      0.561212E-03  0.639120E-04  0.171841E-04   0.00000      0.117927       7.52466       0.00000    
   27.0247      0.553362E-03  0.631305E-04  0.168986E-04   0.00000      0.118102       7.49274       0.00000    
   27.2246      0.545581E-03  0.623457E-04  0.166188E-04   0.00000      0.118264       7.46284       0.00000    
   27.4261      0.537880E-03  0.615640E-04  0.163433E-04   0.00000      0.118421       7.43364       0.00000    
   27.6290      0.530262E-03  0.607900E-04  0.160712E-04   0.00000      0.118580       7.40431       0.00000    
   27.8334      0.522723E-03  0.600214E-04  0.158031E-04   0.00000      0.118738       7.37534       0.00000    
   28.0393      0.515265E-03  0.592600E-04  0.155380E-04   0.00000      0.118896       7.34612       0.00000    
   28.2468      0.507902E-03  0.585063E-04  0.152758E-04   0.00000      0.119054       7.31655       0.00000    
   28.4558      0.500612E-03  0.577538E-04  0.150182E-04   0.00000      0.119203       7.28814       0.00000    
   28.6663      0.493399E-03  0.570016E-04  0.147654E-04   0.00000      0.119341       7.26120       0.00000    
   28.8784      0.486264E-03  0.562544E-04  0.145158E-04   0.00000      0.119476       7.23443       0.00000    
   29.0921      0.479210E-03  0.555137E-04  0.142694E-04   0.00000      0.119610       7.20770       0.00000    
   29.3073      0.472227E-03  0.547774E-04  0.140275E-04   0.00000      0.119741       7.18190       0.00000    
   29.5241      0.465326E-03  0.540477E-04  0.137897E-04   0.00000      0.119871       7.15654       0.00000    
   29.7426      0.458509E-03  0.533264E-04  0.135545E-04   0.00000      0.120002       7.13070       0.00000    
   29.9626      0.451772E-03  0.526097E-04  0.133224E-04   0.00000      0.120128       7.10517       0.00000    
   30.1843      0.445105E-03  0.518942E-04  0.130945E-04   0.00000      0.120243       7.08092       0.00000    
   30.4076      0.438519E-03  0.511833E-04  0.128702E-04   0.00000      0.120352       7.05729       0.00000    
   30.6326      0.432010E-03  0.504801E-04  0.126488E-04   0.00000      0.120462       7.03350       0.00000    
   30.8592      0.425579E-03  0.497841E-04  0.124305E-04   0.00000      0.120571       7.00970       0.00000    
   31.0876      0.419223E-03  0.490933E-04  0.122158E-04   0.00000      0.120676       6.98650       0.00000    
   31.3176      0.412950E-03  0.484085E-04  0.120044E-04   0.00000      0.120777       6.96368       0.00000    
   31.5493      0.406757E-03  0.477297E-04  0.117966E-04   0.00000      0.120873       6.94134       0.00000    
   31.7827      0.400631E-03  0.470545E-04  0.115935E-04   0.00000      0.120963       6.92053       0.00000    
   32.0178      0.394583E-03  0.463844E-04  0.113942E-04   0.00000      0.121048       6.90066       0.00000    
   32.2547      0.388611E-03  0.457238E-04  0.111967E-04   0.00000      0.121136       6.87982       0.00000    
   32.4934      0.382716E-03  0.450725E-04  0.110008E-04   0.00000      0.121227       6.85795       0.00000    
   32.7338      0.376891E-03  0.444249E-04  0.108081E-04   0.00000      0.121310       6.83690       0.00000    
   32.9760      0.371138E-03  0.437804E-04  0.106192E-04   0.00000      0.121383       6.81709       0.00000    
   33.2199      0.365464E-03  0.431442E-04  0.104328E-04   0.00000      0.121456       6.79694       0.00000    
   33.4657      0.359860E-03  0.425155E-04  0.102489E-04   0.00000      0.121529       6.77662       0.00000    
   33.7133      0.354325E-03  0.418908E-04  0.100686E-04   0.00000      0.121594       6.75746       0.00000    
   33.9628      0.348858E-03  0.412725E-04  0.989165E-05   0.00000      0.121658       6.73884       0.00000    
   34.2140      0.343462E-03  0.406620E-04  0.971747E-05   0.00000      0.121723       6.72027       0.00000    
   34.4672      0.338136E-03  0.400561E-04  0.954682E-05   0.00000      0.121779       6.70279       0.00000    
   34.7222      0.332884E-03  0.394562E-04  0.937925E-05   0.00000      0.121831       6.68588       0.00000    
   34.9791      0.327706E-03  0.388652E-04  0.921366E-05   0.00000      0.121885       6.66837       0.00000    
   35.2379      0.322592E-03  0.382796E-04  0.905081E-05   0.00000      0.121934       6.65134       0.00000    
   35.4986      0.317541E-03  0.376989E-04  0.889100E-05   0.00000      0.121979       6.63514       0.00000    
   35.7612      0.312557E-03  0.371263E-04  0.873291E-05   0.00000      0.122024       6.61829       0.00000    
   36.0258      0.307646E-03  0.365605E-04  0.857674E-05   0.00000      0.122066       6.60115       0.00000    
   36.2924      0.302799E-03  0.359982E-04  0.842389E-05   0.00000      0.122096       6.58535       0.00000    
   36.5609      0.298016E-03  0.354419E-04  0.827406E-05   0.00000      0.122124       6.57029       0.00000    
   36.8314      0.293302E-03  0.348959E-04  0.812577E-05   0.00000      0.122159       6.55408       0.00000    
   37.1039      0.288652E-03  0.343582E-04  0.797927E-05   0.00000      0.122198       6.53725       0.00000    
   37.3784      0.284064E-03  0.338238E-04  0.783555E-05   0.00000      0.122224       6.52147       0.00000    
   37.6550      0.279539E-03  0.332940E-04  0.769426E-05   0.00000      0.122242       6.50632       0.00000    
   37.9336      0.275078E-03  0.327721E-04  0.755486E-05   0.00000      0.122262       6.49072       0.00000    
   38.2142      0.270678E-03  0.322564E-04  0.741806E-05   0.00000      0.122280       6.47561       0.00000    
   38.4969      0.266334E-03  0.317459E-04  0.728433E-05   0.00000      0.122294       6.46161       0.00000    
   38.7818      0.262050E-03  0.312425E-04  0.715255E-05   0.00000      0.122308       6.44744       0.00000    
   39.0687      0.257833E-03  0.307453E-04  0.702288E-05   0.00000      0.122316       6.43342       0.00000    
   39.3578      0.253671E-03  0.302523E-04  0.689605E-05   0.00000      0.122317       6.42062       0.00000    
   39.6490      0.249569E-03  0.297659E-04  0.677129E-05   0.00000      0.122316       6.40790       0.00000    
   39.9423      0.245527E-03  0.292894E-04  0.664793E-05   0.00000      0.122326       6.39400       0.00000    
   40.2378      0.241539E-03  0.288195E-04  0.652643E-05   0.00000      0.122337       6.37995       0.00000    
   40.5355      0.237610E-03  0.283523E-04  0.640737E-05   0.00000      0.122332       6.36721       0.00000    
   40.8354      0.233738E-03  0.278907E-04  0.629003E-05   0.00000      0.122321       6.35449       0.00000    
   41.1376      0.229923E-03  0.274378E-04  0.617351E-05   0.00000      0.122318       6.34019       0.00000    
   41.4419      0.226159E-03  0.269910E-04  0.605902E-05   0.00000      0.122315       6.32610       0.00000    
   41.7485      0.222445E-03  0.265471E-04  0.594760E-05   0.00000      0.122300       6.31401       0.00000    
   42.0574      0.218789E-03  0.261081E-04  0.583797E-05   0.00000      0.122277       6.30221       0.00000    
   42.3686      0.215187E-03  0.256773E-04  0.572935E-05   0.00000      0.122260       6.28915       0.00000    
   42.6821      0.211637E-03  0.252533E-04  0.562266E-05   0.00000      0.122246       6.27609       0.00000    
   42.9978      0.208135E-03  0.248336E-04  0.551806E-05   0.00000      0.122225       6.26383       0.00000    
   43.3160      0.204685E-03  0.244190E-04  0.541465E-05   0.00000      0.122198       6.25120       0.00000    
   43.6365      0.201291E-03  0.240109E-04  0.531239E-05   0.00000      0.122169       6.23783       0.00000    
   43.9593      0.197944E-03  0.236078E-04  0.521222E-05   0.00000      0.122137       6.22513       0.00000    
   44.2845      0.194641E-03  0.232096E-04  0.511437E-05   0.00000      0.122104       6.21342       0.00000    
   44.6122      0.191389E-03  0.228174E-04  0.501842E-05   0.00000      0.122070       6.20202       0.00000    
   44.9423      0.188187E-03  0.224295E-04  0.492423E-05   0.00000      0.122026       6.19119       0.00000    
   45.2748      0.185034E-03  0.220469E-04  0.483098E-05   0.00000      0.121977       6.17974       0.00000    
   45.6097      0.181928E-03  0.216716E-04  0.473831E-05   0.00000      0.121936       6.16659       0.00000    
   45.9472      0.178867E-03  0.213020E-04  0.464722E-05   0.00000      0.121895       6.15338       0.00000    
   46.2871      0.175852E-03  0.209364E-04  0.455798E-05   0.00000      0.121845       6.14100       0.00000    
   46.6296      0.172885E-03  0.205763E-04  0.446982E-05   0.00000      0.121793       6.12801       0.00000    
   46.9746      0.169961E-03  0.202230E-04  0.438247E-05   0.00000      0.121748       6.11368       0.00000    
   47.3221      0.167076E-03  0.198736E-04  0.429666E-05   0.00000      0.121697       6.09978       0.00000    
   47.6723      0.164235E-03  0.195267E-04  0.421267E-05   0.00000      0.121630       6.08717       0.00000    
   48.0250      0.161440E-03  0.191857E-04  0.412973E-05   0.00000      0.121563       6.07380       0.00000    
   48.3803      0.158687E-03  0.188518E-04  0.404771E-05   0.00000      0.121506       6.05906       0.00000    
   48.7382      0.155973E-03  0.185215E-04  0.396733E-05   0.00000      0.121442       6.04506       0.00000    
   49.0988      0.153301E-03  0.181941E-04  0.388823E-05   0.00000      0.121362       6.03157       0.00000    
   49.4621      0.150671E-03  0.178729E-04  0.380982E-05   0.00000      0.121287       6.01657       0.00000    
   49.8281      0.148080E-03  0.175582E-04  0.373276E-05   0.00000      0.121222       6.00101       0.00000    
   50.1967      0.145527E-03  0.172469E-04  0.365738E-05   0.00000      0.121149       5.98639       0.00000    
   50.5681      0.143015E-03  0.169393E-04  0.358296E-05   0.00000      0.121066       5.97149       0.00000    
   50.9423      0.140543E-03  0.166380E-04  0.350916E-05   0.00000      0.120988       5.95491       0.00000    
   51.3192      0.138106E-03  0.163417E-04  0.343648E-05   0.00000      0.120915       5.93783       0.00000    
   51.6988      0.135705E-03  0.160478E-04  0.336500E-05   0.00000      0.120826       5.92128       0.00000    
   52.0813      0.133343E-03  0.157577E-04  0.329422E-05   0.00000      0.120729       5.90393       0.00000    
   52.4667      0.131017E-03  0.154737E-04  0.322409E-05   0.00000      0.120641       5.88486       0.00000    
   52.8549      0.128726E-03  0.151940E-04  0.315499E-05   0.00000      0.120552       5.86527       0.00000    
   53.2459      0.126469E-03  0.149165E-04  0.308718E-05   0.00000      0.120445       5.84653       0.00000    
   53.6399      0.124247E-03  0.146434E-04  0.302049E-05   0.00000      0.120338       5.82744       0.00000    
   54.0367      0.122060E-03  0.143764E-04  0.295461E-05   0.00000      0.120243       5.80681       0.00000    
   54.4365      0.119907E-03  0.141126E-04  0.288998E-05   0.00000      0.120139       5.78652       0.00000    
   54.8393      0.117787E-03  0.138520E-04  0.282693E-05   0.00000      0.120026       5.76727       0.00000    
   55.2450      0.115697E-03  0.135962E-04  0.276493E-05   0.00000      0.119921       5.74748       0.00000    
   55.6538      0.113640E-03  0.133437E-04  0.270339E-05   0.00000      0.119806       5.72649       0.00000    
   56.0655      0.111616E-03  0.130946E-04  0.264229E-05   0.00000      0.119683       5.70412       0.00000    
   56.4803      0.109621E-03  0.128506E-04  0.258203E-05   0.00000      0.119570       5.68048       0.00000    
   56.8982      0.107659E-03  0.126105E-04  0.252276E-05   0.00000      0.119455       5.65639       0.00000    
   57.3192      0.105727E-03  0.123732E-04  0.246442E-05   0.00000      0.119329       5.63218       0.00000    
   57.7433      0.103824E-03  0.121402E-04  0.240687E-05   0.00000      0.119207       5.60689       0.00000    
   58.1705      0.101953E-03  0.119120E-04  0.234985E-05   0.00000      0.119090       5.57964       0.00000    
   58.6009      0.100111E-03  0.116873E-04  0.229374E-05   0.00000      0.118970       5.55184       0.00000    
   59.0344      0.982956E-04  0.114656E-04  0.223887E-05   0.00000      0.118847       5.52452       0.00000    
   59.4712      0.965094E-04  0.112474E-04  0.218451E-05   0.00000      0.118719       5.49570       0.00000    
   59.9112      0.947523E-04  0.110334E-04  0.213051E-05   0.00000      0.118596       5.46454       0.00000    
   60.3545      0.930210E-04  0.108227E-04  0.207735E-05   0.00000      0.118471       5.43269       0.00000    
   60.8010      0.913168E-04  0.106139E-04  0.202491E-05   0.00000      0.118328       5.40053       0.00000    
   61.2509      0.896397E-04  0.104086E-04  0.197308E-05   0.00000      0.118183       5.36690       0.00000    
   61.7040      0.879879E-04  0.102074E-04  0.192191E-05   0.00000      0.118048       5.33155       0.00000    
   62.1606      0.863625E-04  0.100090E-04  0.187149E-05   0.00000      0.117904       5.29545       0.00000    
   62.6205      0.847610E-04  0.981368E-05  0.182172E-05   0.00000      0.117758       5.25809       0.00000    
   63.0838      0.831870E-04  0.962247E-05  0.177197E-05   0.00000      0.117618       5.21704       0.00000    
   63.5505      0.816376E-04  0.943485E-05  0.172269E-05   0.00000      0.117481       5.17377       0.00000    
   64.0207      0.801107E-04  0.924981E-05  0.167456E-05   0.00000      0.117340       5.13077       0.00000    
   64.4944      0.786088E-04  0.906750E-05  0.162706E-05   0.00000      0.117192       5.08642       0.00000    
   64.9715      0.771306E-04  0.888887E-05  0.157984E-05   0.00000      0.117050       5.03903       0.00000    
   65.4522      0.756760E-04  0.871313E-05  0.153301E-05   0.00000      0.116906       4.98930       0.00000    
   65.9365      0.742441E-04  0.853998E-05  0.148690E-05   0.00000      0.116756       4.93839       0.00000    
   66.4243      0.728350E-04  0.837013E-05  0.144122E-05   0.00000      0.116610       4.88488       0.00000    
   66.9158      0.714480E-04  0.820337E-05  0.139566E-05   0.00000      0.116466       4.82770       0.00000    
   67.4109      0.700820E-04  0.803890E-05  0.135052E-05   0.00000      0.116315       4.76826       0.00000    
   67.9096      0.687367E-04  0.787660E-05  0.130580E-05   0.00000      0.116155       4.70651       0.00000    
   68.4121      0.674133E-04  0.771798E-05  0.126120E-05   0.00000      0.116006       4.64036       0.00000    
   68.9182      0.661117E-04  0.756296E-05  0.121685E-05   0.00000      0.115868       4.57018       0.00000    
   69.4281      0.648296E-04  0.741000E-05  0.117319E-05   0.00000      0.115723       4.49834       0.00000    
   69.9418      0.635663E-04  0.725918E-05  0.112998E-05   0.00000      0.115574       4.42390       0.00000    
   70.4593      0.623236E-04  0.711108E-05  0.108690E-05   0.00000      0.115424       4.34507       0.00000    
   70.9806      0.610999E-04  0.696529E-05  0.104407E-05   0.00000      0.115272       4.26248       0.00000    
   71.5057      0.598960E-04  0.682219E-05  0.100147E-05   0.00000      0.115121       4.17559       0.00000    
   72.0348      0.587118E-04  0.668221E-05  0.959058E-06   0.00000      0.114980       4.08377       0.00000    
   72.5677      0.575455E-04  0.654460E-05  0.917081E-06   0.00000      0.114840       3.98840       0.00000    
   73.1046      0.563969E-04  0.640934E-05  0.875579E-06   0.00000      0.114702       3.88951       0.00000    
   73.6455      0.552663E-04  0.627703E-05  0.834277E-06   0.00000      0.114577       3.78539       0.00000    
   74.1904      0.541539E-04  0.614753E-05  0.793096E-06   0.00000      0.114460       3.67558       0.00000    
   74.7393      0.530574E-04  0.602011E-05  0.752378E-06   0.00000      0.114347       3.56187       0.00000    
   75.2923      0.519787E-04  0.589471E-05  0.712034E-06   0.00000      0.114231       3.44375       0.00000    
   75.8493      0.509172E-04  0.577214E-05  0.671904E-06   0.00000      0.114129       3.31981       0.00000    
   76.4105      0.498729E-04  0.565255E-05  0.632155E-06   0.00000      0.114046       3.19059       0.00000    
   76.9758      0.488452E-04  0.553524E-05  0.592990E-06   0.00000      0.113971       3.05739       0.00000    
   77.5454      0.478324E-04  0.542034E-05  0.554503E-06   0.00000      0.113911       2.92053       0.00000    
   78.1191      0.468367E-04  0.530830E-05  0.516221E-06   0.00000      0.113871       2.77722       0.00000    
   78.6971      0.458562E-04  0.519872E-05  0.478253E-06   0.00000      0.113849       2.62805       0.00000    
   79.2793      0.448897E-04  0.509092E-05  0.440998E-06   0.00000      0.113834       2.47543       0.00000    
   79.8659      0.439386E-04  0.498520E-05  0.404047E-06   0.00000      0.113830       2.31683       0.00000    
   80.4568      0.430025E-04  0.488230E-05  0.367378E-06   0.00000      0.113856       2.15161       0.00000    
   81.0521      0.420804E-04  0.478146E-05  0.331439E-06   0.00000      0.113900       1.98263       0.00000    
   81.6517      0.411718E-04  0.468197E-05  0.296113E-06   0.00000      0.113945       1.80944       0.00000    
   82.2558      0.402779E-04  0.458460E-05  0.261283E-06   0.00000      0.114009       1.63092       0.00000    
   82.8644      0.393978E-04  0.448965E-05  0.227241E-06   0.00000      0.114103       1.44876       0.00000    
   83.4775      0.385310E-04  0.439672E-05  0.194010E-06   0.00000      0.114220       1.26330       0.00000    
   84.0951      0.376778E-04  0.430548E-05  0.161389E-06   0.00000      0.114351       1.07335       0.00000    
   84.7173      0.368385E-04  0.421615E-05  0.129244E-06   0.00000      0.114503      0.877911       0.00000    
   85.3441      0.360122E-04  0.412889E-05  0.976517E-07   0.00000      0.114685      0.677420       0.00000    
   85.9755      0.351978E-04  0.404336E-05  0.669326E-07   0.00000      0.114891      0.474185       0.00000    
   86.6116      0.343950E-04  0.395934E-05  0.371977E-07   0.00000      0.115119      0.269137       0.00000    
   87.2525      0.336036E-04  0.387650E-05  0.846570E-08   0.00000      0.115360      0.625626E-01   0.00000    
   87.8980      0.328233E-04  0.379451E-05 -0.191420E-07   0.00000      0.115606     -0.144517       0.00000    
   88.5483      0.320547E-04  0.371408E-05 -0.458280E-07   0.00000      0.115876     -0.353468       0.00000    
   89.2035      0.312989E-04  0.363591E-05 -0.718522E-07   0.00000      0.116190     -0.566061       0.00000    
   89.8635      0.305542E-04  0.355937E-05 -0.970076E-07   0.00000      0.116537     -0.780580       0.00000    
   90.5283      0.298201E-04  0.348380E-05 -0.120994E-06   0.00000      0.116898     -0.994551       0.00000    
   91.1981      0.290956E-04  0.340931E-05 -0.143780E-06   0.00000      0.117280      -1.20745       0.00000    
   91.8729      0.283818E-04  0.333603E-05 -0.165339E-06   0.00000      0.117685      -1.41867       0.00000    
   92.5526      0.276770E-04  0.326352E-05 -0.185517E-06   0.00000      0.118105      -1.62676       0.00000    
   93.2374      0.269819E-04  0.319175E-05 -0.204332E-06   0.00000      0.118534      -1.83151       0.00000    
   93.9272      0.262973E-04  0.312115E-05 -0.221933E-06   0.00000      0.118987      -2.03362       0.00000    
   94.6221      0.256223E-04  0.305169E-05 -0.238238E-06   0.00000      0.119465      -2.23194       0.00000    
   95.3222      0.249563E-04  0.298275E-05 -0.253112E-06   0.00000      0.119949      -2.42520       0.00000    
   96.0275      0.242990E-04  0.291399E-05 -0.266537E-06   0.00000      0.120423      -2.61310       0.00000    
   96.7379      0.236504E-04  0.284576E-05 -0.278413E-06   0.00000      0.120901      -2.79385       0.00000    
   97.4537      0.230106E-04  0.277819E-05 -0.288681E-06   0.00000      0.121385      -2.96615       0.00000    
   98.1747      0.223799E-04  0.271142E-05 -0.297456E-06   0.00000      0.121881      -3.13029       0.00000    
   98.9010      0.217593E-04  0.264584E-05 -0.304727E-06   0.00000      0.122399      -3.28496       0.00000    
   99.6328      0.211477E-04  0.258117E-05 -0.310791E-06   0.00000      0.122936      -3.43288       0.00000    
