   1.20444      0.767325E-01  0.307510E-02  0.408440E-06   0.00000      0.400756E-01  0.380505E-02   0.00000    
   1.21335      0.756115E-01  0.303029E-02  0.419081E-06   0.00000      0.400771E-01  0.396192E-02   0.00000    
   1.22233      0.745065E-01  0.298612E-02  0.431386E-06   0.00000      0.400786E-01  0.413858E-02   0.00000    
   1.23137      0.734193E-01  0.294266E-02  0.445031E-06   0.00000      0.400803E-01  0.433253E-02   0.00000    
   1.24048      0.723459E-01  0.289976E-02  0.458678E-06   0.00000      0.400819E-01  0.453146E-02   0.00000    
   1.24966      0.712904E-01  0.285758E-02  0.473081E-06   0.00000      0.400837E-01  0.474275E-02   0.00000    
   1.25891      0.702485E-01  0.281594E-02  0.490600E-06   0.00000      0.400854E-01  0.499110E-02   0.00000    
   1.26822      0.692231E-01  0.277496E-02  0.511590E-06   0.00000      0.400872E-01  0.528152E-02   0.00000    
   1.27760      0.682124E-01  0.273455E-02  0.532585E-06   0.00000      0.400888E-01  0.557950E-02   0.00000    
   1.28706      0.672154E-01  0.269469E-02  0.552748E-06   0.00000      0.400904E-01  0.587639E-02   0.00000    
   1.29658      0.662347E-01  0.265547E-02  0.576850E-06   0.00000      0.400918E-01  0.622322E-02   0.00000    
   1.30617      0.652676E-01  0.261677E-02  0.606985E-06   0.00000      0.400929E-01  0.664516E-02   0.00000    
   1.31583      0.643145E-01  0.257861E-02  0.639462E-06   0.00000      0.400938E-01  0.710430E-02   0.00000    
   1.32557      0.633751E-01  0.254098E-02  0.668431E-06   0.00000      0.400944E-01  0.753611E-02   0.00000    
   1.33538      0.624502E-01  0.250394E-02  0.689761E-06   0.00000      0.400949E-01  0.789165E-02   0.00000    
   1.34526      0.615381E-01  0.246740E-02  0.705084E-06   0.00000      0.400956E-01  0.818641E-02   0.00000    
   1.35521      0.606408E-01  0.243148E-02  0.718128E-06   0.00000      0.400964E-01  0.846104E-02   0.00000    
   1.36524      0.597546E-01  0.239602E-02  0.727114E-06   0.00000      0.400976E-01  0.869372E-02   0.00000    
   1.37534      0.588830E-01  0.236116E-02  0.729031E-06   0.00000      0.400992E-01  0.884529E-02   0.00000    
   1.38551      0.580241E-01  0.232684E-02  0.725179E-06   0.00000      0.401012E-01  0.892836E-02   0.00000    
   1.39576      0.571771E-01  0.229299E-02  0.716559E-06   0.00000      0.401033E-01  0.895245E-02   0.00000    
   1.40609      0.563423E-01  0.225964E-02  0.704405E-06   0.00000      0.401055E-01  0.893051E-02   0.00000    
   1.41649      0.555210E-01  0.222682E-02  0.692745E-06   0.00000      0.401077E-01  0.891212E-02   0.00000    
   1.42697      0.547105E-01  0.219443E-02  0.684407E-06   0.00000      0.401098E-01  0.893482E-02   0.00000    
   1.43753      0.539118E-01  0.216252E-02  0.677179E-06   0.00000      0.401121E-01  0.897091E-02   0.00000    
   1.44817      0.531257E-01  0.213111E-02  0.668623E-06   0.00000      0.401145E-01  0.898811E-02   0.00000    
   1.45888      0.523511E-01  0.210016E-02  0.661765E-06   0.00000      0.401169E-01  0.902701E-02   0.00000    
   1.46968      0.515869E-01  0.206963E-02  0.656536E-06   0.00000      0.401193E-01  0.908780E-02   0.00000    
   1.48055      0.508346E-01  0.203958E-02  0.648941E-06   0.00000      0.401218E-01  0.911503E-02   0.00000    
   1.49150      0.500931E-01  0.200994E-02  0.638376E-06   0.00000      0.401242E-01  0.909883E-02   0.00000    
   1.50254      0.493626E-01  0.198076E-02  0.625470E-06   0.00000      0.401267E-01  0.904623E-02   0.00000    
   1.51366      0.486428E-01  0.195201E-02  0.612016E-06   0.00000      0.401295E-01  0.898201E-02   0.00000    
   1.52486      0.479336E-01  0.192369E-02  0.599889E-06   0.00000      0.401324E-01  0.893364E-02   0.00000    
   1.53614      0.472343E-01  0.189576E-02  0.587036E-06   0.00000      0.401353E-01  0.887102E-02   0.00000    
   1.54750      0.465451E-01  0.186824E-02  0.569048E-06   0.00000      0.401382E-01  0.872589E-02   0.00000    
   1.55895      0.458673E-01  0.184117E-02  0.543859E-06   0.00000      0.401412E-01  0.846224E-02   0.00000    
   1.57049      0.451979E-01  0.181443E-02  0.514958E-06   0.00000      0.401442E-01  0.813062E-02   0.00000    
   1.58211      0.445391E-01  0.178812E-02  0.486169E-06   0.00000      0.401472E-01  0.778901E-02   0.00000    
   1.59381      0.438901E-01  0.176221E-02  0.456117E-06   0.00000      0.401506E-01  0.741499E-02   0.00000    
   1.60560      0.432501E-01  0.173668E-02  0.425745E-06   0.00000      0.401543E-01  0.702300E-02   0.00000    
   1.61748      0.426195E-01  0.171151E-02  0.400483E-06   0.00000      0.401579E-01  0.670343E-02   0.00000    
   1.62945      0.419987E-01  0.168673E-02  0.378417E-06   0.00000      0.401615E-01  0.642713E-02   0.00000    
   1.64151      0.413865E-01  0.166230E-02  0.353731E-06   0.00000      0.401654E-01  0.609615E-02   0.00000    
   1.65365      0.407831E-01  0.163823E-02  0.329796E-06   0.00000      0.401693E-01  0.576717E-02   0.00000    
   1.66588      0.401891E-01  0.161452E-02  0.309873E-06   0.00000      0.401732E-01  0.549836E-02   0.00000    
   1.67821      0.396031E-01  0.159114E-02  0.290305E-06   0.00000      0.401771E-01  0.522684E-02   0.00000    
   1.69063      0.390260E-01  0.156811E-02  0.274486E-06   0.00000      0.401812E-01  0.501459E-02   0.00000    
   1.70313      0.384573E-01  0.154541E-02  0.269629E-06   0.00000      0.401852E-01  0.499821E-02   0.00000    
   1.71574      0.378970E-01  0.152305E-02  0.271927E-06   0.00000      0.401893E-01  0.511481E-02   0.00000    
   1.72843      0.373451E-01  0.150102E-02  0.275436E-06   0.00000      0.401934E-01  0.525684E-02   0.00000    
   1.74122      0.368008E-01  0.147930E-02  0.282131E-06   0.00000      0.401976E-01  0.546368E-02   0.00000    
   1.75410      0.362652E-01  0.145793E-02  0.294833E-06   0.00000      0.402018E-01  0.579339E-02   0.00000    
   1.76708      0.357365E-01  0.143683E-02  0.311303E-06   0.00000      0.402063E-01  0.620683E-02   0.00000    
   1.78015      0.352158E-01  0.141606E-02  0.326835E-06   0.00000      0.402110E-01  0.661210E-02   0.00000    
   1.79332      0.347031E-01  0.139561E-02  0.340961E-06   0.00000      0.402157E-01  0.699896E-02   0.00000    
   1.80659      0.341974E-01  0.137543E-02  0.356988E-06   0.00000      0.402203E-01  0.743545E-02   0.00000    
   1.81996      0.336996E-01  0.135556E-02  0.376011E-06   0.00000      0.402249E-01  0.794645E-02   0.00000    
   1.83342      0.332090E-01  0.133597E-02  0.398636E-06   0.00000      0.402292E-01  0.854816E-02   0.00000    
   1.84699      0.327251E-01  0.131661E-02  0.427020E-06   0.00000      0.402323E-01  0.929149E-02   0.00000    
   1.86065      0.322490E-01  0.129751E-02  0.462999E-06   0.00000      0.402340E-01  0.102226E-01   0.00000    
   1.87442      0.317791E-01  0.127860E-02  0.509278E-06   0.00000      0.402340E-01  0.114107E-01   0.00000    
   1.88829      0.313169E-01  0.125995E-02  0.570611E-06   0.00000      0.402322E-01  0.129742E-01   0.00000    
   1.90226      0.308606E-01  0.124150E-02  0.641290E-06   0.00000      0.402292E-01  0.147979E-01   0.00000    
   1.91633      0.304121E-01  0.122341E-02  0.694520E-06   0.00000      0.402278E-01  0.162632E-01   0.00000    
   1.93051      0.299695E-01  0.120567E-02  0.713292E-06   0.00000      0.402298E-01  0.169485E-01   0.00000    
   1.94479      0.295338E-01  0.118826E-02  0.710411E-06   0.00000      0.402341E-01  0.171273E-01   0.00000    
   1.95918      0.291042E-01  0.117112E-02  0.697398E-06   0.00000      0.402388E-01  0.170598E-01   0.00000    
   1.97368      0.286817E-01  0.115426E-02  0.677751E-06   0.00000      0.402437E-01  0.168213E-01   0.00000    
   1.98828      0.282643E-01  0.113760E-02  0.659066E-06   0.00000      0.402488E-01  0.165970E-01   0.00000    
   2.00299      0.278540E-01  0.112124E-02  0.642230E-06   0.00000      0.402540E-01  0.164092E-01   0.00000    
   2.01781      0.274492E-01  0.110509E-02  0.622530E-06   0.00000      0.402594E-01  0.161383E-01   0.00000    
   2.03274      0.270502E-01  0.108917E-02  0.598455E-06   0.00000      0.402649E-01  0.157408E-01   0.00000    
   2.04778      0.266575E-01  0.107351E-02  0.569547E-06   0.00000      0.402707E-01  0.151990E-01   0.00000    
   2.06293      0.262701E-01  0.105807E-02  0.536726E-06   0.00000      0.402765E-01  0.145322E-01   0.00000    
   2.07819      0.258889E-01  0.104287E-02  0.502835E-06   0.00000      0.402826E-01  0.138130E-01   0.00000    
   2.09357      0.255127E-01  0.102788E-02  0.470707E-06   0.00000      0.402889E-01  0.131190E-01   0.00000    
   2.10906      0.251424E-01  0.101312E-02  0.440953E-06   0.00000      0.402954E-01  0.124687E-01   0.00000    
   2.12466      0.247775E-01  0.998588E-03  0.407609E-06   0.00000      0.403021E-01  0.116937E-01   0.00000    
   2.14038      0.244178E-01  0.984266E-03  0.363223E-06   0.00000      0.403094E-01  0.105719E-01   0.00000    
   2.15622      0.240636E-01  0.970171E-03  0.311787E-06   0.00000      0.403169E-01  0.920666E-02   0.00000    
   2.17217      0.237144E-01  0.956272E-03  0.263688E-06   0.00000      0.403245E-01  0.789952E-02   0.00000    
   2.18824      0.233703E-01  0.942576E-03  0.222186E-06   0.00000      0.403323E-01  0.675295E-02   0.00000    
   2.20443      0.230315E-01  0.929095E-03  0.186017E-06   0.00000      0.403401E-01  0.573570E-02   0.00000    
   2.22074      0.226974E-01  0.915794E-03  0.153024E-06   0.00000      0.403480E-01  0.478689E-02   0.00000    
   2.23717      0.223683E-01  0.902693E-03  0.121674E-06   0.00000      0.403558E-01  0.386145E-02   0.00000    
   2.25372      0.220439E-01  0.889776E-03  0.953290E-07   0.00000      0.403639E-01  0.306928E-02   0.00000    
   2.27040      0.217244E-01  0.877059E-03  0.788024E-07   0.00000      0.403721E-01  0.257397E-02   0.00000    
   2.28720      0.214096E-01  0.864524E-03  0.714690E-07   0.00000      0.403803E-01  0.236828E-02   0.00000    
   2.30412      0.210990E-01  0.852155E-03  0.661865E-07   0.00000      0.403884E-01  0.222507E-02   0.00000    
   2.32117      0.207934E-01  0.840000E-03  0.564415E-07   0.00000      0.403974E-01  0.192492E-02   0.00000    
   2.33834      0.204922E-01  0.828039E-03  0.423392E-07   0.00000      0.404076E-01  0.146482E-02   0.00000    
   2.35564      0.201953E-01  0.816281E-03  0.264583E-07   0.00000      0.404194E-01  0.928569E-03   0.00000    
   2.37307      0.199030E-01  0.804739E-03  0.818928E-08   0.00000      0.404331E-01  0.291530E-03   0.00000    
   2.39063      0.196146E-01  0.793375E-03 -0.143758E-07   0.00000      0.404483E-01 -0.519093E-03   0.00000    
   2.40831      0.193307E-01  0.782183E-03 -0.352110E-07   0.00000      0.404634E-01 -0.128962E-02   0.00000    
   2.42613      0.190507E-01  0.771063E-03 -0.295431E-07   0.00000      0.404742E-01 -0.109764E-02   0.00000    
   2.44408      0.187748E-01  0.759970E-03  0.202262E-07   0.00000      0.404783E-01  0.762448E-03   0.00000    
   2.46217      0.185028E-01  0.748976E-03  0.926862E-07   0.00000      0.404791E-01  0.354519E-02   0.00000    
   2.48038      0.182352E-01  0.738185E-03  0.156411E-06   0.00000      0.404814E-01  0.607007E-02   0.00000    
   2.49873      0.179712E-01  0.727573E-03  0.204159E-06   0.00000      0.404854E-01  0.803867E-02   0.00000    
   2.51722      0.177112E-01  0.717104E-03  0.248503E-06   0.00000      0.404887E-01  0.992755E-02   0.00000    
   2.53585      0.174552E-01  0.706749E-03  0.301725E-06   0.00000      0.404892E-01  0.122303E-01   0.00000    
   2.55461      0.172030E-01  0.696516E-03  0.358610E-06   0.00000      0.404881E-01  0.147497E-01   0.00000    
   2.57351      0.169544E-01  0.686480E-03  0.401418E-06   0.00000      0.404899E-01  0.167518E-01   0.00000    
   2.59255      0.167097E-01  0.676685E-03  0.424993E-06   0.00000      0.404965E-01  0.179924E-01   0.00000    
   2.61173      0.164686E-01  0.667072E-03  0.439126E-06   0.00000      0.405058E-01  0.188586E-01   0.00000    
   2.63105      0.162309E-01  0.657608E-03  0.448606E-06   0.00000      0.405157E-01  0.195430E-01   0.00000    
   2.65052      0.159971E-01  0.648296E-03  0.453304E-06   0.00000      0.405260E-01  0.200313E-01   0.00000    
   2.67013      0.157664E-01  0.639114E-03  0.455838E-06   0.00000      0.405364E-01  0.204327E-01   0.00000    
   2.68988      0.155391E-01  0.630065E-03  0.457536E-06   0.00000      0.405471E-01  0.208033E-01   0.00000    
   2.70979      0.153155E-01  0.621173E-03  0.458441E-06   0.00000      0.405584E-01  0.211428E-01   0.00000    
   2.72983      0.150947E-01  0.612390E-03  0.461338E-06   0.00000      0.405699E-01  0.215816E-01   0.00000    
   2.75003      0.148775E-01  0.603745E-03  0.466669E-06   0.00000      0.405811E-01  0.221436E-01   0.00000    
   2.77038      0.146635E-01  0.595225E-03  0.470502E-06   0.00000      0.405923E-01  0.226450E-01   0.00000    
   2.79088      0.144523E-01  0.586822E-03  0.471835E-06   0.00000      0.406041E-01  0.230344E-01   0.00000    
   2.81152      0.142446E-01  0.578569E-03  0.472765E-06   0.00000      0.406166E-01  0.234090E-01   0.00000    
   2.83233      0.140397E-01  0.570429E-03  0.473295E-06   0.00000      0.406296E-01  0.237697E-01   0.00000    
   2.85328      0.138380E-01  0.562413E-03  0.473967E-06   0.00000      0.406426E-01  0.241427E-01   0.00000    
   2.87439      0.136393E-01  0.554514E-03  0.476776E-06   0.00000      0.406557E-01  0.246317E-01   0.00000    
   2.89566      0.134433E-01  0.546726E-03  0.482357E-06   0.00000      0.406690E-01  0.252750E-01   0.00000    
   2.91708      0.132504E-01  0.539057E-03  0.490081E-06   0.00000      0.406822E-01  0.260451E-01   0.00000    
   2.93866      0.130602E-01  0.531492E-03  0.498757E-06   0.00000      0.406956E-01  0.268835E-01   0.00000    
   2.96041      0.128729E-01  0.524050E-03  0.507602E-06   0.00000      0.407096E-01  0.277488E-01   0.00000    
   2.98231      0.126883E-01  0.516716E-03  0.515628E-06   0.00000      0.407239E-01  0.285875E-01   0.00000    
   3.00437      0.125065E-01  0.509493E-03  0.522504E-06   0.00000      0.407383E-01  0.293795E-01   0.00000    
   3.02660      0.123273E-01  0.502374E-03  0.529816E-06   0.00000      0.407530E-01  0.302128E-01   0.00000    
   3.04900      0.121507E-01  0.495362E-03  0.538504E-06   0.00000      0.407682E-01  0.311429E-01   0.00000    
   3.07155      0.119769E-01  0.488463E-03  0.548070E-06   0.00000      0.407837E-01  0.321437E-01   0.00000    
   3.09428      0.118055E-01  0.481660E-03  0.557668E-06   0.00000      0.407998E-01  0.331686E-01   0.00000    
   3.11717      0.116366E-01  0.474965E-03  0.568700E-06   0.00000      0.408166E-01  0.343015E-01   0.00000    
   3.14024      0.114702E-01  0.468366E-03  0.582715E-06   0.00000      0.408332E-01  0.356422E-01   0.00000    
   3.16347      0.113065E-01  0.461861E-03  0.595248E-06   0.00000      0.408494E-01  0.369214E-01   0.00000    
   3.18687      0.111449E-01  0.455448E-03  0.603203E-06   0.00000      0.408661E-01  0.379417E-01   0.00000    
   3.21045      0.109857E-01  0.449139E-03  0.610550E-06   0.00000      0.408839E-01  0.389433E-01   0.00000    
   3.23421      0.108291E-01  0.442934E-03  0.621226E-06   0.00000      0.409023E-01  0.401793E-01   0.00000    
   3.25814      0.106747E-01  0.436818E-03  0.634278E-06   0.00000      0.409208E-01  0.415979E-01   0.00000    
   3.28224      0.105224E-01  0.430783E-03  0.644852E-06   0.00000      0.409395E-01  0.428839E-01   0.00000    
   3.30653      0.103726E-01  0.424841E-03  0.653010E-06   0.00000      0.409581E-01  0.440337E-01   0.00000    
   3.33099      0.102249E-01  0.418982E-03  0.663140E-06   0.00000      0.409766E-01  0.453422E-01   0.00000    
   3.35563      0.100793E-01  0.413208E-03  0.674799E-06   0.00000      0.409957E-01  0.467841E-01   0.00000    
   3.38046      0.993595E-02  0.407531E-03  0.684989E-06   0.00000      0.410159E-01  0.481522E-01   0.00000    
   3.40547      0.979483E-02  0.401946E-03  0.690993E-06   0.00000      0.410366E-01  0.492491E-01   0.00000    
   3.43067      0.965552E-02  0.396436E-03  0.693094E-06   0.00000      0.410580E-01  0.500855E-01   0.00000    
   3.45605      0.951856E-02  0.391024E-03  0.694569E-06   0.00000      0.410802E-01  0.508867E-01   0.00000    
   3.48162      0.938342E-02  0.385684E-03  0.698019E-06   0.00000      0.411028E-01  0.518475E-01   0.00000    
   3.50738      0.925041E-02  0.380422E-03  0.704903E-06   0.00000      0.411250E-01  0.530830E-01   0.00000    
   3.53333      0.911935E-02  0.375238E-03  0.713317E-06   0.00000      0.411475E-01  0.544588E-01   0.00000    
   3.55947      0.899018E-02  0.370132E-03  0.720794E-06   0.00000      0.411707E-01  0.557888E-01   0.00000    
   3.58581      0.886322E-02  0.365110E-03  0.729000E-06   0.00000      0.411939E-01  0.572001E-01   0.00000    
   3.61234      0.873808E-02  0.360149E-03  0.739805E-06   0.00000      0.412161E-01  0.588475E-01   0.00000    
   3.63906      0.861537E-02  0.355265E-03  0.751215E-06   0.00000      0.412363E-01  0.605764E-01   0.00000    
   3.66599      0.849561E-02  0.350461E-03  0.760965E-06   0.00000      0.412521E-01  0.622038E-01   0.00000    
   3.69311      0.837836E-02  0.345731E-03  0.771217E-06   0.00000      0.412649E-01  0.639043E-01   0.00000    
   3.72043      0.826231E-02  0.341062E-03  0.785066E-06   0.00000      0.412794E-01  0.659424E-01   0.00000    
   3.74796      0.814775E-02  0.336475E-03  0.800746E-06   0.00000      0.412968E-01  0.681763E-01   0.00000    
   3.77569      0.803460E-02  0.331956E-03  0.815408E-06   0.00000      0.413159E-01  0.703698E-01   0.00000    
   3.80363      0.792304E-02  0.327500E-03  0.829178E-06   0.00000      0.413353E-01  0.725317E-01   0.00000    
   3.83177      0.781311E-02  0.323111E-03  0.842542E-06   0.00000      0.413552E-01  0.747018E-01   0.00000    
   3.86012      0.770480E-02  0.318793E-03  0.856431E-06   0.00000      0.413761E-01  0.769617E-01   0.00000    
   3.88868      0.759798E-02  0.314538E-03  0.872733E-06   0.00000      0.413977E-01  0.794876E-01   0.00000    
   3.91745      0.749279E-02  0.310344E-03  0.892007E-06   0.00000      0.414192E-01  0.823410E-01   0.00000    
   3.94643      0.738920E-02  0.306214E-03  0.912994E-06   0.00000      0.414409E-01  0.854150E-01   0.00000    
   3.97563      0.728709E-02  0.302150E-03  0.934513E-06   0.00000      0.414640E-01  0.886041E-01   0.00000    
   4.00504      0.718655E-02  0.298149E-03  0.961544E-06   0.00000      0.414872E-01  0.923906E-01   0.00000    
   4.03468      0.708744E-02  0.294192E-03  0.100472E-05   0.00000      0.415092E-01  0.978376E-01   0.00000    
   4.06453      0.698995E-02  0.290291E-03  0.107279E-05   0.00000      0.415300E-01  0.105870       0.00000    
   4.09460      0.689386E-02  0.286436E-03  0.117348E-05   0.00000      0.415497E-01  0.117365       0.00000    
   4.12489      0.679939E-02  0.282631E-03  0.130969E-05   0.00000      0.415675E-01  0.132751       0.00000    
   4.15541      0.670619E-02  0.278873E-03  0.146985E-05   0.00000      0.415850E-01  0.150993       0.00000    
   4.18616      0.661442E-02  0.275176E-03  0.164001E-05   0.00000      0.416032E-01  0.170735       0.00000    
   4.21713      0.652390E-02  0.271524E-03  0.181969E-05   0.00000      0.416208E-01  0.191989       0.00000    
   4.24833      0.643473E-02  0.267915E-03  0.201234E-05   0.00000      0.416369E-01  0.215174       0.00000    
   4.27976      0.634696E-02  0.264361E-03  0.221505E-05   0.00000      0.416531E-01  0.240032       0.00000    
   4.31143      0.626046E-02  0.260855E-03  0.242438E-05   0.00000      0.416689E-01  0.266245       0.00000    
   4.34332      0.617522E-02  0.257385E-03  0.264037E-05   0.00000      0.416825E-01  0.293873       0.00000    
   4.37546      0.609126E-02  0.253958E-03  0.286251E-05   0.00000      0.416948E-01  0.322894       0.00000    
   4.40783      0.600857E-02  0.250584E-03  0.308880E-05   0.00000      0.417076E-01  0.353107       0.00000    
   4.44044      0.592718E-02  0.247257E-03  0.331691E-05   0.00000      0.417196E-01  0.384283       0.00000    
   4.47330      0.584689E-02  0.243965E-03  0.354296E-05   0.00000      0.417300E-01  0.416007       0.00000    
   4.50639      0.576797E-02  0.240726E-03  0.376420E-05   0.00000      0.417401E-01  0.447926       0.00000    
   4.53974      0.569010E-02  0.237530E-03  0.398249E-05   0.00000      0.417504E-01  0.480272       0.00000    
   4.57332      0.561355E-02  0.234380E-03  0.420010E-05   0.00000      0.417593E-01  0.513315       0.00000    
   4.60716      0.553804E-02  0.231264E-03  0.441320E-05   0.00000      0.417668E-01  0.546621       0.00000    
   4.64125      0.546370E-02  0.228200E-03  0.461619E-05   0.00000      0.417752E-01  0.579430       0.00000    
   4.67559      0.539057E-02  0.225190E-03  0.480989E-05   0.00000      0.417843E-01  0.611804       0.00000    
   4.71018      0.531844E-02  0.222211E-03  0.499840E-05   0.00000      0.417917E-01  0.644296       0.00000    
   4.74503      0.524752E-02  0.219270E-03  0.518170E-05   0.00000      0.417971E-01  0.676869       0.00000    
   4.78013      0.517769E-02  0.216375E-03  0.535592E-05   0.00000      0.418027E-01  0.708974       0.00000    
   4.81550      0.510884E-02  0.213523E-03  0.551740E-05   0.00000      0.418088E-01  0.740093       0.00000    
   4.85113      0.504112E-02  0.210711E-03  0.566549E-05   0.00000      0.418135E-01  0.770086       0.00000    
   4.88702      0.497447E-02  0.207938E-03  0.580155E-05   0.00000      0.418172E-01  0.799081       0.00000    
   4.92318      0.490881E-02  0.205210E-03  0.592395E-05   0.00000      0.418218E-01  0.826771       0.00000    
   4.95960      0.484425E-02  0.202531E-03  0.603217E-05   0.00000      0.418270E-01  0.852996       0.00000    
   4.99630      0.478060E-02  0.199886E-03  0.612813E-05   0.00000      0.418316E-01  0.878014       0.00000    
   5.03326      0.471803E-02  0.197285E-03  0.620811E-05   0.00000      0.418359E-01  0.901185       0.00000    
   5.07050      0.465641E-02  0.194726E-03  0.626874E-05   0.00000      0.418407E-01  0.921930       0.00000    
   5.10802      0.459578E-02  0.192207E-03  0.631373E-05   0.00000      0.418451E-01  0.940704       0.00000    
   5.14581      0.453611E-02  0.189725E-03  0.634325E-05   0.00000      0.418487E-01  0.957457       0.00000    
   5.18388      0.447743E-02  0.187287E-03  0.635224E-05   0.00000      0.418531E-01  0.971284       0.00000    
   5.22224      0.441968E-02  0.184895E-03  0.634012E-05   0.00000      0.418591E-01  0.981962       0.00000    
   5.26087      0.436288E-02  0.182548E-03  0.630714E-05   0.00000      0.418661E-01  0.989410       0.00000    
   5.29980      0.430700E-02  0.180243E-03  0.625075E-05   0.00000      0.418740E-01  0.993097       0.00000    
   5.33901      0.425213E-02  0.177985E-03  0.617172E-05   0.00000      0.418830E-01  0.992983       0.00000    
   5.37851      0.419817E-02  0.175764E-03  0.607286E-05   0.00000      0.418917E-01  0.989428       0.00000    
   5.41830      0.414513E-02  0.173582E-03  0.595237E-05   0.00000      0.419007E-01  0.981992       0.00000    
   5.45839      0.409305E-02  0.171450E-03  0.580647E-05   0.00000      0.419121E-01  0.969844       0.00000    
   5.49878      0.404192E-02  0.169366E-03  0.563438E-05   0.00000      0.419254E-01  0.952694       0.00000    
   5.53946      0.399173E-02  0.167319E-03  0.543546E-05   0.00000      0.419386E-01  0.930315       0.00000    
   5.58044      0.394257E-02  0.165317E-03  0.520744E-05   0.00000      0.419520E-01  0.902103       0.00000    
   5.62173      0.389440E-02  0.163361E-03  0.495213E-05   0.00000      0.419670E-01  0.868167       0.00000    
   5.66332      0.384738E-02  0.161452E-03  0.467579E-05   0.00000      0.419819E-01  0.829434       0.00000    
   5.70522      0.380141E-02  0.159580E-03  0.438151E-05   0.00000      0.419950E-01  0.786372       0.00000    
   5.74744      0.375672E-02  0.157752E-03  0.406808E-05   0.00000      0.420060E-01  0.738602       0.00000    
   5.78996      0.371349E-02  0.155972E-03  0.373523E-05   0.00000      0.420136E-01  0.685930       0.00000    
   5.83280      0.367179E-02  0.154233E-03  0.338371E-05   0.00000      0.420148E-01  0.628405       0.00000    
   5.87595      0.363198E-02  0.152531E-03  0.301229E-05   0.00000      0.420050E-01  0.565683       0.00000    
   5.91943      0.359458E-02  0.150880E-03  0.261993E-05   0.00000      0.419805E-01  0.497403       0.00000    
   5.96322      0.355716E-02  0.149272E-03  0.220952E-05   0.00000      0.419684E-01  0.424014       0.00000    
   6.00734      0.351665E-02  0.147703E-03  0.178531E-05   0.00000      0.420041E-01  0.346256       0.00000    
   6.05179      0.347418E-02  0.146179E-03  0.134837E-05   0.00000      0.420777E-01  0.264244       0.00000    
   6.09656      0.343198E-02  0.144711E-03  0.899682E-06   0.00000      0.421662E-01  0.178105       0.00000    
   6.14167      0.339027E-02  0.143284E-03  0.443751E-06   0.00000      0.422636E-01  0.887221E-01   0.00000    
   6.18711      0.334907E-02  0.141889E-03 -0.148592E-07   0.00000      0.423668E-01 -0.300013E-02   0.00000    
   6.23289      0.330818E-02  0.140514E-03 -0.470828E-06   0.00000      0.424750E-01 -0.959915E-01   0.00000    
   6.27900      0.326676E-02  0.139147E-03 -0.913115E-06   0.00000      0.425957E-01 -0.187991       0.00000    
   6.32546      0.322426E-02  0.137769E-03 -0.133012E-05   0.00000      0.427308E-01 -0.276580       0.00000    
   6.37226      0.318261E-02  0.136385E-03 -0.171548E-05   0.00000      0.428567E-01 -0.360320       0.00000    
   6.41940      0.314378E-02  0.135009E-03 -0.206011E-05   0.00000      0.429499E-01 -0.437104       0.00000    
   6.46690      0.310785E-02  0.133626E-03 -0.234922E-05   0.00000      0.430031E-01 -0.503593       0.00000    
   6.51474      0.307201E-02  0.132239E-03 -0.257236E-05   0.00000      0.430545E-01 -0.557198       0.00000    
   6.56294      0.303114E-02  0.130841E-03 -0.272494E-05   0.00000      0.431751E-01 -0.596543       0.00000    
   6.61150      0.298573E-02  0.129440E-03 -0.280761E-05   0.00000      0.433630E-01 -0.621288       0.00000    
   6.66042      0.292038E-02  0.128035E-03 -0.283022E-05   0.00000      0.438526E-01 -0.633162       0.00000    
   6.70970      0.281237E-02  0.126639E-03 -0.280778E-05   0.00000      0.450403E-01 -0.635063       0.00000    
   6.75934      0.270027E-02  0.125256E-03 -0.275192E-05   0.00000      0.463977E-01 -0.629304       0.00000    
   6.80935      0.263386E-02  0.123876E-03 -0.266046E-05   0.00000      0.470429E-01 -0.615171       0.00000    
   6.85973      0.259495E-02  0.122489E-03 -0.251672E-05   0.00000      0.472130E-01 -0.588530       0.00000    
   6.91048      0.255772E-02  0.121089E-03 -0.230481E-05   0.00000      0.473510E-01 -0.545221       0.00000    
   6.96161      0.252105E-02  0.119651E-03 -0.202416E-05   0.00000      0.474677E-01 -0.484596       0.00000    
   7.01312      0.248466E-02  0.118102E-03 -0.169188E-05   0.00000      0.475372E-01 -0.410370       0.00000    
   7.06500      0.244851E-02  0.116358E-03 -0.134133E-05   0.00000      0.475250E-01 -0.330228       0.00000    
   7.11728      0.241287E-02  0.114343E-03 -0.100688E-05   0.00000      0.473905E-01 -0.252261       0.00000    
   7.16993      0.237805E-02  0.111995E-03 -0.692326E-06   0.00000      0.470962E-01 -0.177092       0.00000    
   7.22298      0.234416E-02  0.109264E-03 -0.367234E-06   0.00000      0.466116E-01 -0.962843E-01   0.00000    
   7.27642      0.231107E-02  0.106191E-03  0.211748E-07   0.00000      0.459491E-01  0.571244E-02   0.00000    
   7.33026      0.227866E-02  0.103155E-03  0.462692E-06   0.00000      0.452705E-01  0.128497       0.00000    
   7.38449      0.224728E-02  0.100610E-03  0.855697E-06   0.00000      0.447714E-01  0.243646       0.00000    
   7.43913      0.221438E-02  0.985801E-04  0.113992E-05   0.00000      0.445211E-01  0.331253       0.00000    
   7.49417      0.217674E-02  0.969226E-04  0.131870E-05   0.00000      0.445305E-01  0.389752       0.00000    
   7.54961      0.213917E-02  0.955709E-04  0.140909E-05   0.00000      0.446814E-01  0.422351       0.00000    
   7.60547      0.210760E-02  0.944146E-04  0.144698E-05   0.00000      0.448025E-01  0.439018       0.00000    
   7.66174      0.207970E-02  0.933315E-04  0.146953E-05   0.00000      0.448830E-01  0.451033       0.00000    
   7.71843      0.205231E-02  0.922682E-04  0.148967E-05   0.00000      0.449641E-01  0.462481       0.00000    
   7.77553      0.202535E-02  0.912242E-04  0.150708E-05   0.00000      0.450474E-01  0.473237       0.00000    
   7.83306      0.199878E-02  0.901938E-04  0.152451E-05   0.00000      0.451309E-01  0.484177       0.00000    
   7.89102      0.197260E-02  0.891771E-04  0.154265E-05   0.00000      0.452146E-01  0.495522       0.00000    
   7.94940      0.194678E-02  0.881770E-04  0.155981E-05   0.00000      0.453008E-01  0.506715       0.00000    
   8.00821      0.192140E-02  0.871977E-04  0.157613E-05   0.00000      0.453898E-01  0.517764       0.00000    
   8.06746      0.189633E-02  0.862291E-04  0.159362E-05   0.00000      0.454794E-01  0.529388       0.00000    
   8.12715      0.187165E-02  0.852733E-04  0.161210E-05   0.00000      0.455686E-01  0.541527       0.00000    
   8.18728      0.184734E-02  0.843359E-04  0.162963E-05   0.00000      0.456612E-01  0.553496       0.00000    
   8.24786      0.182337E-02  0.834158E-04  0.164723E-05   0.00000      0.457570E-01  0.565642       0.00000    
   8.30888      0.179974E-02  0.825045E-04  0.166655E-05   0.00000      0.458517E-01  0.578596       0.00000    
   8.37035      0.177646E-02  0.816039E-04  0.168771E-05   0.00000      0.459460E-01  0.592403       0.00000    
   8.43228      0.175353E-02  0.807190E-04  0.170992E-05   0.00000      0.460425E-01  0.606776       0.00000    
   8.49467      0.173094E-02  0.798493E-04  0.173025E-05   0.00000      0.461414E-01  0.620672       0.00000    
   8.55752      0.170868E-02  0.789946E-04  0.174689E-05   0.00000      0.462426E-01  0.633417       0.00000    
   8.62083      0.168674E-02  0.781540E-04  0.176192E-05   0.00000      0.463460E-01  0.645735       0.00000    
   8.68462      0.166512E-02  0.773228E-04  0.177911E-05   0.00000      0.464492E-01  0.659039       0.00000    
   8.74887      0.164379E-02  0.764997E-04  0.180027E-05   0.00000      0.465515E-01  0.674049       0.00000    
   8.81360      0.162279E-02  0.756939E-04  0.182298E-05   0.00000      0.466579E-01  0.689811       0.00000    
   8.87881      0.160209E-02  0.749063E-04  0.184510E-05   0.00000      0.467697E-01  0.705515       0.00000    
   8.94450      0.158169E-02  0.741270E-04  0.186782E-05   0.00000      0.468807E-01  0.721705       0.00000    
   9.01068      0.156159E-02  0.733522E-04  0.189051E-05   0.00000      0.469885E-01  0.738180       0.00000    
   9.07734      0.154177E-02  0.725901E-04  0.191060E-05   0.00000      0.470985E-01  0.753851       0.00000    
   9.14450      0.152225E-02  0.718438E-04  0.192975E-05   0.00000      0.472128E-01  0.769307       0.00000    
   9.21216      0.150300E-02  0.711060E-04  0.195115E-05   0.00000      0.473271E-01  0.785901       0.00000    
   9.28032      0.148402E-02  0.703776E-04  0.197347E-05   0.00000      0.474422E-01  0.803108       0.00000    
   9.34898      0.146532E-02  0.696650E-04  0.199431E-05   0.00000      0.475618E-01  0.819882       0.00000    
   9.41815      0.144690E-02  0.689629E-04  0.201482E-05   0.00000      0.476828E-01  0.836740       0.00000    
   9.48783      0.142873E-02  0.682658E-04  0.203634E-05   0.00000      0.478019E-01  0.854303       0.00000    
   9.55803      0.141083E-02  0.675787E-04  0.205727E-05   0.00000      0.479222E-01  0.871845       0.00000    
   9.62875      0.139318E-02  0.669051E-04  0.207709E-05   0.00000      0.480464E-01  0.889096       0.00000    
   9.69999      0.137577E-02  0.662398E-04  0.209940E-05   0.00000      0.481715E-01  0.907659       0.00000    
   9.77175      0.135861E-02  0.655809E-04  0.212534E-05   0.00000      0.482960E-01  0.928095       0.00000    
   9.84405      0.134171E-02  0.649350E-04  0.215061E-05   0.00000      0.484237E-01  0.948455       0.00000    
   9.91688      0.132504E-02  0.643030E-04  0.217341E-05   0.00000      0.485567E-01  0.967917       0.00000    
   9.99025      0.130860E-02  0.636795E-04  0.219641E-05   0.00000      0.486911E-01  0.987719       0.00000    
   10.0642      0.129241E-02  0.630625E-04  0.222031E-05   0.00000      0.488246E-01   1.00822       0.00000    
   10.1386      0.127646E-02  0.624552E-04  0.224362E-05   0.00000      0.489601E-01   1.02870       0.00000    
   10.2136      0.126072E-02  0.618573E-04  0.226627E-05   0.00000      0.490981E-01   1.04910       0.00000    
   10.2892      0.124520E-02  0.612648E-04  0.228867E-05   0.00000      0.492352E-01   1.06970       0.00000    
   10.3653      0.122990E-02  0.606783E-04  0.231149E-05   0.00000      0.493719E-01   1.09079       0.00000    
   10.4420      0.121481E-02  0.600993E-04  0.233642E-05   0.00000      0.495097E-01   1.11315       0.00000    
   10.5193      0.119992E-02  0.595261E-04  0.236304E-05   0.00000      0.496476E-01   1.13666       0.00000    
   10.5971      0.118525E-02  0.589635E-04  0.238897E-05   0.00000      0.497885E-01   1.16007       0.00000    
   10.6755      0.117079E-02  0.584138E-04  0.241419E-05   0.00000      0.499354E-01   1.18332       0.00000    
   10.7545      0.115652E-02  0.578697E-04  0.243947E-05   0.00000      0.500823E-01   1.20693       0.00000    
   10.8341      0.114246E-02  0.573283E-04  0.246420E-05   0.00000      0.502261E-01   1.23064       0.00000    
   10.9142      0.112859E-02  0.567961E-04  0.248887E-05   0.00000      0.503730E-01   1.25458       0.00000    
   10.9950      0.111492E-02  0.562745E-04  0.251498E-05   0.00000      0.505246E-01   1.27946       0.00000    
   11.0763      0.110142E-02  0.557562E-04  0.254325E-05   0.00000      0.506747E-01   1.30583       0.00000    
   11.1583      0.108812E-02  0.552413E-04  0.257239E-05   0.00000      0.508228E-01   1.33307       0.00000    
   11.2408      0.107500E-02  0.547366E-04  0.259985E-05   0.00000      0.509753E-01   1.35968       0.00000    
   11.3240      0.106205E-02  0.542407E-04  0.262588E-05   0.00000      0.511318E-01   1.38581       0.00000    
   11.4078      0.104928E-02  0.537488E-04  0.265279E-05   0.00000      0.512870E-01   1.41278       0.00000    
   11.4922      0.103667E-02  0.532614E-04  0.268103E-05   0.00000      0.514424E-01   1.44084       0.00000    
   11.5772      0.102426E-02  0.527848E-04  0.270935E-05   0.00000      0.516024E-01   1.46916       0.00000    
   11.6629      0.101199E-02  0.523135E-04  0.273845E-05   0.00000      0.517643E-01   1.49826       0.00000    
   11.7492      0.999899E-03  0.518436E-04  0.276906E-05   0.00000      0.519227E-01   1.52868       0.00000    
   11.8361      0.987972E-03  0.513792E-04  0.279809E-05   0.00000      0.520818E-01   1.55861       0.00000    
   11.9237      0.976212E-03  0.509229E-04  0.282433E-05   0.00000      0.522440E-01   1.58727       0.00000    
   12.0119      0.964594E-03  0.504694E-04  0.285101E-05   0.00000      0.524053E-01   1.61660       0.00000    
   12.1007      0.953142E-03  0.500206E-04  0.287916E-05   0.00000      0.525666E-01   1.64714       0.00000    
   12.1903      0.941837E-03  0.495815E-04  0.290746E-05   0.00000      0.527338E-01   1.67799       0.00000    
   12.2805      0.930699E-03  0.491521E-04  0.293594E-05   0.00000      0.529062E-01   1.70915       0.00000    
   12.3713      0.919682E-03  0.487252E-04  0.296533E-05   0.00000      0.530785E-01   1.74131       0.00000    
   12.4629      0.908825E-03  0.483003E-04  0.299491E-05   0.00000      0.532480E-01   1.77407       0.00000    
   12.5551      0.898101E-03  0.478815E-04  0.302237E-05   0.00000      0.534203E-01   1.80591       0.00000    
   12.6480      0.887523E-03  0.474705E-04  0.304770E-05   0.00000      0.535966E-01   1.83673       0.00000    
   12.7415      0.877085E-03  0.470613E-04  0.307245E-05   0.00000      0.537707E-01   1.86766       0.00000    
   12.8358      0.866768E-03  0.466534E-04  0.309572E-05   0.00000      0.539429E-01   1.89817       0.00000    
   12.9308      0.856597E-03  0.462542E-04  0.311609E-05   0.00000      0.541200E-01   1.92706       0.00000    
   13.0264      0.846558E-03  0.458622E-04  0.313579E-05   0.00000      0.543014E-01   1.95573       0.00000    
   13.1228      0.836629E-03  0.454714E-04  0.315716E-05   0.00000      0.544816E-01   1.98588       0.00000    
   13.2199      0.826841E-03  0.450844E-04  0.317761E-05   0.00000      0.546614E-01   2.01581       0.00000    
   13.3177      0.817176E-03  0.447003E-04  0.319681E-05   0.00000      0.548406E-01   2.04532       0.00000    
   13.4163      0.807613E-03  0.443155E-04  0.321780E-05   0.00000      0.550167E-01   2.07651       0.00000    
   13.5155      0.798186E-03  0.439373E-04  0.323952E-05   0.00000      0.551958E-01   2.10841       0.00000    
   13.6155      0.788882E-03  0.435684E-04  0.325914E-05   0.00000      0.553823E-01   2.13902       0.00000    
   13.7162      0.779685E-03  0.432021E-04  0.327680E-05   0.00000      0.555689E-01   2.16873       0.00000    
   13.8177      0.770594E-03  0.428361E-04  0.329366E-05   0.00000      0.557524E-01   2.19841       0.00000    
   13.9200      0.761632E-03  0.424774E-04  0.330882E-05   0.00000      0.559405E-01   2.22706       0.00000    
   14.0229      0.752766E-03  0.421261E-04  0.332212E-05   0.00000      0.561354E-01   2.25455       0.00000    
   14.1267      0.744008E-03  0.417765E-04  0.333522E-05   0.00000      0.563293E-01   2.28225       0.00000    
   14.2312      0.735356E-03  0.414279E-04  0.334647E-05   0.00000      0.565207E-01   2.30911       0.00000    
   14.3365      0.726809E-03  0.410841E-04  0.335366E-05   0.00000      0.567147E-01   2.33333       0.00000    
   14.4426      0.718359E-03  0.407441E-04  0.335972E-05   0.00000      0.569107E-01   2.35695       0.00000    
   14.5494      0.710018E-03  0.404055E-04  0.336711E-05   0.00000      0.571050E-01   2.38181       0.00000    
   14.6571      0.701754E-03  0.400704E-04  0.337392E-05   0.00000      0.573024E-01   2.40647       0.00000    
   14.7655      0.693617E-03  0.397442E-04  0.337874E-05   0.00000      0.575066E-01   2.42958       0.00000    
   14.8748      0.685543E-03  0.394182E-04  0.338207E-05   0.00000      0.577105E-01   2.45197       0.00000    
   14.9848      0.677579E-03  0.390908E-04  0.338371E-05   0.00000      0.579076E-01   2.47360       0.00000    
   15.0957      0.669688E-03  0.387690E-04  0.338311E-05   0.00000      0.581110E-01   2.49360       0.00000    
   15.2074      0.661914E-03  0.384577E-04  0.338097E-05   0.00000      0.583249E-01   2.51209       0.00000    
   15.3199      0.654205E-03  0.381464E-04  0.337810E-05   0.00000      0.585377E-01   2.53035       0.00000    
   15.4332      0.646593E-03  0.378320E-04  0.337308E-05   0.00000      0.587419E-01   2.54749       0.00000    
   15.5474      0.639060E-03  0.375202E-04  0.336481E-05   0.00000      0.589472E-01   2.56229       0.00000    
   15.6625      0.631610E-03  0.372152E-04  0.335567E-05   0.00000      0.591602E-01   2.57619       0.00000    
   15.7783      0.624243E-03  0.369131E-04  0.334645E-05   0.00000      0.593751E-01   2.59006       0.00000    
   15.8951      0.616958E-03  0.366125E-04  0.333507E-05   0.00000      0.595892E-01   2.60239       0.00000    
   16.0127      0.609743E-03  0.363147E-04  0.332161E-05   0.00000      0.598060E-01   2.61307       0.00000    
   16.1311      0.602601E-03  0.360166E-04  0.330794E-05   0.00000      0.600202E-01   2.62380       0.00000    
   16.2505      0.595535E-03  0.357159E-04  0.329416E-05   0.00000      0.602273E-01   2.63481       0.00000    
   16.3707      0.588548E-03  0.354184E-04  0.327945E-05   0.00000      0.604367E-01   2.64501       0.00000    
   16.4918      0.581639E-03  0.351264E-04  0.326359E-05   0.00000      0.606523E-01   2.65405       0.00000    
   16.6139      0.574801E-03  0.348364E-04  0.324553E-05   0.00000      0.608685E-01   2.66130       0.00000    
   16.7368      0.568034E-03  0.345495E-04  0.322455E-05   0.00000      0.610872E-01   2.66603       0.00000    
   16.8606      0.561338E-03  0.342664E-04  0.320246E-05   0.00000      0.613101E-01   2.66962       0.00000    
   16.9854      0.554701E-03  0.339817E-04  0.318095E-05   0.00000      0.615292E-01   2.67387       0.00000    
   17.1110      0.548131E-03  0.336953E-04  0.315908E-05   0.00000      0.617428E-01   2.67803       0.00000    
   17.2376      0.541628E-03  0.334132E-04  0.313465E-05   0.00000      0.619612E-01   2.67975       0.00000    
   17.3652      0.535196E-03  0.331359E-04  0.310822E-05   0.00000      0.621853E-01   2.67940       0.00000    
   17.4936      0.528823E-03  0.328581E-04  0.308195E-05   0.00000      0.624071E-01   2.67921       0.00000    
   17.6231      0.522514E-03  0.325807E-04  0.305471E-05   0.00000      0.626272E-01   2.67815       0.00000    
   17.7535      0.516264E-03  0.323067E-04  0.302494E-05   0.00000      0.628515E-01   2.67457       0.00000    
   17.8848      0.510082E-03  0.320339E-04  0.299422E-05   0.00000      0.630752E-01   2.66997       0.00000    
   18.0171      0.503949E-03  0.317579E-04  0.296387E-05   0.00000      0.632919E-01   2.66590       0.00000    
   18.1504      0.497877E-03  0.314810E-04  0.293276E-05   0.00000      0.635043E-01   2.66115       0.00000    
   18.2847      0.491872E-03  0.312074E-04  0.290021E-05   0.00000      0.637195E-01   2.65472       0.00000    
   18.4200      0.485921E-03  0.309351E-04  0.286766E-05   0.00000      0.639359E-01   2.64807       0.00000    
   18.5563      0.480025E-03  0.306612E-04  0.283584E-05   0.00000      0.641469E-01   2.64211       0.00000    
   18.6936      0.474186E-03  0.303881E-04  0.280346E-05   0.00000      0.643569E-01   2.63546       0.00000    
   18.8319      0.468408E-03  0.301186E-04  0.276971E-05   0.00000      0.645713E-01   2.62707       0.00000    
   18.9712      0.462683E-03  0.298493E-04  0.273532E-05   0.00000      0.647838E-01   2.61792       0.00000    
   19.1116      0.457011E-03  0.295785E-04  0.270108E-05   0.00000      0.649909E-01   2.60887       0.00000    
   19.2530      0.451389E-03  0.293107E-04  0.266650E-05   0.00000      0.652027E-01   2.59904       0.00000    
   19.3954      0.445829E-03  0.290463E-04  0.263112E-05   0.00000      0.654180E-01   2.58797       0.00000    
   19.5389      0.440313E-03  0.287798E-04  0.259540E-05   0.00000      0.656275E-01   2.57653       0.00000    
   19.6835      0.434852E-03  0.285136E-04  0.255928E-05   0.00000      0.658345E-01   2.56446       0.00000    
   19.8291      0.429450E-03  0.282517E-04  0.252254E-05   0.00000      0.660474E-01   2.55115       0.00000    
   19.9758      0.424095E-03  0.279896E-04  0.248641E-05   0.00000      0.662582E-01   2.53823       0.00000    
   20.1236      0.418789E-03  0.277234E-04  0.245168E-05   0.00000      0.664573E-01   2.52686       0.00000    
   20.2725      0.413535E-03  0.274577E-04  0.241624E-05   0.00000      0.666541E-01   2.51450       0.00000    
   20.4225      0.408337E-03  0.271976E-04  0.237847E-05   0.00000      0.668601E-01   2.49894       0.00000    
   20.5736      0.403192E-03  0.269390E-04  0.234053E-05   0.00000      0.670661E-01   2.48277       0.00000    
   20.7258      0.398089E-03  0.266767E-04  0.230399E-05   0.00000      0.672614E-01   2.46811       0.00000    
   20.8792      0.393038E-03  0.264148E-04  0.226748E-05   0.00000      0.674540E-01   2.45316       0.00000    
   21.0336      0.388028E-03  0.261542E-04  0.223100E-05   0.00000      0.676477E-01   2.43781       0.00000    
   21.1893      0.383066E-03  0.258935E-04  0.219499E-05   0.00000      0.678379E-01   2.42269       0.00000    
   21.3460      0.378159E-03  0.256341E-04  0.215872E-05   0.00000      0.680265E-01   2.40684       0.00000    
   21.5040      0.373298E-03  0.253747E-04  0.212264E-05   0.00000      0.682117E-01   2.39088       0.00000    
   21.6631      0.368482E-03  0.251134E-04  0.208803E-05   0.00000      0.683888E-01   2.37644       0.00000    
   21.8233      0.363714E-03  0.248529E-04  0.205455E-05   0.00000      0.685638E-01   2.36290       0.00000    
   21.9848      0.358998E-03  0.245962E-04  0.202004E-05   0.00000      0.687441E-01   2.34753       0.00000    
   22.1475      0.354328E-03  0.243406E-04  0.198422E-05   0.00000      0.689231E-01   2.33019       0.00000    
   22.3113      0.349702E-03  0.240829E-04  0.194870E-05   0.00000      0.690918E-01   2.31305       0.00000    
   22.4764      0.345123E-03  0.238254E-04  0.191351E-05   0.00000      0.692570E-01   2.29589       0.00000    
   22.6427      0.340590E-03  0.235716E-04  0.187805E-05   0.00000      0.694274E-01   2.27769       0.00000    
   22.8102      0.336108E-03  0.233193E-04  0.184366E-05   0.00000      0.695970E-01   2.26024       0.00000    
   22.9790      0.331666E-03  0.230653E-04  0.181147E-05   0.00000      0.697579E-01   2.24530       0.00000    
   23.1490      0.327272E-03  0.228115E-04  0.177997E-05   0.00000      0.699141E-01   2.23085       0.00000    
   23.3203      0.322925E-03  0.225603E-04  0.174782E-05   0.00000      0.700718E-01   2.21502       0.00000    
   23.4928      0.318619E-03  0.223095E-04  0.171596E-05   0.00000      0.702264E-01   2.19915       0.00000    
   23.6666      0.314360E-03  0.220585E-04  0.168502E-05   0.00000      0.703739E-01   2.18414       0.00000    
   23.8417      0.310146E-03  0.218094E-04  0.165392E-05   0.00000      0.705216E-01   2.16837       0.00000    
   24.0181      0.305980E-03  0.215629E-04  0.162230E-05   0.00000      0.706707E-01   2.15130       0.00000    
   24.1958      0.301856E-03  0.213162E-04  0.159163E-05   0.00000      0.708138E-01   2.13511       0.00000    
   24.3748      0.297774E-03  0.210693E-04  0.156213E-05   0.00000      0.709501E-01   2.12015       0.00000    
   24.5552      0.293739E-03  0.208249E-04  0.153234E-05   0.00000      0.710877E-01   2.10417       0.00000    
   24.7368      0.289744E-03  0.205821E-04  0.150243E-05   0.00000      0.712246E-01   2.08750       0.00000    
   24.9199      0.285795E-03  0.203383E-04  0.147378E-05   0.00000      0.713505E-01   2.07230       0.00000    
   25.1042      0.281885E-03  0.200946E-04  0.144630E-05   0.00000      0.714708E-01   2.05837       0.00000    
   25.2900      0.278021E-03  0.198548E-04  0.141866E-05   0.00000      0.715968E-01   2.04347       0.00000    
   25.4771      0.274206E-03  0.196176E-04  0.139107E-05   0.00000      0.717230E-01   2.02801       0.00000    
   25.6656      0.270426E-03  0.193800E-04  0.136442E-05   0.00000      0.718418E-01   2.01359       0.00000    
   25.8555      0.266689E-03  0.191441E-04  0.133796E-05   0.00000      0.719595E-01   1.99891       0.00000    
   26.0468      0.262998E-03  0.189095E-04  0.131207E-05   0.00000      0.720727E-01   1.98460       0.00000    
   26.2395      0.259345E-03  0.186747E-04  0.128768E-05   0.00000      0.721782E-01   1.97225       0.00000    
   26.4336      0.255740E-03  0.184433E-04  0.126353E-05   0.00000      0.722862E-01   1.95957       0.00000    
   26.6292      0.252172E-03  0.182147E-04  0.123888E-05   0.00000      0.723981E-01   1.94551       0.00000    
   26.8262      0.248647E-03  0.179859E-04  0.121509E-05   0.00000      0.724998E-01   1.93246       0.00000    
   27.0247      0.245160E-03  0.177564E-04  0.119216E-05   0.00000      0.725911E-01   1.92052       0.00000    
   27.2246      0.241715E-03  0.175299E-04  0.116835E-05   0.00000      0.726840E-01   1.90653       0.00000    
   27.4261      0.238312E-03  0.173055E-04  0.114452E-05   0.00000      0.727759E-01   1.89191       0.00000    
   27.6290      0.234947E-03  0.170809E-04  0.112242E-05   0.00000      0.728579E-01   1.87982       0.00000    
   27.8334      0.231623E-03  0.168588E-04  0.110049E-05   0.00000      0.729406E-01   1.86740       0.00000    
   28.0393      0.228340E-03  0.166415E-04  0.107775E-05   0.00000      0.730330E-01   1.85273       0.00000    
   28.2468      0.225100E-03  0.164253E-04  0.105646E-05   0.00000      0.731198E-01   1.84006       0.00000    
   28.4558      0.221892E-03  0.162074E-04  0.103712E-05   0.00000      0.731913E-01   1.83070       0.00000    
   28.6663      0.218725E-03  0.159917E-04  0.101751E-05   0.00000      0.732611E-01   1.82033       0.00000    
   28.8784      0.215600E-03  0.157806E-04  0.997057E-06   0.00000      0.733399E-01   1.80764       0.00000    
   29.0921      0.212513E-03  0.155709E-04  0.977170E-06   0.00000      0.734148E-01   1.79547       0.00000    
   29.3073      0.209459E-03  0.153612E-04  0.958419E-06   0.00000      0.734801E-01   1.78509       0.00000    
   29.5241      0.206446E-03  0.151542E-04  0.939895E-06   0.00000      0.735462E-01   1.77453       0.00000    
   29.7426      0.203471E-03  0.149502E-04  0.921078E-06   0.00000      0.736154E-01   1.76276       0.00000    
   29.9626      0.200530E-03  0.147468E-04  0.902643E-06   0.00000      0.736767E-01   1.75133       0.00000    
   30.1843      0.197623E-03  0.145443E-04  0.884913E-06   0.00000      0.737321E-01   1.74087       0.00000    
   30.4076      0.194758E-03  0.143451E-04  0.867357E-06   0.00000      0.737906E-01   1.73005       0.00000    
   30.6326      0.191928E-03  0.141478E-04  0.850006E-06   0.00000      0.738469E-01   1.71912       0.00000    
   30.8592      0.189134E-03  0.139508E-04  0.833110E-06   0.00000      0.738929E-01   1.70876       0.00000    
   31.0876      0.186376E-03  0.137555E-04  0.816408E-06   0.00000      0.739351E-01   1.69830       0.00000    
   31.3176      0.183655E-03  0.135631E-04  0.799935E-06   0.00000      0.739791E-01   1.68767       0.00000    
   31.5493      0.180970E-03  0.133731E-04  0.784090E-06   0.00000      0.740236E-01   1.67776       0.00000    
   31.7827      0.178315E-03  0.131850E-04  0.769058E-06   0.00000      0.740680E-01   1.66908       0.00000    
   32.0178      0.175699E-03  0.129997E-04  0.754463E-06   0.00000      0.741126E-01   1.66078       0.00000    
   32.2547      0.173116E-03  0.128162E-04  0.739823E-06   0.00000      0.741557E-01   1.65188       0.00000    
   32.4934      0.170568E-03  0.126335E-04  0.725474E-06   0.00000      0.741896E-01   1.64328       0.00000    
   32.7338      0.168051E-03  0.124519E-04  0.711953E-06   0.00000      0.742166E-01   1.63620       0.00000    
   32.9760      0.165566E-03  0.122725E-04  0.699411E-06   0.00000      0.742450E-01   1.63088       0.00000    
   33.2199      0.163115E-03  0.120950E-04  0.687592E-06   0.00000      0.742694E-01   1.62687       0.00000    
   33.4657      0.160695E-03  0.119187E-04  0.675358E-06   0.00000      0.742886E-01   1.62156       0.00000    
   33.7133      0.158309E-03  0.117457E-04  0.662279E-06   0.00000      0.743126E-01   1.61360       0.00000    
   33.9628      0.155955E-03  0.115754E-04  0.649405E-06   0.00000      0.743393E-01   1.60553       0.00000    
   34.2140      0.153632E-03  0.114060E-04  0.637130E-06   0.00000      0.743579E-01   1.59859       0.00000    
   34.4672      0.151340E-03  0.112383E-04  0.624484E-06   0.00000      0.743735E-01   1.59025       0.00000    
   34.7222      0.149080E-03  0.110740E-04  0.610933E-06   0.00000      0.743950E-01   1.57886       0.00000    
   34.9791      0.146853E-03  0.109115E-04  0.597487E-06   0.00000      0.744140E-01   1.56712       0.00000    
   35.2379      0.144653E-03  0.107495E-04  0.585103E-06   0.00000      0.744222E-01   1.55779       0.00000    
   35.4986      0.142484E-03  0.105891E-04  0.573606E-06   0.00000      0.744268E-01   1.55033       0.00000    
   35.7612      0.140344E-03  0.104319E-04  0.562450E-06   0.00000      0.744390E-01   1.54310       0.00000    
   36.0258      0.138234E-03  0.102768E-04  0.551686E-06   0.00000      0.744504E-01   1.53642       0.00000    
   36.2924      0.136152E-03  0.101221E-04  0.541501E-06   0.00000      0.744503E-01   1.53111       0.00000    
   36.5609      0.134100E-03  0.996959E-05  0.531097E-06   0.00000      0.744498E-01   1.52468       0.00000    
   36.8314      0.132078E-03  0.981988E-05  0.520351E-06   0.00000      0.744536E-01   1.51662       0.00000    
   37.1039      0.130082E-03  0.967139E-05  0.510285E-06   0.00000      0.744519E-01   1.51013       0.00000    
   37.3784      0.128114E-03  0.952463E-05  0.500818E-06   0.00000      0.744479E-01   1.50496       0.00000    
   37.6550      0.126173E-03  0.938042E-05  0.491285E-06   0.00000      0.744477E-01   1.49902       0.00000    
   37.9336      0.124259E-03  0.923782E-05  0.481863E-06   0.00000      0.744445E-01   1.49298       0.00000    
   38.2142      0.122372E-03  0.909618E-05  0.472843E-06   0.00000      0.744325E-01   1.48785       0.00000    
   38.4969      0.120511E-03  0.895647E-05  0.463984E-06   0.00000      0.744203E-01   1.48276       0.00000    
   38.7818      0.118676E-03  0.881962E-05  0.455046E-06   0.00000      0.744154E-01   1.47677       0.00000    
   39.0687      0.116868E-03  0.868440E-05  0.446314E-06   0.00000      0.744074E-01   1.47100       0.00000    
   39.3578      0.115083E-03  0.854969E-05  0.437644E-06   0.00000      0.743888E-01   1.46516       0.00000    
   39.6490      0.113325E-03  0.841698E-05  0.428583E-06   0.00000      0.743690E-01   1.45746       0.00000    
   39.9423      0.111593E-03  0.828693E-05  0.419733E-06   0.00000      0.743552E-01   1.44978       0.00000    
   40.2378      0.109883E-03  0.815823E-05  0.411883E-06   0.00000      0.743390E-01   1.44511       0.00000    
   40.5355      0.108198E-03  0.803039E-05  0.404559E-06   0.00000      0.743136E-01   1.44202       0.00000    
   40.8354      0.106537E-03  0.790477E-05  0.396791E-06   0.00000      0.742908E-01   1.43682       0.00000    
   41.1376      0.104902E-03  0.778175E-05  0.388838E-06   0.00000      0.742739E-01   1.43029       0.00000    
   41.4419      0.103289E-03  0.766001E-05  0.381550E-06   0.00000      0.742529E-01   1.42579       0.00000    
   41.7485      0.101699E-03  0.753967E-05  0.374723E-06   0.00000      0.742283E-01   1.42263       0.00000    
   42.0574      0.100134E-03  0.742130E-05  0.367730E-06   0.00000      0.742047E-01   1.41836       0.00000    
   42.3686      0.985896E-04  0.730401E-05  0.360769E-06   0.00000      0.741754E-01   1.41386       0.00000    
   42.6821      0.970683E-04  0.718798E-05  0.354011E-06   0.00000      0.741405E-01   1.40978       0.00000    
   42.9978      0.955691E-04  0.707431E-05  0.347082E-06   0.00000      0.741120E-01   1.40440       0.00000    
   43.3160      0.940911E-04  0.696224E-05  0.340228E-06   0.00000      0.740829E-01   1.39884       0.00000    
   43.6365      0.926337E-04  0.685063E-05  0.334177E-06   0.00000      0.740419E-01   1.39635       0.00000    
   43.9593      0.911974E-04  0.674079E-05  0.328823E-06   0.00000      0.740021E-01   1.39637       0.00000    
   44.2845      0.897831E-04  0.663363E-05  0.323460E-06   0.00000      0.739728E-01   1.39578       0.00000    
   44.6122      0.883895E-04  0.652733E-05  0.317816E-06   0.00000      0.739349E-01   1.39376       0.00000    
   44.9423      0.870145E-04  0.642143E-05  0.311949E-06   0.00000      0.738842E-01   1.39060       0.00000    
   45.2748      0.856611E-04  0.631794E-05  0.305975E-06   0.00000      0.738415E-01   1.38632       0.00000    
   45.6097      0.843283E-04  0.621665E-05  0.300138E-06   0.00000      0.738055E-01   1.38204       0.00000    
   45.9472      0.830143E-04  0.611579E-05  0.294657E-06   0.00000      0.737570E-01   1.37918       0.00000    
   46.2871      0.817184E-04  0.601573E-05  0.289426E-06   0.00000      0.737006E-01   1.37723       0.00000    
   46.6296      0.804422E-04  0.591809E-05  0.284230E-06   0.00000      0.736542E-01   1.37483       0.00000    
   46.9746      0.791854E-04  0.582224E-05  0.279228E-06   0.00000      0.736113E-01   1.37287       0.00000    
   47.3221      0.779452E-04  0.572705E-05  0.274313E-06   0.00000      0.735595E-01   1.37112       0.00000    
   47.6723      0.767245E-04  0.563342E-05  0.268918E-06   0.00000      0.735077E-01   1.36650       0.00000    
   48.0250      0.755233E-04  0.554178E-05  0.263209E-06   0.00000      0.734611E-01   1.35962       0.00000    
   48.3803      0.743396E-04  0.545107E-05  0.257914E-06   0.00000      0.734086E-01   1.35445       0.00000    
   48.7382      0.731734E-04  0.536127E-05  0.252994E-06   0.00000      0.733496E-01   1.35087       0.00000    
   49.0988      0.720248E-04  0.527330E-05  0.247955E-06   0.00000      0.732960E-01   1.34605       0.00000    
   49.4621      0.708922E-04  0.518692E-05  0.242790E-06   0.00000      0.732464E-01   1.33997       0.00000    
   49.8281      0.697761E-04  0.510111E-05  0.237920E-06   0.00000      0.731862E-01   1.33520       0.00000    
   50.1967      0.686759E-04  0.501602E-05  0.233525E-06   0.00000      0.731182E-01   1.33276       0.00000    
   50.5681      0.675921E-04  0.493300E-05  0.229379E-06   0.00000      0.730607E-01   1.33114       0.00000    
   50.9423      0.665257E-04  0.485179E-05  0.225518E-06   0.00000      0.730098E-01   1.33064       0.00000    
   51.3192      0.654739E-04  0.477092E-05  0.221946E-06   0.00000      0.729464E-01   1.33175       0.00000    
   51.6988      0.644376E-04  0.469072E-05  0.218202E-06   0.00000      0.728734E-01   1.33168       0.00000    
   52.0813      0.634175E-04  0.461214E-05  0.214267E-06   0.00000      0.728051E-01   1.32994       0.00000    
   52.4667      0.624129E-04  0.453489E-05  0.210615E-06   0.00000      0.727379E-01   1.32955       0.00000    
   52.8549      0.614234E-04  0.445902E-05  0.207024E-06   0.00000      0.726730E-01   1.32912       0.00000    
   53.2459      0.604494E-04  0.438501E-05  0.203223E-06   0.00000      0.726181E-01   1.32673       0.00000    
   53.6399      0.594897E-04  0.431190E-05  0.199732E-06   0.00000      0.725591E-01   1.32605       0.00000    
   54.0367      0.585432E-04  0.423903E-05  0.196839E-06   0.00000      0.724865E-01   1.32931       0.00000    
   54.4365      0.576103E-04  0.416718E-05  0.194203E-06   0.00000      0.724125E-01   1.33411       0.00000    
   54.8393      0.566924E-04  0.409696E-05  0.191403E-06   0.00000      0.723454E-01   1.33741       0.00000    
   55.2450      0.557877E-04  0.402784E-05  0.188463E-06   0.00000      0.722784E-01   1.33946       0.00000    
   55.6538      0.548961E-04  0.395940E-05  0.185614E-06   0.00000      0.722045E-01   1.34201       0.00000    
   56.0655      0.540190E-04  0.389214E-05  0.182830E-06   0.00000      0.721308E-01   1.34472       0.00000    
   56.4803      0.531548E-04  0.382604E-05  0.180200E-06   0.00000      0.720591E-01   1.34827       0.00000    
   56.8982      0.523034E-04  0.376083E-05  0.177836E-06   0.00000      0.719846E-01   1.35365       0.00000    
   57.3192      0.514646E-04  0.369675E-05  0.175639E-06   0.00000      0.719119E-01   1.36009       0.00000    
   57.7433      0.506390E-04  0.363398E-05  0.174038E-06   0.00000      0.718448E-01   1.37095       0.00000    
   58.1705      0.498239E-04  0.357204E-05  0.173948E-06   0.00000      0.717782E-01   1.39397       0.00000    
   58.6009      0.490179E-04  0.351029E-05  0.175664E-06   0.00000      0.717020E-01   1.43242       0.00000    
   59.0344      0.482223E-04  0.344889E-05  0.178583E-06   0.00000      0.716165E-01   1.48206       0.00000    
   59.4712      0.474385E-04  0.338842E-05  0.181866E-06   0.00000      0.715304E-01   1.53614       0.00000    
   59.9112      0.466659E-04  0.332870E-05  0.185339E-06   0.00000      0.714410E-01   1.59344       0.00000    
   60.3545      0.459039E-04  0.326946E-05  0.189177E-06   0.00000      0.713431E-01   1.65577       0.00000    
   60.8010      0.451527E-04  0.321100E-05  0.193247E-06   0.00000      0.712428E-01   1.72203       0.00000    
   61.2509      0.444126E-04  0.315347E-05  0.197595E-06   0.00000      0.711431E-01   1.79272       0.00000    
   61.7040      0.436824E-04  0.309644E-05  0.202307E-06   0.00000      0.710365E-01   1.86906       0.00000    
   62.1606      0.429625E-04  0.303987E-05  0.207029E-06   0.00000      0.709203E-01   1.94804       0.00000    
   62.6205      0.422529E-04  0.298431E-05  0.211391E-06   0.00000      0.708067E-01   2.02586       0.00000    
   63.0838      0.415540E-04  0.292983E-05  0.215460E-06   0.00000      0.706968E-01   2.10298       0.00000    
   63.5505      0.408641E-04  0.287581E-05  0.219441E-06   0.00000      0.705797E-01   2.18177       0.00000    
   64.0207      0.401834E-04  0.282233E-05  0.223208E-06   0.00000      0.704554E-01   2.26096       0.00000    
   64.4944      0.395132E-04  0.276980E-05  0.226518E-06   0.00000      0.703322E-01   2.33767       0.00000    
   64.9715      0.388524E-04  0.271803E-05  0.229405E-06   0.00000      0.702065E-01   2.41220       0.00000    
   65.4522      0.382010E-04  0.266659E-05  0.232124E-06   0.00000      0.700681E-01   2.48750       0.00000    
   65.9365      0.375590E-04  0.261584E-05  0.234672E-06   0.00000      0.699259E-01   2.56319       0.00000    
   66.4243      0.369265E-04  0.256613E-05  0.236836E-06   0.00000      0.697884E-01   2.63653       0.00000    
   66.9158      0.363024E-04  0.251701E-05  0.238608E-06   0.00000      0.696454E-01   2.70768       0.00000    
   67.4109      0.356876E-04  0.246872E-05  0.239843E-06   0.00000      0.695015E-01   2.77451       0.00000    
   67.9096      0.350822E-04  0.242180E-05  0.240325E-06   0.00000      0.693712E-01   2.83357       0.00000    
   68.4121      0.344851E-04  0.237559E-05  0.240247E-06   0.00000      0.692388E-01   2.88739       0.00000    
   68.9182      0.338959E-04  0.232948E-05  0.239722E-06   0.00000      0.690875E-01   2.93776       0.00000    
   69.4281      0.333150E-04  0.228415E-05  0.238584E-06   0.00000      0.689351E-01   2.98153       0.00000    
   69.9418      0.327424E-04  0.224007E-05  0.236884E-06   0.00000      0.687965E-01   3.01825       0.00000    
   70.4593      0.321779E-04  0.219669E-05  0.234665E-06   0.00000      0.686555E-01   3.04880       0.00000    
   70.9806      0.316213E-04  0.215386E-05  0.231751E-06   0.00000      0.685074E-01   3.07064       0.00000    
   71.5057      0.310731E-04  0.211203E-05  0.228105E-06   0.00000      0.683649E-01   3.08211       0.00000    
   72.0348      0.305328E-04  0.207104E-05  0.223862E-06   0.00000      0.682252E-01   3.08462       0.00000    
   72.5677      0.299994E-04  0.203059E-05  0.219156E-06   0.00000      0.680808E-01   3.07997       0.00000    
   73.1046      0.294733E-04  0.199094E-05  0.213902E-06   0.00000      0.679393E-01   3.06610       0.00000    
   73.6455      0.289547E-04  0.195258E-05  0.207782E-06   0.00000      0.678165E-01   3.03710       0.00000    
   74.1904      0.284438E-04  0.191540E-05  0.200752E-06   0.00000      0.677086E-01   2.99166       0.00000    
   74.7393      0.279393E-04  0.187888E-05  0.193012E-06   0.00000      0.676025E-01   2.93264       0.00000    
   75.2923      0.274422E-04  0.184318E-05  0.184661E-06   0.00000      0.675023E-01   2.86057       0.00000    
   75.8493      0.269518E-04  0.180849E-05  0.175674E-06   0.00000      0.674167E-01   2.77410       0.00000    
   76.4105      0.264683E-04  0.177472E-05  0.165978E-06   0.00000      0.673435E-01   2.67147       0.00000    
   76.9758      0.259914E-04  0.174181E-05  0.155592E-06   0.00000      0.672820E-01   2.55227       0.00000    
   77.5454      0.255208E-04  0.170994E-05  0.144642E-06   0.00000      0.672410E-01   2.41755       0.00000    
   78.1191      0.250567E-04  0.167911E-05  0.133238E-06   0.00000      0.672229E-01   2.26847       0.00000    
   78.6971      0.245985E-04  0.164900E-05  0.121336E-06   0.00000      0.672178E-01   2.10417       0.00000    
   79.2793      0.241464E-04  0.161960E-05  0.108786E-06   0.00000      0.672253E-01   1.92135       0.00000    
   79.8659      0.236999E-04  0.159118E-05  0.954904E-07   0.00000      0.672595E-01   1.71716       0.00000    
   80.4568      0.232589E-04  0.156364E-05  0.815390E-07   0.00000      0.673190E-01   1.49254       0.00000    
   81.0521      0.228238E-04  0.153685E-05  0.670526E-07   0.00000      0.673994E-01   1.24911       0.00000    
   81.6517      0.223942E-04  0.151105E-05  0.520268E-07   0.00000      0.675150E-01  0.985984       0.00000    
   82.2558      0.219700E-04  0.148625E-05  0.365226E-07   0.00000      0.676695E-01  0.703842       0.00000    
   82.8644      0.215507E-04  0.146208E-05  0.206160E-07   0.00000      0.678505E-01  0.403922       0.00000    
   83.4775      0.211366E-04  0.143864E-05  0.429427E-08   0.00000      0.680640E-01  0.855125E-01   0.00000    
   84.0951      0.207278E-04  0.141612E-05 -0.124314E-07   0.00000      0.683223E-01 -0.251479       0.00000    
   84.7173      0.203241E-04  0.139424E-05 -0.294423E-07   0.00000      0.686159E-01 -0.604870       0.00000    
   85.3441      0.199248E-04  0.137284E-05 -0.465829E-07   0.00000      0.689407E-01 -0.971698       0.00000    
   85.9755      0.195303E-04  0.135211E-05 -0.637585E-07   0.00000      0.693083E-01  -1.34989       0.00000    
   86.6116      0.191399E-04  0.133197E-05 -0.808565E-07   0.00000      0.697192E-01  -1.73693       0.00000    
   87.2525      0.187537E-04  0.131213E-05 -0.977192E-07   0.00000      0.701600E-01  -2.12959       0.00000    
   87.8980      0.183716E-04  0.129257E-05 -0.114241E-06   0.00000      0.706309E-01  -2.52542       0.00000    
   88.5483      0.179935E-04  0.127344E-05 -0.130332E-06   0.00000      0.711417E-01  -2.92185       0.00000    
   89.2035      0.176192E-04  0.125456E-05 -0.145758E-06   0.00000      0.716833E-01  -3.31354       0.00000    
   89.8635      0.172479E-04  0.123569E-05 -0.160176E-06   0.00000      0.722422E-01  -3.69289       0.00000    
   90.5283      0.168801E-04  0.121693E-05 -0.173317E-06   0.00000      0.728200E-01  -4.05281       0.00000    
   91.1981      0.165147E-04  0.119821E-05 -0.184854E-06   0.00000      0.734125E-01  -4.38509       0.00000    
   91.8729      0.161514E-04  0.117899E-05 -0.194201E-06   0.00000      0.739801E-01  -4.67681       0.00000    
   92.5526      0.157883E-04  0.115862E-05 -0.200395E-06   0.00000      0.744740E-01  -4.90642       0.00000    
   93.2374      0.154243E-04  0.113643E-05 -0.202002E-06   0.00000      0.748328E-01  -5.03958       0.00000    
   93.9272      0.150598E-04  0.111237E-05 -0.198996E-06   0.00000      0.750358E-01  -5.07131       0.00000    
   94.6221      0.146977E-04  0.108741E-05 -0.193641E-06   0.00000      0.751488E-01  -5.04858       0.00000    
   95.3222      0.143404E-04  0.106238E-05 -0.187708E-06   0.00000      0.752306E-01  -5.00997       0.00000    
   96.0275      0.139883E-04  0.103762E-05 -0.181482E-06   0.00000      0.753037E-01  -4.96040       0.00000    
   96.7379      0.136414E-04  0.101325E-05 -0.174785E-06   0.00000      0.753744E-01  -4.89359       0.00000    
   97.4537      0.132997E-04  0.988963E-06 -0.167458E-06   0.00000      0.754183E-01  -4.80529       0.00000    
   98.1747      0.129628E-04  0.964559E-06 -0.159572E-06   0.00000      0.754211E-01  -4.69683       0.00000    
   98.9010      0.126317E-04  0.940632E-06 -0.151281E-06   0.00000      0.754226E-01  -4.56831       0.00000    
   99.6328      0.123067E-04  0.917640E-06 -0.142769E-06   0.00000      0.754616E-01  -4.42168       0.00000    
