   1.20444      0.111631      0.452156E-02  0.307834E-03   0.00000      0.405983E-01   1.94738       0.00000    
   1.21335      0.110013      0.445724E-02  0.304240E-03   0.00000      0.406098E-01   1.95241       0.00000    
   1.22233      0.108418      0.439383E-02  0.300700E-03   0.00000      0.406215E-01   1.95752       0.00000    
   1.23137      0.106849      0.433147E-02  0.297222E-03   0.00000      0.406336E-01   1.96272       0.00000    
   1.24048      0.105300      0.426992E-02  0.293788E-03   0.00000      0.406459E-01   1.96799       0.00000    
   1.24966      0.103777      0.420940E-02  0.290413E-03   0.00000      0.406585E-01   1.97333       0.00000    
   1.25891      0.102273      0.414967E-02  0.287083E-03   0.00000      0.406715E-01   1.97877       0.00000    
   1.26822      0.100793      0.409091E-02  0.283809E-03   0.00000      0.406847E-01   1.98428       0.00000    
   1.27760      0.993352E-01  0.403302E-02  0.280586E-03   0.00000      0.406982E-01   1.98989       0.00000    
   1.28706      0.978967E-01  0.397592E-02  0.277412E-03   0.00000      0.407122E-01   1.99561       0.00000    
   1.29658      0.964820E-01  0.391976E-02  0.274296E-03   0.00000      0.407262E-01   2.00145       0.00000    
   1.30617      0.950875E-01  0.386437E-02  0.271228E-03   0.00000      0.407402E-01   2.00741       0.00000    
   1.31583      0.937128E-01  0.380977E-02  0.268205E-03   0.00000      0.407543E-01   2.01347       0.00000    
   1.32557      0.923588E-01  0.375595E-02  0.265227E-03   0.00000      0.407681E-01   2.01963       0.00000    
   1.33538      0.910241E-01  0.370296E-02  0.262297E-03   0.00000      0.407830E-01   2.02588       0.00000    
   1.34526      0.897040E-01  0.365069E-02  0.259410E-03   0.00000      0.407997E-01   2.03224       0.00000    
   1.35521      0.884066E-01  0.359927E-02  0.256574E-03   0.00000      0.408159E-01   2.03872       0.00000    
   1.36524      0.871276E-01  0.354848E-02  0.253777E-03   0.00000      0.408315E-01   2.04533       0.00000    
   1.37534      0.858699E-01  0.349855E-02  0.251031E-03   0.00000      0.408472E-01   2.05205       0.00000    
   1.38551      0.846308E-01  0.344935E-02  0.248330E-03   0.00000      0.408631E-01   2.05891       0.00000    
   1.39576      0.834086E-01  0.340081E-02  0.245672E-03   0.00000      0.408792E-01   2.06591       0.00000    
   1.40609      0.822041E-01  0.335298E-02  0.243056E-03   0.00000      0.408955E-01   2.07305       0.00000    
   1.41649      0.810195E-01  0.330592E-02  0.240487E-03   0.00000      0.409119E-01   2.08030       0.00000    
   1.42697      0.798503E-01  0.325949E-02  0.237957E-03   0.00000      0.409287E-01   2.08772       0.00000    
   1.43753      0.786982E-01  0.321376E-02  0.235471E-03   0.00000      0.409459E-01   2.09528       0.00000    
   1.44817      0.775647E-01  0.316874E-02  0.233028E-03   0.00000      0.409632E-01   2.10297       0.00000    
   1.45888      0.764478E-01  0.312439E-02  0.230626E-03   0.00000      0.409807E-01   2.11081       0.00000    
   1.46968      0.753463E-01  0.308061E-02  0.228264E-03   0.00000      0.409981E-01   2.11885       0.00000    
   1.48055      0.742631E-01  0.303752E-02  0.225945E-03   0.00000      0.410151E-01   2.12705       0.00000    
   1.49150      0.731928E-01  0.299502E-02  0.223662E-03   0.00000      0.410335E-01   2.13540       0.00000    
   1.50254      0.721349E-01  0.295314E-02  0.221418E-03   0.00000      0.410540E-01   2.14393       0.00000    
   1.51366      0.710938E-01  0.291185E-02  0.219212E-03   0.00000      0.410737E-01   2.15263       0.00000    
   1.52486      0.700706E-01  0.287117E-02  0.217042E-03   0.00000      0.410923E-01   2.16148       0.00000    
   1.53614      0.690622E-01  0.283108E-02  0.214905E-03   0.00000      0.411111E-01   2.17048       0.00000    
   1.54750      0.680684E-01  0.279159E-02  0.212801E-03   0.00000      0.411305E-01   2.17960       0.00000    
   1.55895      0.670914E-01  0.275279E-02  0.210734E-03   0.00000      0.411505E-01   2.18882       0.00000    
   1.57049      0.661264E-01  0.271451E-02  0.208695E-03   0.00000      0.411714E-01   2.19816       0.00000    
   1.58211      0.651771E-01  0.267689E-02  0.206692E-03   0.00000      0.411933E-01   2.20762       0.00000    
   1.59381      0.642420E-01  0.263989E-02  0.204722E-03   0.00000      0.412162E-01   2.21720       0.00000    
   1.60560      0.633201E-01  0.260345E-02  0.202784E-03   0.00000      0.412402E-01   2.22691       0.00000    
   1.61748      0.624121E-01  0.256755E-02  0.200876E-03   0.00000      0.412644E-01   2.23675       0.00000    
   1.62945      0.615193E-01  0.253221E-02  0.198999E-03   0.00000      0.412881E-01   2.24674       0.00000    
   1.64151      0.606375E-01  0.249736E-02  0.197151E-03   0.00000      0.413132E-01   2.25689       0.00000    
   1.65365      0.597651E-01  0.246304E-02  0.195331E-03   0.00000      0.413415E-01   2.26717       0.00000    
   1.66588      0.589059E-01  0.242926E-02  0.193541E-03   0.00000      0.413704E-01   2.27759       0.00000    
   1.67821      0.580605E-01  0.239593E-02  0.191779E-03   0.00000      0.413980E-01   2.28821       0.00000    
   1.69063      0.572290E-01  0.236311E-02  0.190050E-03   0.00000      0.414254E-01   2.29902       0.00000    
   1.70313      0.564100E-01  0.233079E-02  0.188351E-03   0.00000      0.414534E-01   2.31002       0.00000    
   1.71574      0.556033E-01  0.229897E-02  0.186682E-03   0.00000      0.414820E-01   2.32118       0.00000    
   1.72843      0.548086E-01  0.226763E-02  0.185040E-03   0.00000      0.415112E-01   2.33251       0.00000    
   1.74122      0.540252E-01  0.223675E-02  0.183423E-03   0.00000      0.415409E-01   2.34401       0.00000    
   1.75410      0.532545E-01  0.220639E-02  0.181837E-03   0.00000      0.415715E-01   2.35566       0.00000    
   1.76708      0.524940E-01  0.217644E-02  0.180275E-03   0.00000      0.416028E-01   2.36751       0.00000    
   1.78015      0.517460E-01  0.214697E-02  0.178743E-03   0.00000      0.416341E-01   2.37956       0.00000    
   1.79332      0.510083E-01  0.211796E-02  0.177240E-03   0.00000      0.416670E-01   2.39181       0.00000    
   1.80659      0.502771E-01  0.208936E-02  0.175761E-03   0.00000      0.417036E-01   2.40426       0.00000    
   1.81996      0.495572E-01  0.206120E-02  0.174309E-03   0.00000      0.417408E-01   2.41690       0.00000    
   1.83342      0.488502E-01  0.203345E-02  0.172883E-03   0.00000      0.417765E-01   2.42979       0.00000    
   1.84699      0.481534E-01  0.200609E-02  0.171484E-03   0.00000      0.418124E-01   2.44293       0.00000    
   1.86065      0.474681E-01  0.197917E-02  0.170115E-03   0.00000      0.418485E-01   2.45632       0.00000    
   1.87442      0.467921E-01  0.195259E-02  0.168769E-03   0.00000      0.418846E-01   2.47000       0.00000    
   1.88829      0.461273E-01  0.192644E-02  0.167453E-03   0.00000      0.419210E-01   2.48393       0.00000    
   1.90226      0.454711E-01  0.190062E-02  0.166160E-03   0.00000      0.419577E-01   2.49817       0.00000    
   1.91633      0.448264E-01  0.187522E-02  0.164899E-03   0.00000      0.419945E-01   2.51270       0.00000    
   1.93051      0.441908E-01  0.185016E-02  0.163663E-03   0.00000      0.420310E-01   2.52759       0.00000    
   1.94479      0.435638E-01  0.182548E-02  0.162458E-03   0.00000      0.420693E-01   2.54280       0.00000    
   1.95918      0.429417E-01  0.180114E-02  0.161279E-03   0.00000      0.421118E-01   2.55839       0.00000    
   1.97368      0.423299E-01  0.177720E-02  0.160130E-03   0.00000      0.421546E-01   2.57429       0.00000    
   1.98828      0.417283E-01  0.175352E-02  0.159000E-03   0.00000      0.421948E-01   2.59055       0.00000    
   2.00299      0.411380E-01  0.173024E-02  0.157898E-03   0.00000      0.422342E-01   2.60712       0.00000    
   2.01781      0.405549E-01  0.170723E-02  0.156819E-03   0.00000      0.422741E-01   2.62411       0.00000    
   2.03274      0.399806E-01  0.168454E-02  0.155770E-03   0.00000      0.423136E-01   2.64157       0.00000    
   2.04778      0.394157E-01  0.166219E-02  0.154751E-03   0.00000      0.423532E-01   2.65947       0.00000    
   2.06293      0.388587E-01  0.164015E-02  0.153756E-03   0.00000      0.423930E-01   2.67778       0.00000    
   2.07819      0.383117E-01  0.161844E-02  0.152788E-03   0.00000      0.424317E-01   2.69651       0.00000    
   2.09357      0.377709E-01  0.159700E-02  0.151844E-03   0.00000      0.424719E-01   2.71571       0.00000    
   2.10906      0.372344E-01  0.157589E-02  0.150925E-03   0.00000      0.425170E-01   2.73531       0.00000    
   2.12466      0.367056E-01  0.155506E-02  0.150031E-03   0.00000      0.425625E-01   2.75540       0.00000    
   2.14038      0.361871E-01  0.153450E-02  0.149162E-03   0.00000      0.426046E-01   2.77601       0.00000    
   2.15622      0.356779E-01  0.151425E-02  0.148318E-03   0.00000      0.426455E-01   2.79708       0.00000    
   2.17217      0.351758E-01  0.149426E-02  0.147495E-03   0.00000      0.426863E-01   2.81864       0.00000    
   2.18824      0.346807E-01  0.147453E-02  0.146694E-03   0.00000      0.427271E-01   2.84071       0.00000    
   2.20443      0.341936E-01  0.145512E-02  0.145916E-03   0.00000      0.427687E-01   2.86318       0.00000    
   2.22074      0.337147E-01  0.143612E-02  0.145156E-03   0.00000      0.428132E-01   2.88579       0.00000    
   2.23717      0.332434E-01  0.141759E-02  0.144412E-03   0.00000      0.428633E-01   2.90837       0.00000    
   2.25372      0.327754E-01  0.139941E-02  0.143683E-03   0.00000      0.429216E-01   2.93112       0.00000    
   2.27040      0.323126E-01  0.138155E-02  0.142974E-03   0.00000      0.429842E-01   2.95420       0.00000    
   2.28720      0.318594E-01  0.136397E-02  0.142284E-03   0.00000      0.430446E-01   2.97767       0.00000    
   2.30412      0.314142E-01  0.134664E-02  0.141611E-03   0.00000      0.431035E-01   3.00154       0.00000    
   2.32117      0.309765E-01  0.132960E-02  0.140956E-03   0.00000      0.431633E-01   3.02577       0.00000    
   2.33834      0.305450E-01  0.131281E-02  0.140317E-03   0.00000      0.432242E-01   3.05039       0.00000    
   2.35564      0.301197E-01  0.129627E-02  0.139695E-03   0.00000      0.432864E-01   3.07543       0.00000    
   2.37307      0.297022E-01  0.128000E-02  0.139092E-03   0.00000      0.433482E-01   3.10088       0.00000    
   2.39063      0.292887E-01  0.126397E-02  0.138504E-03   0.00000      0.434138E-01   3.12674       0.00000    
   2.40831      0.288776E-01  0.124821E-02  0.137932E-03   0.00000      0.434872E-01   3.15290       0.00000    
   2.42613      0.284732E-01  0.123270E-02  0.137374E-03   0.00000      0.435614E-01   3.17945       0.00000    
   2.44408      0.280777E-01  0.121743E-02  0.136835E-03   0.00000      0.436323E-01   3.20646       0.00000    
   2.46217      0.276887E-01  0.120238E-02  0.136312E-03   0.00000      0.437031E-01   3.23396       0.00000    
   2.48038      0.273062E-01  0.118758E-02  0.135806E-03   0.00000      0.437746E-01   3.26186       0.00000    
   2.49873      0.269292E-01  0.117297E-02  0.135315E-03   0.00000      0.438466E-01   3.29029       0.00000    
   2.51722      0.265585E-01  0.115856E-02  0.134840E-03   0.00000      0.439173E-01   3.31929       0.00000    
   2.53585      0.261915E-01  0.114436E-02  0.134383E-03   0.00000      0.439921E-01   3.34881       0.00000    
   2.55461      0.258258E-01  0.113036E-02  0.133941E-03   0.00000      0.440749E-01   3.37885       0.00000    
   2.57351      0.254666E-01  0.111657E-02  0.133516E-03   0.00000      0.441567E-01   3.40944       0.00000    
   2.59255      0.251157E-01  0.110298E-02  0.133109E-03   0.00000      0.442344E-01   3.44063       0.00000    
   2.61173      0.247704E-01  0.108957E-02  0.132718E-03   0.00000      0.443117E-01   3.47244       0.00000    
   2.63105      0.244308E-01  0.107635E-02  0.132345E-03   0.00000      0.443887E-01   3.50488       0.00000    
   2.65052      0.240975E-01  0.106332E-02  0.131989E-03   0.00000      0.444645E-01   3.53794       0.00000    
   2.67013      0.237683E-01  0.105046E-02  0.131649E-03   0.00000      0.445418E-01   3.57167       0.00000    
   2.68988      0.234398E-01  0.103778E-02  0.131326E-03   0.00000      0.446273E-01   3.60608       0.00000    
   2.70979      0.231149E-01  0.102529E-02  0.131021E-03   0.00000      0.447170E-01   3.64116       0.00000    
   2.72983      0.227969E-01  0.101294E-02  0.130734E-03   0.00000      0.448021E-01   3.67705       0.00000    
   2.75003      0.224863E-01  0.100080E-02  0.130465E-03   0.00000      0.448835E-01   3.71362       0.00000    
   2.77038      0.221806E-01  0.988813E-03  0.130210E-03   0.00000      0.449649E-01   3.75087       0.00000    
   2.79088      0.218797E-01  0.976944E-03  0.129970E-03   0.00000      0.450441E-01   3.78898       0.00000    
   2.81152      0.215839E-01  0.965190E-03  0.129748E-03   0.00000      0.451204E-01   3.82812       0.00000    
   2.83233      0.212877E-01  0.953502E-03  0.129545E-03   0.00000      0.452028E-01   3.86847       0.00000    
   2.85328      0.209938E-01  0.941978E-03  0.129359E-03   0.00000      0.452904E-01   3.90969       0.00000    
   2.87439      0.207076E-01  0.930668E-03  0.129190E-03   0.00000      0.453743E-01   3.95149       0.00000    
   2.89566      0.204276E-01  0.919553E-03  0.129035E-03   0.00000      0.454563E-01   3.99389       0.00000    
   2.91708      0.201523E-01  0.908604E-03  0.128893E-03   0.00000      0.455382E-01   4.03700       0.00000    
   2.93866      0.198823E-01  0.897781E-03  0.128762E-03   0.00000      0.456169E-01   4.08092       0.00000    
   2.96041      0.196146E-01  0.887156E-03  0.128644E-03   0.00000      0.457024E-01   4.12539       0.00000    
   2.98231      0.193467E-01  0.876797E-03  0.128537E-03   0.00000      0.458047E-01   4.17002       0.00000    
   3.00437      0.190840E-01  0.866726E-03  0.128439E-03   0.00000      0.459124E-01   4.21462       0.00000    
   3.02660      0.188279E-01  0.856863E-03  0.128351E-03   0.00000      0.460180E-01   4.25954       0.00000    
   3.04900      0.185770E-01  0.847157E-03  0.128273E-03   0.00000      0.461221E-01   4.30504       0.00000    
   3.07155      0.183315E-01  0.837609E-03  0.128204E-03   0.00000      0.462244E-01   4.35107       0.00000    
   3.09428      0.180877E-01  0.828186E-03  0.128140E-03   0.00000      0.463322E-01   4.39764       0.00000    
   3.11717      0.178437E-01  0.818910E-03  0.128084E-03   0.00000      0.464515E-01   4.44474       0.00000    
   3.14024      0.176033E-01  0.809778E-03  0.128037E-03   0.00000      0.465729E-01   4.49243       0.00000    
   3.16347      0.173695E-01  0.800797E-03  0.127997E-03   0.00000      0.466888E-01   4.54060       0.00000    
   3.18687      0.171402E-01  0.791939E-03  0.127962E-03   0.00000      0.468028E-01   4.58929       0.00000    
   3.21045      0.169157E-01  0.783204E-03  0.127933E-03   0.00000      0.469140E-01   4.63853       0.00000    
   3.23421      0.166927E-01  0.774604E-03  0.127911E-03   0.00000      0.470322E-01   4.68834       0.00000    
   3.25814      0.164686E-01  0.766133E-03  0.127896E-03   0.00000      0.471645E-01   4.73871       0.00000    
   3.28224      0.162496E-01  0.757783E-03  0.127886E-03   0.00000      0.472935E-01   4.78960       0.00000    
   3.30653      0.160369E-01  0.749574E-03  0.127881E-03   0.00000      0.474158E-01   4.84085       0.00000    
   3.33099      0.158282E-01  0.741491E-03  0.127878E-03   0.00000      0.475377E-01   4.89252       0.00000    
   3.35563      0.156223E-01  0.733519E-03  0.127881E-03   0.00000      0.476614E-01   4.94474       0.00000    
   3.38046      0.154160E-01  0.725665E-03  0.127889E-03   0.00000      0.477976E-01   4.99750       0.00000    
   3.40547      0.152118E-01  0.717940E-03  0.127904E-03   0.00000      0.479395E-01   5.05075       0.00000    
   3.43067      0.150130E-01  0.710314E-03  0.127923E-03   0.00000      0.480746E-01   5.10458       0.00000    
   3.45605      0.148200E-01  0.702819E-03  0.127947E-03   0.00000      0.482030E-01   5.15879       0.00000    
   3.48162      0.146299E-01  0.695425E-03  0.127972E-03   0.00000      0.483328E-01   5.21347       0.00000    
   3.50738      0.144387E-01  0.688147E-03  0.128000E-03   0.00000      0.484774E-01   5.26850       0.00000    
   3.53333      0.142482E-01  0.680970E-03  0.128029E-03   0.00000      0.486309E-01   5.32394       0.00000    
   3.55947      0.140636E-01  0.673893E-03  0.128062E-03   0.00000      0.487749E-01   5.37990       0.00000    
   3.58581      0.138853E-01  0.666940E-03  0.128100E-03   0.00000      0.489100E-01   5.43625       0.00000    
   3.61234      0.137090E-01  0.660083E-03  0.128141E-03   0.00000      0.490487E-01   5.49307       0.00000    
   3.63906      0.135311E-01  0.653326E-03  0.128185E-03   0.00000      0.492040E-01   5.55030       0.00000    
   3.66599      0.133541E-01  0.646655E-03  0.128228E-03   0.00000      0.493665E-01   5.60798       0.00000    
   3.69311      0.131835E-01  0.640088E-03  0.128273E-03   0.00000      0.495175E-01   5.66597       0.00000    
   3.72043      0.130184E-01  0.633625E-03  0.128318E-03   0.00000      0.496594E-01   5.72421       0.00000    
   3.74796      0.128546E-01  0.627278E-03  0.128364E-03   0.00000      0.498094E-01   5.78259       0.00000    
   3.77569      0.126881E-01  0.621006E-03  0.128409E-03   0.00000      0.499792E-01   5.84138       0.00000    
   3.80363      0.125245E-01  0.614812E-03  0.128454E-03   0.00000      0.501488E-01   5.90057       0.00000    
   3.83177      0.123679E-01  0.608706E-03  0.128498E-03   0.00000      0.503013E-01   5.96005       0.00000    
   3.86012      0.122151E-01  0.602700E-03  0.128542E-03   0.00000      0.504503E-01   6.01972       0.00000    
   3.88868      0.120604E-01  0.596790E-03  0.128586E-03   0.00000      0.506188E-01   6.07961       0.00000    
   3.91745      0.119055E-01  0.590967E-03  0.128628E-03   0.00000      0.508004E-01   6.13967       0.00000    
   3.94643      0.117564E-01  0.585217E-03  0.128666E-03   0.00000      0.509676E-01   6.19991       0.00000    
   3.97563      0.116125E-01  0.579546E-03  0.128700E-03   0.00000      0.511228E-01   6.26028       0.00000    
   4.00504      0.114680E-01  0.573970E-03  0.128732E-03   0.00000      0.512932E-01   6.32065       0.00000    
   4.03468      0.113222E-01  0.568475E-03  0.128761E-03   0.00000      0.514806E-01   6.38113       0.00000    
   4.06453      0.111815E-01  0.563059E-03  0.128786E-03   0.00000      0.516569E-01   6.44170       0.00000    
   4.09460      0.110457E-01  0.557714E-03  0.128806E-03   0.00000      0.518208E-01   6.50233       0.00000    
   4.12489      0.109094E-01  0.552467E-03  0.128823E-03   0.00000      0.519997E-01   6.56279       0.00000    
   4.15541      0.107723E-01  0.547293E-03  0.128837E-03   0.00000      0.521946E-01   6.62334       0.00000    
   4.18616      0.106404E-01  0.542186E-03  0.128847E-03   0.00000      0.523745E-01   6.68399       0.00000    
   4.21713      0.105124E-01  0.537137E-03  0.128850E-03   0.00000      0.525451E-01   6.74472       0.00000    
   4.24833      0.103826E-01  0.532164E-03  0.128849E-03   0.00000      0.527363E-01   6.80533       0.00000    
   4.27976      0.102537E-01  0.527277E-03  0.128845E-03   0.00000      0.529359E-01   6.86580       0.00000    
   4.31143      0.101312E-01  0.522467E-03  0.128835E-03   0.00000      0.531151E-01   6.92612       0.00000    
   4.34332      0.100101E-01  0.517720E-03  0.128816E-03   0.00000      0.532969E-01   6.98614       0.00000    
   4.37546      0.988598E-02  0.513033E-03  0.128786E-03   0.00000      0.535051E-01   7.04587       0.00000    
   4.40783      0.976603E-02  0.508414E-03  0.128751E-03   0.00000      0.537028E-01   7.10541       0.00000    
   4.44044      0.965177E-02  0.503869E-03  0.128708E-03   0.00000      0.538811E-01   7.16461       0.00000    
   4.47330      0.953532E-02  0.499376E-03  0.128655E-03   0.00000      0.540814E-01   7.22352       0.00000    
   4.50639      0.941877E-02  0.494950E-03  0.128594E-03   0.00000      0.542940E-01   7.28204       0.00000    
   4.53974      0.930808E-02  0.490590E-03  0.128526E-03   0.00000      0.544845E-01   7.34026       0.00000    
   4.57332      0.919880E-02  0.486321E-03  0.128450E-03   0.00000      0.546809E-01   7.39769       0.00000    
   4.60716      0.908724E-02  0.482107E-03  0.128362E-03   0.00000      0.549015E-01   7.45463       0.00000    
   4.64125      0.898046E-02  0.477939E-03  0.128267E-03   0.00000      0.551032E-01   7.51137       0.00000    
   4.67559      0.887617E-02  0.473828E-03  0.128164E-03   0.00000      0.553004E-01   7.56779       0.00000    
   4.71018      0.876984E-02  0.469775E-03  0.128050E-03   0.00000      0.555214E-01   7.62357       0.00000    
   4.74503      0.866769E-02  0.465793E-03  0.127923E-03   0.00000      0.557287E-01   7.67838       0.00000    
   4.78013      0.856757E-02  0.461868E-03  0.127784E-03   0.00000      0.559341E-01   7.73253       0.00000    
   4.81550      0.846597E-02  0.457990E-03  0.127635E-03   0.00000      0.561592E-01   7.78617       0.00000    
   4.85113      0.836859E-02  0.454167E-03  0.127473E-03   0.00000      0.563676E-01   7.83901       0.00000    
   4.88702      0.827231E-02  0.450397E-03  0.127300E-03   0.00000      0.565793E-01   7.89117       0.00000    
   4.92318      0.817528E-02  0.446679E-03  0.127116E-03   0.00000      0.568072E-01   7.94266       0.00000    
   4.95960      0.808248E-02  0.443030E-03  0.126919E-03   0.00000      0.570185E-01   7.99297       0.00000    
   4.99630      0.798968E-02  0.439436E-03  0.126708E-03   0.00000      0.572412E-01   8.04225       0.00000    
   5.03326      0.789762E-02  0.435898E-03  0.126484E-03   0.00000      0.574702E-01   8.09056       0.00000    
   5.07050      0.780871E-02  0.432406E-03  0.126246E-03   0.00000      0.576867E-01   8.13788       0.00000    
   5.10802      0.771936E-02  0.428968E-03  0.125994E-03   0.00000      0.579178E-01   8.18413       0.00000    
   5.14581      0.763196E-02  0.425579E-03  0.125733E-03   0.00000      0.581455E-01   8.22963       0.00000    
   5.18388      0.754627E-02  0.422237E-03  0.125461E-03   0.00000      0.583709E-01   8.27425       0.00000    
   5.22224      0.746121E-02  0.418945E-03  0.125176E-03   0.00000      0.586026E-01   8.31776       0.00000    
   5.26087      0.737777E-02  0.415711E-03  0.124878E-03   0.00000      0.588339E-01   8.36005       0.00000    
   5.29980      0.729506E-02  0.412522E-03  0.124565E-03   0.00000      0.590699E-01   8.40109       0.00000    
   5.33901      0.721424E-02  0.409380E-03  0.124235E-03   0.00000      0.593015E-01   8.44077       0.00000    
   5.37851      0.713401E-02  0.406294E-03  0.123891E-03   0.00000      0.595407E-01   8.47900       0.00000    
   5.41830      0.705520E-02  0.403261E-03  0.123531E-03   0.00000      0.597797E-01   8.51571       0.00000    
   5.45839      0.697772E-02  0.400272E-03  0.123156E-03   0.00000      0.600182E-01   8.55109       0.00000    
   5.49878      0.690086E-02  0.397331E-03  0.122768E-03   0.00000      0.602629E-01   8.58507       0.00000    
   5.53946      0.682554E-02  0.394440E-03  0.122364E-03   0.00000      0.605057E-01   8.61753       0.00000    
   5.58044      0.675108E-02  0.391592E-03  0.121946E-03   0.00000      0.607518E-01   8.64856       0.00000    
   5.62173      0.667773E-02  0.388777E-03  0.121511E-03   0.00000      0.609973E-01   8.67824       0.00000    
   5.66332      0.660554E-02  0.386017E-03  0.121061E-03   0.00000      0.612449E-01   8.70614       0.00000    
   5.70522      0.653424E-02  0.383311E-03  0.120596E-03   0.00000      0.614968E-01   8.73222       0.00000    
   5.74744      0.646400E-02  0.380653E-03  0.120114E-03   0.00000      0.617503E-01   8.75648       0.00000    
   5.78996      0.639486E-02  0.378032E-03  0.119615E-03   0.00000      0.620036E-01   8.77906       0.00000    
   5.83280      0.632669E-02  0.375455E-03  0.119098E-03   0.00000      0.622588E-01   8.79979       0.00000    
   5.87595      0.625919E-02  0.372923E-03  0.118564E-03   0.00000      0.625188E-01   8.81855       0.00000    
   5.91943      0.619311E-02  0.370433E-03  0.118013E-03   0.00000      0.627758E-01   8.83548       0.00000    
   5.96322      0.612753E-02  0.367987E-03  0.117447E-03   0.00000      0.630393E-01   8.85054       0.00000    
   6.00734      0.606299E-02  0.365598E-03  0.116866E-03   0.00000      0.633059E-01   8.86343       0.00000    
   6.05179      0.599965E-02  0.363257E-03  0.116270E-03   0.00000      0.635722E-01   8.87428       0.00000    
   6.09656      0.593642E-02  0.360960E-03  0.115658E-03   0.00000      0.638493E-01   8.88322       0.00000    
   6.14167      0.587438E-02  0.358706E-03  0.115034E-03   0.00000      0.641258E-01   8.89028       0.00000    
   6.18711      0.581320E-02  0.356503E-03  0.114395E-03   0.00000      0.644064E-01   8.89522       0.00000    
   6.23289      0.575094E-02  0.354343E-03  0.113742E-03   0.00000      0.647114E-01   8.89817       0.00000    
   6.27900      0.568906E-02  0.352237E-03  0.113077E-03   0.00000      0.650269E-01   8.89895       0.00000    
   6.32546      0.562918E-02  0.350179E-03  0.112400E-03   0.00000      0.653338E-01   8.89773       0.00000    
   6.37226      0.557111E-02  0.348158E-03  0.111712E-03   0.00000      0.656317E-01   8.89486       0.00000    
   6.41940      0.551455E-02  0.346180E-03  0.111015E-03   0.00000      0.659246E-01   8.89017       0.00000    
   6.46690      0.545940E-02  0.344254E-03  0.110308E-03   0.00000      0.662151E-01   8.88339       0.00000    
   6.51474      0.540632E-02  0.342388E-03  0.109590E-03   0.00000      0.664961E-01   8.87432       0.00000    
   6.56294      0.535494E-02  0.340557E-03  0.108865E-03   0.00000      0.667672E-01   8.86368       0.00000    
   6.61150      0.530396E-02  0.338777E-03  0.108134E-03   0.00000      0.670472E-01   8.85127       0.00000    
   6.66042      0.525202E-02  0.337059E-03  0.107399E-03   0.00000      0.673562E-01   8.83683       0.00000    
   6.70970      0.520000E-02  0.335401E-03  0.106660E-03   0.00000      0.676831E-01   8.82055       0.00000    
   6.75934      0.514853E-02  0.333780E-03  0.105924E-03   0.00000      0.680164E-01   8.80333       0.00000    
   6.80935      0.509752E-02  0.332210E-03  0.105197E-03   0.00000      0.683602E-01   8.78545       0.00000    
   6.85973      0.504721E-02  0.330710E-03  0.104484E-03   0.00000      0.687158E-01   8.76664       0.00000    
   6.91048      0.499741E-02  0.329251E-03  0.103781E-03   0.00000      0.690798E-01   8.74753       0.00000    
   6.96161      0.494808E-02  0.327807E-03  0.103089E-03   0.00000      0.694482E-01   8.72867       0.00000    
   7.01312      0.489912E-02  0.326364E-03  0.102406E-03   0.00000      0.698193E-01   8.71040       0.00000    
   7.06500      0.485091E-02  0.324909E-03  0.101731E-03   0.00000      0.701855E-01   8.69284       0.00000    
   7.11728      0.480339E-02  0.323403E-03  0.101061E-03   0.00000      0.705388E-01   8.67680       0.00000    
   7.16993      0.475643E-02  0.321797E-03  0.100390E-03   0.00000      0.708710E-01   8.66308       0.00000    
   7.22298      0.470998E-02  0.320054E-03  0.997174E-04   0.00000      0.711740E-01   8.65258       0.00000    
   7.27642      0.466416E-02  0.318143E-03  0.990510E-04   0.00000      0.714395E-01   8.64676       0.00000    
   7.33026      0.461879E-02  0.316058E-03  0.984004E-04   0.00000      0.716684E-01   8.64664       0.00000    
   7.38449      0.457348E-02  0.313830E-03  0.977704E-04   0.00000      0.718724E-01   8.65194       0.00000    
   7.43913      0.452753E-02  0.311471E-03  0.971633E-04   0.00000      0.720646E-01   8.66265       0.00000    
   7.49417      0.448004E-02  0.308985E-03  0.965835E-04   0.00000      0.722601E-01   8.67918       0.00000    
   7.54961      0.442803E-02  0.306370E-03  0.960355E-04   0.00000      0.725084E-01   8.70212       0.00000    
   7.60547      0.436871E-02  0.303622E-03  0.955219E-04   0.00000      0.728576E-01   8.73199       0.00000    
   7.66174      0.430124E-02  0.300737E-03  0.950442E-04   0.00000      0.733272E-01   8.76926       0.00000    
   7.71843      0.418045E-02  0.297701E-03  0.946032E-04   0.00000      0.747218E-01   8.81460       0.00000    
   7.77553      0.398227E-02  0.294512E-03  0.942006E-04   0.00000      0.776469E-01   8.86851       0.00000    
   7.83306      0.380883E-02  0.291164E-03  0.938385E-04   0.00000      0.803166E-01   8.93174       0.00000    
   7.89102      0.372507E-02  0.287637E-03  0.935184E-04   0.00000      0.811950E-01   9.00536       0.00000    
   7.94940      0.367846E-02  0.283916E-03  0.932405E-04   0.00000      0.812392E-01   9.09030       0.00000    
   8.00821      0.363287E-02  0.280014E-03  0.930053E-04   0.00000      0.812183E-01   9.18682       0.00000    
   8.06746      0.358762E-02  0.275917E-03  0.928130E-04   0.00000      0.811427E-01   9.29596       0.00000    
   8.12715      0.354279E-02  0.271606E-03  0.926636E-04   0.00000      0.810034E-01   9.41903       0.00000    
   8.18728      0.349835E-02  0.267075E-03  0.925559E-04   0.00000      0.807975E-01   9.55699       0.00000    
   8.24786      0.345433E-02  0.262342E-03  0.924882E-04   0.00000      0.805273E-01   9.71001       0.00000    
   8.30888      0.341089E-02  0.257485E-03  0.924560E-04   0.00000      0.802082E-01   9.87593       0.00000    
   8.37035      0.336852E-02  0.252748E-03  0.924617E-04   0.00000      0.798956E-01   10.0469       0.00000    
   8.43228      0.332768E-02  0.248409E-03  0.925194E-04   0.00000      0.796589E-01   10.2139       0.00000    
   8.49467      0.328828E-02  0.244476E-03  0.926323E-04   0.00000      0.795056E-01   10.3759       0.00000    
   8.55752      0.324998E-02  0.240941E-03  0.927813E-04   0.00000      0.794428E-01   10.5303       0.00000    
   8.62083      0.320743E-02  0.238054E-03  0.929443E-04   0.00000      0.796760E-01   10.6637       0.00000    
   8.68462      0.315760E-02  0.235940E-03  0.931095E-04   0.00000      0.803293E-01   10.7679       0.00000    
   8.74887      0.311150E-02  0.234408E-03  0.932725E-04   0.00000      0.810808E-01   10.8490       0.00000    
   8.81360      0.307600E-02  0.233169E-03  0.934316E-04   0.00000      0.816618E-01   10.9180       0.00000    
   8.87881      0.304495E-02  0.232009E-03  0.935867E-04   0.00000      0.821600E-01   10.9840       0.00000    
   8.94450      0.301436E-02  0.230863E-03  0.937390E-04   0.00000      0.826604E-01   11.0495       0.00000    
   9.01068      0.298420E-02  0.229731E-03  0.938897E-04   0.00000      0.831636E-01   11.1148       0.00000    
   9.07734      0.295442E-02  0.228605E-03  0.940394E-04   0.00000      0.836684E-01   11.1802       0.00000    
   9.14450      0.292502E-02  0.227487E-03  0.941881E-04   0.00000      0.841755E-01   11.2457       0.00000    
   9.21216      0.289601E-02  0.226384E-03  0.943341E-04   0.00000      0.846862E-01   11.3108       0.00000    
   9.28032      0.286736E-02  0.225289E-03  0.944768E-04   0.00000      0.851992E-01   11.3756       0.00000    
   9.34898      0.283910E-02  0.224202E-03  0.946174E-04   0.00000      0.857136E-01   11.4403       0.00000    
   9.41815      0.281119E-02  0.223124E-03  0.947571E-04   0.00000      0.862308E-01   11.5050       0.00000    
   9.48783      0.278364E-02  0.222062E-03  0.948955E-04   0.00000      0.867525E-01   11.5694       0.00000    
   9.55803      0.275646E-02  0.221009E-03  0.950323E-04   0.00000      0.872767E-01   11.6337       0.00000    
   9.62875      0.272961E-02  0.219958E-03  0.951671E-04   0.00000      0.878014E-01   11.6981       0.00000    
   9.69999      0.270307E-02  0.218915E-03  0.952988E-04   0.00000      0.883284E-01   11.7623       0.00000    
   9.77175      0.267687E-02  0.217879E-03  0.954262E-04   0.00000      0.888574E-01   11.8262       0.00000    
   9.84405      0.265101E-02  0.216846E-03  0.955495E-04   0.00000      0.893863E-01   11.8899       0.00000    
   9.91688      0.262546E-02  0.215821E-03  0.956695E-04   0.00000      0.899175E-01   11.9534       0.00000    
   9.99025      0.260022E-02  0.214805E-03  0.957862E-04   0.00000      0.904518E-01   12.0165       0.00000    
   10.0642      0.257531E-02  0.213797E-03  0.958993E-04   0.00000      0.909873E-01   12.0794       0.00000    
   10.1386      0.255070E-02  0.212796E-03  0.960085E-04   0.00000      0.915245E-01   12.1419       0.00000    
   10.2136      0.252638E-02  0.211801E-03  0.961134E-04   0.00000      0.920640E-01   12.2041       0.00000    
   10.2892      0.250234E-02  0.210809E-03  0.962139E-04   0.00000      0.926043E-01   12.2660       0.00000    
   10.3653      0.247859E-02  0.209817E-03  0.963099E-04   0.00000      0.931436E-01   12.3280       0.00000    
   10.4420      0.245513E-02  0.208828E-03  0.964002E-04   0.00000      0.936832E-01   12.3896       0.00000    
   10.5193      0.243195E-02  0.207850E-03  0.964842E-04   0.00000      0.942260E-01   12.4504       0.00000    
   10.5971      0.240906E-02  0.206879E-03  0.965624E-04   0.00000      0.947694E-01   12.5106       0.00000    
   10.6755      0.238642E-02  0.205904E-03  0.966355E-04   0.00000      0.953114E-01   12.5709       0.00000    
   10.7545      0.236404E-02  0.204935E-03  0.967045E-04   0.00000      0.958550E-01   12.6308       0.00000    
   10.8341      0.234195E-02  0.203976E-03  0.967696E-04   0.00000      0.964012E-01   12.6902       0.00000    
   10.9142      0.232010E-02  0.203018E-03  0.968301E-04   0.00000      0.969474E-01   12.7495       0.00000    
   10.9950      0.229848E-02  0.202056E-03  0.968847E-04   0.00000      0.974919E-01   12.8087       0.00000    
   11.0763      0.227710E-02  0.201099E-03  0.969330E-04   0.00000      0.980378E-01   12.8674       0.00000    
   11.1583      0.225598E-02  0.200153E-03  0.969756E-04   0.00000      0.985859E-01   12.9253       0.00000    
   11.2408      0.223510E-02  0.199205E-03  0.970126E-04   0.00000      0.991330E-01   12.9830       0.00000    
   11.3240      0.221443E-02  0.198254E-03  0.970435E-04   0.00000      0.996784E-01   13.0406       0.00000    
   11.4078      0.219402E-02  0.197310E-03  0.970676E-04   0.00000      0.100224       13.0975       0.00000    
   11.4922      0.217382E-02  0.196371E-03  0.970844E-04   0.00000      0.100771       13.1538       0.00000    
   11.5772      0.215387E-02  0.195429E-03  0.970945E-04   0.00000      0.101316       13.2097       0.00000    
   11.6629      0.213408E-02  0.194486E-03  0.970978E-04   0.00000      0.101860       13.2654       0.00000    
   11.7492      0.211453E-02  0.193548E-03  0.970944E-04   0.00000      0.102404       13.3204       0.00000    
   11.8361      0.209519E-02  0.192611E-03  0.970843E-04   0.00000      0.102947       13.3751       0.00000    
   11.9237      0.207605E-02  0.191669E-03  0.970670E-04   0.00000      0.103488       13.4295       0.00000    
   12.0119      0.205709E-02  0.190730E-03  0.970423E-04   0.00000      0.104030       13.4834       0.00000    
   12.1007      0.203834E-02  0.189794E-03  0.970110E-04   0.00000      0.104570       13.5367       0.00000    
   12.1903      0.201977E-02  0.188855E-03  0.969729E-04   0.00000      0.105109       13.5897       0.00000    
   12.2805      0.200144E-02  0.187921E-03  0.969271E-04   0.00000      0.105647       13.6420       0.00000    
   12.3713      0.198326E-02  0.186991E-03  0.968730E-04   0.00000      0.106186       13.6935       0.00000    
   12.4629      0.196529E-02  0.186057E-03  0.968110E-04   0.00000      0.106721       13.7446       0.00000    
   12.5551      0.194747E-02  0.185117E-03  0.967414E-04   0.00000      0.107253       13.7957       0.00000    
   12.6480      0.192984E-02  0.184184E-03  0.966642E-04   0.00000      0.107785       13.8458       0.00000    
   12.7415      0.191242E-02  0.183259E-03  0.965790E-04   0.00000      0.108319       13.8948       0.00000    
   12.8358      0.189514E-02  0.182330E-03  0.964853E-04   0.00000      0.108849       13.9435       0.00000    
   12.9308      0.187803E-02  0.181395E-03  0.963831E-04   0.00000      0.109376       13.9918       0.00000    
   13.0264      0.186109E-02  0.180463E-03  0.962718E-04   0.00000      0.109902       14.0393       0.00000    
   13.1228      0.184430E-02  0.179533E-03  0.961510E-04   0.00000      0.110426       14.0859       0.00000    
   13.2199      0.182769E-02  0.178601E-03  0.960216E-04   0.00000      0.110947       14.1319       0.00000    
   13.3177      0.181122E-02  0.177668E-03  0.958842E-04   0.00000      0.111466       14.1774       0.00000    
   13.4163      0.179489E-02  0.176738E-03  0.957387E-04   0.00000      0.111986       14.2222       0.00000    
   13.5155      0.177874E-02  0.175810E-03  0.955842E-04   0.00000      0.112503       14.2660       0.00000    
   13.6155      0.176273E-02  0.174882E-03  0.954202E-04   0.00000      0.113018       14.3090       0.00000    
   13.7162      0.174687E-02  0.173957E-03  0.952471E-04   0.00000      0.113532       14.3511       0.00000    
   13.8177      0.173114E-02  0.173034E-03  0.950649E-04   0.00000      0.114045       14.3922       0.00000    
   13.9200      0.171557E-02  0.172105E-03  0.948724E-04   0.00000      0.114552       14.4328       0.00000    
   14.0229      0.170011E-02  0.171170E-03  0.946691E-04   0.00000      0.115054       14.4729       0.00000    
   14.1267      0.168480E-02  0.170237E-03  0.944554E-04   0.00000      0.115554       14.5118       0.00000    
   14.2312      0.166962E-02  0.169307E-03  0.942318E-04   0.00000      0.116053       14.5496       0.00000    
   14.3365      0.165457E-02  0.168373E-03  0.939995E-04   0.00000      0.116547       14.5869       0.00000    
   14.4426      0.163963E-02  0.167437E-03  0.937590E-04   0.00000      0.117039       14.6237       0.00000    
   14.5494      0.162484E-02  0.166506E-03  0.935095E-04   0.00000      0.117530       14.6592       0.00000    
   14.6571      0.161015E-02  0.165577E-03  0.932502E-04   0.00000      0.118020       14.6938       0.00000    
   14.7655      0.159560E-02  0.164643E-03  0.929809E-04   0.00000      0.118503       14.7277       0.00000    
   14.8748      0.158112E-02  0.163707E-03  0.927015E-04   0.00000      0.118986       14.7607       0.00000    
   14.9848      0.156681E-02  0.162779E-03  0.924127E-04   0.00000      0.119467       14.7922       0.00000    
   15.0957      0.155259E-02  0.161850E-03  0.921154E-04   0.00000      0.119946       14.8230       0.00000    
   15.2074      0.153850E-02  0.160914E-03  0.918098E-04   0.00000      0.120418       14.8535       0.00000    
   15.3199      0.152449E-02  0.159982E-03  0.914948E-04   0.00000      0.120891       14.8828       0.00000    
   15.4332      0.151061E-02  0.159053E-03  0.911697E-04   0.00000      0.121361       14.9107       0.00000    
   15.5474      0.149682E-02  0.158120E-03  0.908343E-04   0.00000      0.121827       14.9379       0.00000    
   15.6625      0.148314E-02  0.157192E-03  0.904881E-04   0.00000      0.122292       14.9635       0.00000    
   15.7783      0.146958E-02  0.156267E-03  0.901312E-04   0.00000      0.122754       14.9877       0.00000    
   15.8951      0.145612E-02  0.155335E-03  0.897649E-04   0.00000      0.123209       15.0113       0.00000    
   16.0127      0.144273E-02  0.154401E-03  0.893897E-04   0.00000      0.123662       15.0343       0.00000    
   16.1311      0.142944E-02  0.153473E-03  0.890046E-04   0.00000      0.124115       15.0555       0.00000    
   16.2505      0.141626E-02  0.152548E-03  0.886093E-04   0.00000      0.124565       15.0753       0.00000    
   16.3707      0.140316E-02  0.151617E-03  0.882047E-04   0.00000      0.125009       15.0946       0.00000    
   16.4918      0.139014E-02  0.150684E-03  0.877908E-04   0.00000      0.125450       15.1129       0.00000    
   16.6139      0.137721E-02  0.149756E-03  0.873671E-04   0.00000      0.125891       15.1296       0.00000    
   16.7368      0.136436E-02  0.148826E-03  0.869335E-04   0.00000      0.126327       15.1452       0.00000    
   16.8606      0.135160E-02  0.147891E-03  0.864906E-04   0.00000      0.126758       15.1602       0.00000    
   16.9854      0.133891E-02  0.146956E-03  0.860390E-04   0.00000      0.127186       15.1740       0.00000    
   17.1110      0.132631E-02  0.146025E-03  0.855788E-04   0.00000      0.127613       15.1863       0.00000    
   17.2376      0.131379E-02  0.145091E-03  0.851102E-04   0.00000      0.128035       15.1979       0.00000    
   17.3652      0.130134E-02  0.144154E-03  0.846332E-04   0.00000      0.128454       15.2086       0.00000    
   17.4936      0.128897E-02  0.143222E-03  0.841476E-04   0.00000      0.128873       15.2178       0.00000    
   17.6231      0.127668E-02  0.142293E-03  0.836539E-04   0.00000      0.129290       15.2256       0.00000    
   17.7535      0.126444E-02  0.141357E-03  0.831524E-04   0.00000      0.129701       15.2330       0.00000    
   17.8848      0.125228E-02  0.140417E-03  0.826427E-04   0.00000      0.130108       15.2395       0.00000    
   18.0171      0.124019E-02  0.139482E-03  0.821244E-04   0.00000      0.130515       15.2444       0.00000    
   18.1504      0.122817E-02  0.138548E-03  0.815978E-04   0.00000      0.130919       15.2480       0.00000    
   18.2847      0.121622E-02  0.137608E-03  0.810638E-04   0.00000      0.131316       15.2510       0.00000    
   18.4200      0.120432E-02  0.136663E-03  0.805228E-04   0.00000      0.131711       15.2534       0.00000    
   18.5563      0.119249E-02  0.135724E-03  0.799752E-04   0.00000      0.132105       15.2543       0.00000    
   18.6936      0.118073E-02  0.134782E-03  0.794204E-04   0.00000      0.132495       15.2544       0.00000    
   18.8319      0.116902E-02  0.133832E-03  0.788579E-04   0.00000      0.132878       15.2539       0.00000    
   18.9712      0.115738E-02  0.132884E-03  0.782882E-04   0.00000      0.133259       15.2521       0.00000    
   19.1116      0.114581E-02  0.131936E-03  0.777120E-04   0.00000      0.133637       15.2493       0.00000    
   19.2530      0.113428E-02  0.130983E-03  0.771301E-04   0.00000      0.134011       15.2460       0.00000    
   19.3954      0.112281E-02  0.130030E-03  0.765433E-04   0.00000      0.134382       15.2418       0.00000    
   19.5389      0.111141E-02  0.129078E-03  0.759517E-04   0.00000      0.134754       15.2366       0.00000    
   19.6835      0.110005E-02  0.128124E-03  0.753549E-04   0.00000      0.135121       15.2308       0.00000    
   19.8291      0.108876E-02  0.127165E-03  0.747521E-04   0.00000      0.135483       15.2243       0.00000    
   19.9758      0.107752E-02  0.126205E-03  0.741434E-04   0.00000      0.135842       15.2168       0.00000    
   20.1236      0.106633E-02  0.125242E-03  0.735297E-04   0.00000      0.136197       15.2086       0.00000    
   20.2725      0.105519E-02  0.124272E-03  0.729114E-04   0.00000      0.136546       15.2003       0.00000    
   20.4225      0.104411E-02  0.123301E-03  0.722887E-04   0.00000      0.136891       15.1911       0.00000    
   20.5736      0.103310E-02  0.122336E-03  0.716618E-04   0.00000      0.137237       15.1804       0.00000    
   20.7258      0.102214E-02  0.121369E-03  0.710307E-04   0.00000      0.137580       15.1691       0.00000    
   20.8792      0.101123E-02  0.120394E-03  0.703957E-04   0.00000      0.137915       15.1576       0.00000    
   21.0336      0.100037E-02  0.119418E-03  0.697565E-04   0.00000      0.138248       15.1453       0.00000    
   21.1893      0.989579E-03  0.118443E-03  0.691133E-04   0.00000      0.138577       15.1321       0.00000    
   21.3460      0.978836E-03  0.117460E-03  0.684676E-04   0.00000      0.138898       15.1190       0.00000    
   21.5040      0.968131E-03  0.116472E-03  0.678203E-04   0.00000      0.139215       15.1059       0.00000    
   21.6631      0.957485E-03  0.115485E-03  0.671708E-04   0.00000      0.139531       15.0920       0.00000    
   21.8233      0.946902E-03  0.114500E-03  0.665188E-04   0.00000      0.139845       15.0772       0.00000    
   21.9848      0.936365E-03  0.113508E-03  0.658651E-04   0.00000      0.140153       15.0626       0.00000    
   22.1475      0.925873E-03  0.112511E-03  0.652107E-04   0.00000      0.140454       15.0482       0.00000    
   22.3113      0.915447E-03  0.111515E-03  0.645551E-04   0.00000      0.140754       15.0331       0.00000    
   22.4764      0.905083E-03  0.110520E-03  0.638985E-04   0.00000      0.141051       15.0174       0.00000    
   22.6427      0.894767E-03  0.109522E-03  0.632415E-04   0.00000      0.141343       15.0018       0.00000    
   22.8102      0.884514E-03  0.108524E-03  0.625841E-04   0.00000      0.141633       14.9857       0.00000    
   22.9790      0.874328E-03  0.107531E-03  0.619253E-04   0.00000      0.141923       14.9685       0.00000    
   23.1490      0.864199E-03  0.106535E-03  0.612651E-04   0.00000      0.142206       14.9510       0.00000    
   23.3203      0.854110E-03  0.105530E-03  0.606039E-04   0.00000      0.142480       14.9340       0.00000    
   23.4928      0.844071E-03  0.104523E-03  0.599423E-04   0.00000      0.142750       14.9168       0.00000    
   23.6666      0.834102E-03  0.103518E-03  0.592816E-04   0.00000      0.143017       14.8993       0.00000    
   23.8417      0.824187E-03  0.102509E-03  0.586218E-04   0.00000      0.143277       14.8820       0.00000    
   24.0181      0.814333E-03  0.101499E-03  0.579627E-04   0.00000      0.143532       14.8647       0.00000    
   24.1958      0.804547E-03  0.100492E-03  0.573043E-04   0.00000      0.143786       14.8467       0.00000    
   24.3748      0.794824E-03  0.994830E-04  0.566472E-04   0.00000      0.144033       14.8289       0.00000    
   24.5552      0.785162E-03  0.984722E-04  0.559919E-04   0.00000      0.144273       14.8114       0.00000    
   24.7368      0.775567E-03  0.974661E-04  0.553383E-04   0.00000      0.144514       14.7933       0.00000    
   24.9199      0.766044E-03  0.964626E-04  0.546866E-04   0.00000      0.144751       14.7749       0.00000    
   25.1042      0.756573E-03  0.954561E-04  0.540368E-04   0.00000      0.144982       14.7569       0.00000    
   25.2900      0.747161E-03  0.944499E-04  0.533893E-04   0.00000      0.145210       14.7390       0.00000    
   25.4771      0.737826E-03  0.934488E-04  0.527442E-04   0.00000      0.145436       14.7206       0.00000    
   25.6656      0.728548E-03  0.924495E-04  0.521015E-04   0.00000      0.145660       14.7021       0.00000    
   25.8555      0.719333E-03  0.914500E-04  0.514612E-04   0.00000      0.145878       14.6838       0.00000    
   26.0468      0.710193E-03  0.904528E-04  0.508237E-04   0.00000      0.146092       14.6654       0.00000    
   26.2395      0.701122E-03  0.894579E-04  0.501890E-04   0.00000      0.146301       14.6470       0.00000    
   26.4336      0.692122E-03  0.884627E-04  0.495574E-04   0.00000      0.146503       14.6289       0.00000    
   26.6292      0.683180E-03  0.874664E-04  0.489290E-04   0.00000      0.146699       14.6114       0.00000    
   26.8262      0.674323E-03  0.864763E-04  0.483042E-04   0.00000      0.146892       14.5935       0.00000    
   27.0247      0.665536E-03  0.854916E-04  0.476835E-04   0.00000      0.147085       14.5754       0.00000    
   27.2246      0.656809E-03  0.845062E-04  0.470667E-04   0.00000      0.147272       14.5581       0.00000    
   27.4261      0.648152E-03  0.835234E-04  0.464537E-04   0.00000      0.147454       14.5409       0.00000    
   27.6290      0.639571E-03  0.825478E-04  0.458440E-04   0.00000      0.147636       14.5231       0.00000    
   27.8334      0.631060E-03  0.815757E-04  0.452377E-04   0.00000      0.147814       14.5052       0.00000    
   28.0393      0.622610E-03  0.806040E-04  0.446351E-04   0.00000      0.147986       14.4879       0.00000    
   28.2468      0.614240E-03  0.796372E-04  0.440366E-04   0.00000      0.148153       14.4705       0.00000    
   28.4558      0.605951E-03  0.786778E-04  0.434427E-04   0.00000      0.148320       14.4528       0.00000    
   28.6663      0.597744E-03  0.777211E-04  0.428533E-04   0.00000      0.148479       14.4356       0.00000    
   28.8784      0.589602E-03  0.767644E-04  0.422688E-04   0.00000      0.148630       14.4193       0.00000    
   29.0921      0.581535E-03  0.758137E-04  0.416891E-04   0.00000      0.148779       14.4029       0.00000    
   29.3073      0.573546E-03  0.748718E-04  0.411139E-04   0.00000      0.148929       14.3861       0.00000    
   29.5241      0.565635E-03  0.739339E-04  0.405437E-04   0.00000      0.149073       14.3697       0.00000    
   29.7426      0.557796E-03  0.729996E-04  0.399785E-04   0.00000      0.149212       14.3537       0.00000    
   29.9626      0.550034E-03  0.720718E-04  0.394182E-04   0.00000      0.149349       14.3378       0.00000    
   30.1843      0.542338E-03  0.711476E-04  0.388626E-04   0.00000      0.149482       14.3222       0.00000    
   30.4076      0.534718E-03  0.702283E-04  0.383117E-04   0.00000      0.149609       14.3069       0.00000    
   30.6326      0.527176E-03  0.693179E-04  0.377654E-04   0.00000      0.149737       14.2911       0.00000    
   30.8592      0.519716E-03  0.684138E-04  0.372237E-04   0.00000      0.149860       14.2752       0.00000    
   31.0876      0.512329E-03  0.675120E-04  0.366869E-04   0.00000      0.149974       14.2601       0.00000    
   31.3176      0.505020E-03  0.666163E-04  0.361555E-04   0.00000      0.150084       14.2453       0.00000    
   31.5493      0.497794E-03  0.657302E-04  0.356295E-04   0.00000      0.150194       14.2301       0.00000    
   31.7827      0.490638E-03  0.648494E-04  0.351088E-04   0.00000      0.150301       14.2153       0.00000    
   32.0178      0.483556E-03  0.639725E-04  0.345936E-04   0.00000      0.150400       14.2013       0.00000    
   32.2547      0.476549E-03  0.631044E-04  0.340837E-04   0.00000      0.150500       14.1871       0.00000    
   32.4934      0.469626E-03  0.622476E-04  0.335791E-04   0.00000      0.150603       14.1722       0.00000    
   32.7338      0.462776E-03  0.613969E-04  0.330796E-04   0.00000      0.150702       14.1575       0.00000    
   32.9760      0.455994E-03  0.605497E-04  0.325852E-04   0.00000      0.150793       14.1436       0.00000    
   33.2199      0.449296E-03  0.597103E-04  0.320962E-04   0.00000      0.150881       14.1297       0.00000    
   33.4657      0.442675E-03  0.588785E-04  0.316124E-04   0.00000      0.150965       14.1159       0.00000    
   33.7133      0.436127E-03  0.580512E-04  0.311341E-04   0.00000      0.151041       14.1028       0.00000    
   33.9628      0.429649E-03  0.572293E-04  0.306612E-04   0.00000      0.151113       14.0903       0.00000    
   34.2140      0.423252E-03  0.564181E-04  0.301936E-04   0.00000      0.151185       14.0773       0.00000    
   34.4672      0.416933E-03  0.556162E-04  0.297311E-04   0.00000      0.151258       14.0640       0.00000    
   34.7222      0.410682E-03  0.548192E-04  0.292742E-04   0.00000      0.151324       14.0514       0.00000    
   34.9791      0.404500E-03  0.540291E-04  0.288233E-04   0.00000      0.151388       14.0394       0.00000    
   35.2379      0.398395E-03  0.532510E-04  0.283779E-04   0.00000      0.151459       14.0268       0.00000    
   35.4986      0.392369E-03  0.524815E-04  0.279376E-04   0.00000      0.151527       14.0139       0.00000    
   35.7612      0.386412E-03  0.517151E-04  0.275020E-04   0.00000      0.151582       14.0020       0.00000    
   36.0258      0.380531E-03  0.509553E-04  0.270711E-04   0.00000      0.151630       13.9902       0.00000    
   36.2924      0.374725E-03  0.502052E-04  0.266452E-04   0.00000      0.151679       13.9780       0.00000    
   36.5609      0.368988E-03  0.494617E-04  0.262245E-04   0.00000      0.151722       13.9662       0.00000    
   36.8314      0.363316E-03  0.487239E-04  0.258093E-04   0.00000      0.151762       13.9552       0.00000    
   37.1039      0.357716E-03  0.479965E-04  0.253995E-04   0.00000      0.151804       13.9438       0.00000    
   37.3784      0.352190E-03  0.472809E-04  0.249950E-04   0.00000      0.151853       13.9316       0.00000    
   37.6550      0.346733E-03  0.465730E-04  0.245957E-04   0.00000      0.151900       13.9195       0.00000    
   37.9336      0.341344E-03  0.458699E-04  0.242014E-04   0.00000      0.151937       13.9083       0.00000    
   38.2142      0.336027E-03  0.451729E-04  0.238123E-04   0.00000      0.151966       13.8977       0.00000    
   38.4969      0.330777E-03  0.444824E-04  0.234278E-04   0.00000      0.151990       13.8874       0.00000    
   38.7818      0.325594E-03  0.437993E-04  0.230480E-04   0.00000      0.152010       13.8771       0.00000    
   39.0687      0.320483E-03  0.431259E-04  0.226730E-04   0.00000      0.152029       13.8663       0.00000    
   39.3578      0.315438E-03  0.424606E-04  0.223029E-04   0.00000      0.152048       13.8556       0.00000    
   39.6490      0.310456E-03  0.418032E-04  0.219381E-04   0.00000      0.152067       13.8451       0.00000    
   39.9423      0.305542E-03  0.411554E-04  0.215782E-04   0.00000      0.152088       13.8342       0.00000    
   40.2378      0.300698E-03  0.405160E-04  0.212229E-04   0.00000      0.152106       13.8231       0.00000    
   40.5355      0.295921E-03  0.398813E-04  0.208724E-04   0.00000      0.152112       13.8129       0.00000    
   40.8354      0.291202E-03  0.392514E-04  0.205267E-04   0.00000      0.152110       13.8038       0.00000    
   41.1376      0.286547E-03  0.386304E-04  0.201861E-04   0.00000      0.152109       13.7945       0.00000    
   41.4419      0.281956E-03  0.380186E-04  0.198505E-04   0.00000      0.152112       13.7851       0.00000    
   41.7485      0.277425E-03  0.374143E-04  0.195198E-04   0.00000      0.152113       13.7760       0.00000    
   42.0574      0.272957E-03  0.368184E-04  0.191935E-04   0.00000      0.152115       13.7665       0.00000    
   42.3686      0.268555E-03  0.362321E-04  0.188712E-04   0.00000      0.152118       13.7562       0.00000    
   42.6821      0.264218E-03  0.356518E-04  0.185531E-04   0.00000      0.152111       13.7462       0.00000    
   42.9978      0.259936E-03  0.350752E-04  0.182392E-04   0.00000      0.152091       13.7373       0.00000    
   43.3160      0.255709E-03  0.345050E-04  0.179296E-04   0.00000      0.152068       13.7288       0.00000    
   43.6365      0.251544E-03  0.339443E-04  0.176246E-04   0.00000      0.152049       13.7197       0.00000    
   43.9593      0.247437E-03  0.333921E-04  0.173240E-04   0.00000      0.152033       13.7103       0.00000    
   44.2845      0.243382E-03  0.328463E-04  0.170278E-04   0.00000      0.152014       13.7013       0.00000    
   44.6122      0.239388E-03  0.323080E-04  0.167359E-04   0.00000      0.151994       13.6923       0.00000    
   44.9423      0.235456E-03  0.317776E-04  0.164481E-04   0.00000      0.151969       13.6831       0.00000    
   45.2748      0.231582E-03  0.312534E-04  0.161643E-04   0.00000      0.151938       13.6740       0.00000    
   45.6097      0.227759E-03  0.307351E-04  0.158843E-04   0.00000      0.151902       13.6653       0.00000    
   45.9472      0.223991E-03  0.302243E-04  0.156082E-04   0.00000      0.151866       13.6562       0.00000    
   46.2871      0.220275E-03  0.297218E-04  0.153360E-04   0.00000      0.151834       13.6465       0.00000    
   46.6296      0.216612E-03  0.292261E-04  0.150679E-04   0.00000      0.151800       13.6370       0.00000    
   46.9746      0.213005E-03  0.287353E-04  0.148038E-04   0.00000      0.151755       13.6282       0.00000    
   47.3221      0.209451E-03  0.282503E-04  0.145433E-04   0.00000      0.151702       13.6197       0.00000    
   47.6723      0.205949E-03  0.277720E-04  0.142868E-04   0.00000      0.151646       13.6113       0.00000    
   48.0250      0.202495E-03  0.273001E-04  0.140341E-04   0.00000      0.151590       13.6031       0.00000    
   48.3803      0.199089E-03  0.268363E-04  0.137852E-04   0.00000      0.151539       13.5943       0.00000    
   48.7382      0.195733E-03  0.263801E-04  0.135399E-04   0.00000      0.151492       13.5849       0.00000    
   49.0988      0.192428E-03  0.259285E-04  0.132982E-04   0.00000      0.151433       13.5761       0.00000    
   49.4621      0.189173E-03  0.254824E-04  0.130599E-04   0.00000      0.151364       13.5677       0.00000    
   49.8281      0.185970E-03  0.250432E-04  0.128250E-04   0.00000      0.151294       13.5588       0.00000    
   50.1967      0.182812E-03  0.246104E-04  0.125934E-04   0.00000      0.151223       13.5496       0.00000    
   50.5681      0.179695E-03  0.241840E-04  0.123651E-04   0.00000      0.151155       13.5402       0.00000    
   50.9423      0.176626E-03  0.237648E-04  0.121400E-04   0.00000      0.151088       13.5299       0.00000    
   51.3192      0.173608E-03  0.233513E-04  0.119183E-04   0.00000      0.151013       13.5196       0.00000    
   51.6988      0.170634E-03  0.229419E-04  0.116999E-04   0.00000      0.150926       13.5103       0.00000    
   52.0813      0.167701E-03  0.225380E-04  0.114851E-04   0.00000      0.150838       13.5015       0.00000    
   52.4667      0.164813E-03  0.221416E-04  0.112736E-04   0.00000      0.150755       13.4917       0.00000    
   52.8549      0.161967E-03  0.217519E-04  0.110653E-04   0.00000      0.150676       13.4813       0.00000    
   53.2459      0.159164E-03  0.213670E-04  0.108599E-04   0.00000      0.150589       13.4711       0.00000    
   53.6399      0.156408E-03  0.209870E-04  0.106573E-04   0.00000      0.150491       13.4609       0.00000    
   54.0367      0.153697E-03  0.206138E-04  0.104579E-04   0.00000      0.150393       13.4500       0.00000    
   54.4365      0.151024E-03  0.202465E-04  0.102616E-04   0.00000      0.150297       13.4387       0.00000    
   54.8393      0.148387E-03  0.198840E-04  0.100680E-04   0.00000      0.150200       13.4274       0.00000    
   55.2450      0.145790E-03  0.195271E-04  0.987735E-05   0.00000      0.150100       13.4158       0.00000    
   55.6538      0.143236E-03  0.191752E-04  0.968932E-05   0.00000      0.149991       13.4039       0.00000    
   56.0655      0.140720E-03  0.188270E-04  0.950385E-05   0.00000      0.149870       13.3923       0.00000    
   56.4803      0.138239E-03  0.184839E-04  0.932120E-05   0.00000      0.149749       13.3806       0.00000    
   56.8982      0.135796E-03  0.181479E-04  0.914157E-05   0.00000      0.149639       13.3678       0.00000    
   57.3192      0.133392E-03  0.178178E-04  0.896473E-05   0.00000      0.149529       13.3542       0.00000    
   57.7433      0.131029E-03  0.174917E-04  0.879034E-05   0.00000      0.149404       13.3408       0.00000    
   58.1705      0.128701E-03  0.171698E-04  0.861838E-05   0.00000      0.149272       13.3272       0.00000    
   58.6009      0.126406E-03  0.168542E-04  0.844907E-05   0.00000      0.149150       13.3124       0.00000    
   59.0344      0.124145E-03  0.165441E-04  0.828236E-05   0.00000      0.149032       13.2968       0.00000    
   59.4712      0.121920E-03  0.162372E-04  0.811810E-05   0.00000      0.148897       13.2818       0.00000    
   59.9112      0.119733E-03  0.159346E-04  0.795637E-05   0.00000      0.148753       13.2668       0.00000    
   60.3545      0.117578E-03  0.156376E-04  0.779721E-05   0.00000      0.148614       13.2509       0.00000    
   60.8010      0.115451E-03  0.153450E-04  0.764059E-05   0.00000      0.148479       13.2348       0.00000    
   61.2509      0.113357E-03  0.150566E-04  0.748634E-05   0.00000      0.148337       13.2186       0.00000    
   61.7040      0.111301E-03  0.147726E-04  0.733420E-05   0.00000      0.148184       13.2016       0.00000    
   62.1606      0.109278E-03  0.144931E-04  0.718415E-05   0.00000      0.148026       13.1837       0.00000    
   62.6205      0.107280E-03  0.142181E-04  0.703652E-05   0.00000      0.147875       13.1654       0.00000    
   63.0838      0.105314E-03  0.139482E-04  0.689129E-05   0.00000      0.147728       13.1461       0.00000    
   63.5505      0.103382E-03  0.136827E-04  0.674811E-05   0.00000      0.147572       13.1259       0.00000    
   64.0207      0.101480E-03  0.134209E-04  0.660718E-05   0.00000      0.147410       13.1056       0.00000    
   64.4944      0.996030E-04  0.131635E-04  0.646865E-05   0.00000      0.147255       13.0850       0.00000    
   64.9715      0.977531E-04  0.129102E-04  0.633207E-05   0.00000      0.147100       13.0633       0.00000    
   65.4522      0.959369E-04  0.126607E-04  0.619720E-05   0.00000      0.146931       13.0404       0.00000    
   65.9365      0.941498E-04  0.124151E-04  0.606438E-05   0.00000      0.146756       13.0170       0.00000    
   66.4243      0.923866E-04  0.121733E-04  0.593368E-05   0.00000      0.146585       12.9930       0.00000    
   66.9158      0.906519E-04  0.119357E-04  0.580463E-05   0.00000      0.146410       12.9674       0.00000    
   67.4109      0.889486E-04  0.117017E-04  0.567705E-05   0.00000      0.146220       12.9401       0.00000    
   67.9096      0.872692E-04  0.114712E-04  0.555137E-05   0.00000      0.146029       12.9121       0.00000    
   68.4121      0.856135E-04  0.112450E-04  0.542776E-05   0.00000      0.145846       12.8829       0.00000    
   68.9182      0.839867E-04  0.110223E-04  0.530579E-05   0.00000      0.145652       12.8523       0.00000    
   69.4281      0.823858E-04  0.108027E-04  0.518543E-05   0.00000      0.145447       12.8208       0.00000    
   69.9418      0.808066E-04  0.105869E-04  0.506692E-05   0.00000      0.145248       12.7879       0.00000    
   70.4593      0.792538E-04  0.103751E-04  0.495002E-05   0.00000      0.145047       12.7530       0.00000    
   70.9806      0.777281E-04  0.101668E-04  0.483456E-05   0.00000      0.144835       12.7161       0.00000    
   71.5057      0.762235E-04  0.996158E-05  0.472081E-05   0.00000      0.144622       12.6782       0.00000    
   72.0348      0.747405E-04  0.975970E-05  0.460868E-05   0.00000      0.144408       12.6387       0.00000    
   72.5677      0.732852E-04  0.956129E-05  0.449780E-05   0.00000      0.144182       12.5966       0.00000    
   73.1046      0.718528E-04  0.936658E-05  0.438839E-05   0.00000      0.143956       12.5519       0.00000    
   73.6455      0.704402E-04  0.917535E-05  0.428061E-05   0.00000      0.143735       12.5053       0.00000    
   74.1904      0.690526E-04  0.898690E-05  0.417401E-05   0.00000      0.143498       12.4564       0.00000    
   74.7393      0.676859E-04  0.880147E-05  0.406861E-05   0.00000      0.143255       12.4047       0.00000    
   75.2923      0.663391E-04  0.861910E-05  0.396457E-05   0.00000      0.143011       12.3506       0.00000    
   75.8493      0.650147E-04  0.843902E-05  0.386164E-05   0.00000      0.142746       12.2943       0.00000    
   76.4105      0.637111E-04  0.826222E-05  0.375994E-05   0.00000      0.142480       12.2346       0.00000    
   76.9758      0.624269E-04  0.808899E-05  0.365962E-05   0.00000      0.142219       12.1715       0.00000    
   77.5454      0.611644E-04  0.791861E-05  0.356045E-05   0.00000      0.141949       12.1051       0.00000    
   78.1191      0.599218E-04  0.775184E-05  0.346257E-05   0.00000      0.141685       12.0346       0.00000    
   78.6971      0.586991E-04  0.758873E-05  0.336593E-05   0.00000      0.141428       11.9597       0.00000    
   79.2793      0.574960E-04  0.742825E-05  0.327043E-05   0.00000      0.141163       11.8812       0.00000    
   79.8659      0.563092E-04  0.727035E-05  0.317616E-05   0.00000      0.140898       11.7994       0.00000    
   80.4568      0.551434E-04  0.711592E-05  0.308301E-05   0.00000      0.140635       11.7125       0.00000    
   81.0521      0.539978E-04  0.696497E-05  0.299112E-05   0.00000      0.140377       11.6206       0.00000    
   81.6517      0.528684E-04  0.681632E-05  0.290044E-05   0.00000      0.140117       11.5252       0.00000    
   82.2558      0.517570E-04  0.667013E-05  0.281083E-05   0.00000      0.139850       11.4254       0.00000    
   82.8644      0.506638E-04  0.652739E-05  0.272243E-05   0.00000      0.139594       11.3200       0.00000    
   83.4775      0.495882E-04  0.638773E-05  0.263525E-05   0.00000      0.139347       11.2093       0.00000    
   84.0951      0.485285E-04  0.625069E-05  0.254934E-05   0.00000      0.139105       11.0940       0.00000    
   84.7173      0.474857E-04  0.611652E-05  0.246453E-05   0.00000      0.138871       10.9730       0.00000    
   85.3441      0.464593E-04  0.598528E-05  0.238075E-05   0.00000      0.138646       10.8455       0.00000    
   85.9755      0.454481E-04  0.585655E-05  0.229805E-05   0.00000      0.138428       10.7123       0.00000    
   86.6116      0.444511E-04  0.573001E-05  0.221645E-05   0.00000      0.138214       10.5736       0.00000    
   87.2525      0.434693E-04  0.560627E-05  0.213597E-05   0.00000      0.138014       10.4283       0.00000    
   87.8980      0.425035E-04  0.548558E-05  0.205662E-05   0.00000      0.137834       10.2758       0.00000    
   88.5483      0.415515E-04  0.536733E-05  0.197840E-05   0.00000      0.137669       10.1170       0.00000    
   89.2035      0.406135E-04  0.525142E-05  0.190126E-05   0.00000      0.137516       9.95134       0.00000    
   89.8635      0.396891E-04  0.513826E-05  0.182519E-05   0.00000      0.137388       9.77792       0.00000    
   90.5283      0.387787E-04  0.502764E-05  0.175026E-05   0.00000      0.137281       9.59721       0.00000    
   91.1981      0.378807E-04  0.491919E-05  0.167650E-05   0.00000      0.137195       9.40975       0.00000    
   91.8729      0.369967E-04  0.481326E-05  0.160384E-05   0.00000      0.137132       9.21438       0.00000    
   92.5526      0.361253E-04  0.470996E-05  0.153226E-05   0.00000      0.137105       9.01047       0.00000    
   93.2374      0.352655E-04  0.460897E-05  0.146184E-05   0.00000      0.137110       8.79881       0.00000    
   93.9272      0.344174E-04  0.450975E-05  0.139247E-05   0.00000      0.137135       8.57956       0.00000    
   94.6221      0.335805E-04  0.441251E-05  0.132417E-05   0.00000      0.137190       8.35212       0.00000    
   95.3222      0.327547E-04  0.431760E-05  0.125700E-05   0.00000      0.137289       8.11603       0.00000    
   96.0275      0.319407E-04  0.422483E-05  0.119091E-05   0.00000      0.137426       7.87115       0.00000    
   96.7379      0.311374E-04  0.413437E-05  0.112602E-05   0.00000      0.137615       7.61764       0.00000    
   97.4537      0.303446E-04  0.404644E-05  0.106227E-05   0.00000      0.137868       7.35471       0.00000    
   98.1747      0.295636E-04  0.396118E-05  0.999501E-06   0.00000      0.138188       7.08075       0.00000    
   98.9010      0.287952E-04  0.387884E-05  0.937688E-06   0.00000      0.138585       6.79510       0.00000    
   99.6328      0.280365E-04  0.379859E-05  0.876629E-06   0.00000      0.139048       6.49754       0.00000    
