   1.20444      0.770536E-01  0.290581E-04  0.330213E-05   0.00000      0.379543E-03   3.24160       0.00000    
   1.21335      0.759282E-01  0.291852E-04  0.331230E-05   0.00000      0.386847E-03   3.23746       0.00000    
   1.22233      0.748188E-01  0.293162E-04  0.332280E-05   0.00000      0.394338E-03   3.23325       0.00000    
   1.23137      0.737273E-01  0.294476E-04  0.333476E-05   0.00000      0.401965E-03   3.23044       0.00000    
   1.24048      0.726496E-01  0.295784E-04  0.334836E-05   0.00000      0.409739E-03   3.22927       0.00000    
   1.24966      0.715899E-01  0.297100E-04  0.336228E-05   0.00000      0.417652E-03   3.22834       0.00000    
   1.25891      0.705439E-01  0.298420E-04  0.337553E-05   0.00000      0.425724E-03   3.22675       0.00000    
   1.26822      0.695145E-01  0.299758E-04  0.338871E-05   0.00000      0.433963E-03   3.22490       0.00000    
   1.27760      0.684998E-01  0.301114E-04  0.340372E-05   0.00000      0.442383E-03   3.22460       0.00000    
   1.28706      0.674989E-01  0.302477E-04  0.342155E-05   0.00000      0.450979E-03   3.22687       0.00000    
   1.29658      0.665143E-01  0.303872E-04  0.344106E-05   0.00000      0.459771E-03   3.23034       0.00000    
   1.30617      0.655435E-01  0.305283E-04  0.346084E-05   0.00000      0.468755E-03   3.23386       0.00000    
   1.31583      0.645866E-01  0.306656E-04  0.348014E-05   0.00000      0.477846E-03   3.23731       0.00000    
   1.32557      0.636435E-01  0.307994E-04  0.349830E-05   0.00000      0.487048E-03   3.24004       0.00000    
   1.33538      0.627150E-01  0.309312E-04  0.351510E-05   0.00000      0.496377E-03   3.24171       0.00000    
   1.34526      0.617992E-01  0.310576E-04  0.353117E-05   0.00000      0.505794E-03   3.24326       0.00000    
   1.35521      0.608982E-01  0.311773E-04  0.354729E-05   0.00000      0.515260E-03   3.24554       0.00000    
   1.36524      0.600084E-01  0.312921E-04  0.356386E-05   0.00000      0.524834E-03   3.24871       0.00000    
   1.37534      0.591333E-01  0.314034E-04  0.358082E-05   0.00000      0.534502E-03   3.25258       0.00000    
   1.38551      0.582709E-01  0.315114E-04  0.359768E-05   0.00000      0.544287E-03   3.25666       0.00000    
   1.39576      0.574203E-01  0.316161E-04  0.361424E-05   0.00000      0.554194E-03   3.26078       0.00000    
   1.40609      0.565821E-01  0.317174E-04  0.363050E-05   0.00000      0.564215E-03   3.26495       0.00000    
   1.41649      0.557574E-01  0.318139E-04  0.364617E-05   0.00000      0.574313E-03   3.26905       0.00000    
   1.42697      0.549435E-01  0.319051E-04  0.366187E-05   0.00000      0.584502E-03   3.27370       0.00000    
   1.43753      0.541416E-01  0.319926E-04  0.367888E-05   0.00000      0.594800E-03   3.27987       0.00000    
   1.44817      0.533522E-01  0.320784E-04  0.369751E-05   0.00000      0.605239E-03   3.28758       0.00000    
   1.45888      0.525744E-01  0.321628E-04  0.371763E-05   0.00000      0.615831E-03   3.29672       0.00000    
   1.46968      0.518070E-01  0.322448E-04  0.373916E-05   0.00000      0.626575E-03   3.30728       0.00000    
   1.48055      0.510517E-01  0.323239E-04  0.376156E-05   0.00000      0.637433E-03   3.31885       0.00000    
   1.49150      0.503070E-01  0.323992E-04  0.378386E-05   0.00000      0.648406E-03   3.33067       0.00000    
   1.50254      0.495736E-01  0.324730E-04  0.380517E-05   0.00000      0.659528E-03   3.34171       0.00000    
   1.51366      0.488508E-01  0.325467E-04  0.382604E-05   0.00000      0.670836E-03   3.35233       0.00000    
   1.52486      0.481386E-01  0.326177E-04  0.384795E-05   0.00000      0.682276E-03   3.36408       0.00000    
   1.53614      0.474365E-01  0.326866E-04  0.387115E-05   0.00000      0.693877E-03   3.37710       0.00000    
   1.54750      0.467445E-01  0.327595E-04  0.389456E-05   0.00000      0.705757E-03   3.38985       0.00000    
   1.55895      0.460639E-01  0.328406E-04  0.391741E-05   0.00000      0.717990E-03   3.40121       0.00000    
   1.57049      0.453918E-01  0.329318E-04  0.393935E-05   0.00000      0.730673E-03   3.41070       0.00000    
   1.58211      0.447304E-01  0.330349E-04  0.396009E-05   0.00000      0.743822E-03   3.41788       0.00000    
   1.59381      0.440787E-01  0.331538E-04  0.397883E-05   0.00000      0.757547E-03   3.42170       0.00000    
   1.60560      0.434362E-01  0.332899E-04  0.399394E-05   0.00000      0.771905E-03   3.42067       0.00000    
   1.61748      0.428032E-01  0.334365E-04  0.400488E-05   0.00000      0.786752E-03   3.41506       0.00000    
   1.62945      0.421800E-01  0.335844E-04  0.401318E-05   0.00000      0.801880E-03   3.40714       0.00000    
   1.64151      0.415654E-01  0.337311E-04  0.402044E-05   0.00000      0.817263E-03   3.39853       0.00000    
   1.65365      0.409597E-01  0.338800E-04  0.402705E-05   0.00000      0.832979E-03   3.38924       0.00000    
   1.66588      0.403634E-01  0.340339E-04  0.403246E-05   0.00000      0.849086E-03   3.37856       0.00000    
   1.67821      0.397752E-01  0.341920E-04  0.403633E-05   0.00000      0.865602E-03   3.36627       0.00000    
   1.69063      0.391959E-01  0.343515E-04  0.403961E-05   0.00000      0.882444E-03   3.35349       0.00000    
   1.70313      0.386251E-01  0.345133E-04  0.404323E-05   0.00000      0.899658E-03   3.34086       0.00000    
   1.71574      0.380627E-01  0.346815E-04  0.404596E-05   0.00000      0.917347E-03   3.32704       0.00000    
   1.72843      0.375087E-01  0.348543E-04  0.404599E-05   0.00000      0.935472E-03   3.31071       0.00000    
   1.74122      0.369625E-01  0.350276E-04  0.404367E-05   0.00000      0.953945E-03   3.29261       0.00000    
   1.75410      0.364250E-01  0.352040E-04  0.404051E-05   0.00000      0.972826E-03   3.27371       0.00000    
   1.76708      0.358943E-01  0.353867E-04  0.403677E-05   0.00000      0.992252E-03   3.25397       0.00000    
   1.78015      0.353717E-01  0.355731E-04  0.403236E-05   0.00000      0.101213E-02   3.23356       0.00000    
   1.79332      0.348572E-01  0.357625E-04  0.402741E-05   0.00000      0.103246E-02   3.21266       0.00000    
   1.80659      0.343497E-01  0.359560E-04  0.402133E-05   0.00000      0.105329E-02   3.19072       0.00000    
   1.81996      0.338501E-01  0.361531E-04  0.401372E-05   0.00000      0.107460E-02   3.16752       0.00000    
   1.83342      0.333577E-01  0.363500E-04  0.400493E-05   0.00000      0.109630E-02   3.14365       0.00000    
   1.84699      0.328721E-01  0.365451E-04  0.399519E-05   0.00000      0.111836E-02   3.11947       0.00000    
   1.86065      0.323943E-01  0.367391E-04  0.398461E-05   0.00000      0.114077E-02   3.09497       0.00000    
   1.87442      0.319228E-01  0.369282E-04  0.397317E-05   0.00000      0.116347E-02   3.07047       0.00000    
   1.88829      0.314590E-01  0.371053E-04  0.396107E-05   0.00000      0.118618E-02   3.04669       0.00000    
   1.90226      0.310010E-01  0.372696E-04  0.394895E-05   0.00000      0.120894E-02   3.02415       0.00000    
   1.91633      0.305508E-01  0.374255E-04  0.393757E-05   0.00000      0.123179E-02   3.00302       0.00000    
   1.93051      0.301063E-01  0.375740E-04  0.392744E-05   0.00000      0.125484E-02   2.98360       0.00000    
   1.94479      0.296687E-01  0.377135E-04  0.391818E-05   0.00000      0.127800E-02   2.96568       0.00000    
   1.95918      0.292372E-01  0.378447E-04  0.390892E-05   0.00000      0.130129E-02   2.94854       0.00000    
   1.97368      0.288128E-01  0.379682E-04  0.389942E-05   0.00000      0.132468E-02   2.93192       0.00000    
   1.98828      0.283936E-01  0.380826E-04  0.388961E-05   0.00000      0.134822E-02   2.91587       0.00000    
   2.00299      0.279815E-01  0.381878E-04  0.387966E-05   0.00000      0.137178E-02   2.90051       0.00000    
   2.01781      0.275749E-01  0.382845E-04  0.387055E-05   0.00000      0.139546E-02   2.88648       0.00000    
   2.03274      0.271742E-01  0.383733E-04  0.386359E-05   0.00000      0.141926E-02   2.87471       0.00000    
   2.04778      0.267796E-01  0.384556E-04  0.385920E-05   0.00000      0.144321E-02   2.86536       0.00000    
   2.06293      0.263905E-01  0.385355E-04  0.385628E-05   0.00000      0.146750E-02   2.85731       0.00000    
   2.07819      0.260076E-01  0.386104E-04  0.385441E-05   0.00000      0.149196E-02   2.85043       0.00000    
   2.09357      0.256297E-01  0.386714E-04  0.385497E-05   0.00000      0.151633E-02   2.84637       0.00000    
   2.10906      0.252578E-01  0.387219E-04  0.385853E-05   0.00000      0.154066E-02   2.84529       0.00000    
   2.12466      0.248912E-01  0.387719E-04  0.386405E-05   0.00000      0.156537E-02   2.84568       0.00000    
   2.14038      0.245298E-01  0.388228E-04  0.387118E-05   0.00000      0.159052E-02   2.84718       0.00000    
   2.15622      0.241741E-01  0.388723E-04  0.388020E-05   0.00000      0.161601E-02   2.85016       0.00000    
   2.17217      0.238233E-01  0.389217E-04  0.389131E-05   0.00000      0.164191E-02   2.85468       0.00000    
   2.18824      0.234776E-01  0.389709E-04  0.390566E-05   0.00000      0.166824E-02   2.86153       0.00000    
   2.20443      0.231372E-01  0.390175E-04  0.392470E-05   0.00000      0.169486E-02   2.87198       0.00000    
   2.22074      0.228016E-01  0.390716E-04  0.394713E-05   0.00000      0.172227E-02   2.88431       0.00000    
   2.23717      0.224711E-01  0.391662E-04  0.396695E-05   0.00000      0.175187E-02   2.89174       0.00000    
   2.25372      0.221454E-01  0.393191E-04  0.397879E-05   0.00000      0.178457E-02   2.88911       0.00000    
   2.27040      0.218247E-01  0.395075E-04  0.398410E-05   0.00000      0.181940E-02   2.87924       0.00000    
   2.28720      0.215088E-01  0.397053E-04  0.398691E-05   0.00000      0.185528E-02   2.86700       0.00000    
   2.30412      0.211971E-01  0.399079E-04  0.398846E-05   0.00000      0.189209E-02   2.85364       0.00000    
   2.32117      0.208905E-01  0.401185E-04  0.398893E-05   0.00000      0.192989E-02   2.83909       0.00000    
   2.33834      0.205882E-01  0.403379E-04  0.398932E-05   0.00000      0.196884E-02   2.82402       0.00000    
   2.35564      0.202902E-01  0.405654E-04  0.399008E-05   0.00000      0.200891E-02   2.80882       0.00000    
   2.37307      0.199969E-01  0.407997E-04  0.399060E-05   0.00000      0.205004E-02   2.79315       0.00000    
   2.39063      0.197075E-01  0.410410E-04  0.399008E-05   0.00000      0.209233E-02   2.77647       0.00000    
   2.40831      0.194226E-01  0.412899E-04  0.398820E-05   0.00000      0.213576E-02   2.75854       0.00000    
   2.42613      0.191418E-01  0.415441E-04  0.398535E-05   0.00000      0.218030E-02   2.73982       0.00000    
   2.44408      0.188651E-01  0.418008E-04  0.398217E-05   0.00000      0.222580E-02   2.72094       0.00000    
   2.46217      0.185924E-01  0.420581E-04  0.397887E-05   0.00000      0.227221E-02   2.70217       0.00000    
   2.48038      0.183240E-01  0.423125E-04  0.397566E-05   0.00000      0.231929E-02   2.68386       0.00000    
   2.49873      0.180593E-01  0.425615E-04  0.397264E-05   0.00000      0.236701E-02   2.66623       0.00000    
   2.51722      0.177984E-01  0.428049E-04  0.396957E-05   0.00000      0.241530E-02   2.64912       0.00000    
   2.53585      0.175416E-01  0.430406E-04  0.396653E-05   0.00000      0.246403E-02   2.63269       0.00000    
   2.55461      0.172885E-01  0.432682E-04  0.396366E-05   0.00000      0.251320E-02   2.61704       0.00000    
   2.57351      0.170389E-01  0.434902E-04  0.396054E-05   0.00000      0.256296E-02   2.60172       0.00000    
   2.59255      0.167932E-01  0.437045E-04  0.395764E-05   0.00000      0.261315E-02   2.58714       0.00000    
   2.61173      0.165510E-01  0.439068E-04  0.395659E-05   0.00000      0.266358E-02   2.57460       0.00000    
   2.63105      0.163122E-01  0.441001E-04  0.395737E-05   0.00000      0.271437E-02   2.56388       0.00000    
   2.65052      0.160773E-01  0.442892E-04  0.395871E-05   0.00000      0.276575E-02   2.55385       0.00000    
   2.67013      0.158456E-01  0.444740E-04  0.396086E-05   0.00000      0.281782E-02   2.54467       0.00000    
   2.68988      0.156172E-01  0.446521E-04  0.396479E-05   0.00000      0.287042E-02   2.53707       0.00000    
   2.70979      0.153925E-01  0.448221E-04  0.397036E-05   0.00000      0.292334E-02   2.53103       0.00000    
   2.72983      0.151707E-01  0.449848E-04  0.397689E-05   0.00000      0.297681E-02   2.52606       0.00000    
   2.75003      0.149524E-01  0.451401E-04  0.398431E-05   0.00000      0.303065E-02   2.52208       0.00000    
   2.77038      0.147374E-01  0.452857E-04  0.399291E-05   0.00000      0.308476E-02   2.51941       0.00000    
   2.79088      0.145252E-01  0.454194E-04  0.400289E-05   0.00000      0.313907E-02   2.51828       0.00000    
   2.81152      0.143165E-01  0.455404E-04  0.401502E-05   0.00000      0.319332E-02   2.51920       0.00000    
   2.83233      0.141105E-01  0.456425E-04  0.403281E-05   0.00000      0.324724E-02   2.52467       0.00000    
   2.85328      0.139077E-01  0.457225E-04  0.405965E-05   0.00000      0.330049E-02   2.53696       0.00000    
   2.87439      0.137079E-01  0.457978E-04  0.409313E-05   0.00000      0.335429E-02   2.55359       0.00000    
   2.89566      0.135109E-01  0.458878E-04  0.412861E-05   0.00000      0.341006E-02   2.57058       0.00000    
   2.91708      0.133171E-01  0.459948E-04  0.416454E-05   0.00000      0.346796E-02   2.58683       0.00000    
   2.93866      0.131258E-01  0.461110E-04  0.420205E-05   0.00000      0.352756E-02   2.60346       0.00000    
   2.96041      0.129376E-01  0.462302E-04  0.424308E-05   0.00000      0.358835E-02   2.62200       0.00000    
   2.98231      0.127520E-01  0.463603E-04  0.428764E-05   0.00000      0.365103E-02   2.64199       0.00000    
   3.00437      0.125694E-01  0.465222E-04  0.433167E-05   0.00000      0.371724E-02   2.65973       0.00000    
   3.02660      0.123894E-01  0.467257E-04  0.437083E-05   0.00000      0.378789E-02   2.67202       0.00000    
   3.04900      0.122121E-01  0.469551E-04  0.440604E-05   0.00000      0.386186E-02   2.68033       0.00000    
   3.07155      0.120376E-01  0.471942E-04  0.444036E-05   0.00000      0.393787E-02   2.68748       0.00000    
   3.09428      0.118655E-01  0.474373E-04  0.447453E-05   0.00000      0.401566E-02   2.69425       0.00000    
   3.11717      0.116960E-01  0.476792E-04  0.450913E-05   0.00000      0.409472E-02   2.70126       0.00000    
   3.14024      0.115291E-01  0.479210E-04  0.454527E-05   0.00000      0.417518E-02   2.70913       0.00000    
   3.16347      0.113650E-01  0.481665E-04  0.458243E-05   0.00000      0.425729E-02   2.71730       0.00000    
   3.18687      0.112036E-01  0.484140E-04  0.461988E-05   0.00000      0.434093E-02   2.72546       0.00000    
   3.21045      0.110449E-01  0.486583E-04  0.465823E-05   0.00000      0.442563E-02   2.73423       0.00000    
   3.23421      0.108887E-01  0.488998E-04  0.469752E-05   0.00000      0.451155E-02   2.74362       0.00000    
   3.25814      0.107345E-01  0.491439E-04  0.473705E-05   0.00000      0.459935E-02   2.75290       0.00000    
   3.28224      0.105823E-01  0.493915E-04  0.477717E-05   0.00000      0.468916E-02   2.76224       0.00000    
   3.30653      0.104324E-01  0.496402E-04  0.481813E-05   0.00000      0.478062E-02   2.77191       0.00000    
   3.33099      0.102848E-01  0.498891E-04  0.485920E-05   0.00000      0.487373E-02   2.78154       0.00000    
   3.35563      0.101391E-01  0.501392E-04  0.490038E-05   0.00000      0.496868E-02   2.79105       0.00000    
   3.38046      0.999573E-02  0.503923E-04  0.494281E-05   0.00000      0.506558E-02   2.80102       0.00000    
   3.40547      0.985456E-02  0.506465E-04  0.498749E-05   0.00000      0.516426E-02   2.81208       0.00000    
   3.43067      0.971518E-02  0.509004E-04  0.503426E-05   0.00000      0.526483E-02   2.82421       0.00000    
   3.45605      0.957815E-02  0.511559E-04  0.508169E-05   0.00000      0.536718E-02   2.83650       0.00000    
   3.48162      0.944293E-02  0.514115E-04  0.512985E-05   0.00000      0.547148E-02   2.84906       0.00000    
   3.50738      0.930983E-02  0.516643E-04  0.518313E-05   0.00000      0.557730E-02   2.86446       0.00000    
   3.53333      0.917867E-02  0.519151E-04  0.524794E-05   0.00000      0.568488E-02   2.88613       0.00000    
   3.55947      0.904938E-02  0.521635E-04  0.532804E-05   0.00000      0.579431E-02   2.91601       0.00000    
   3.58581      0.892224E-02  0.524059E-04  0.542324E-05   0.00000      0.590499E-02   2.95412       0.00000    
   3.61234      0.879676E-02  0.526408E-04  0.553204E-05   0.00000      0.601707E-02   2.99961       0.00000    
   3.63906      0.867318E-02  0.528719E-04  0.565249E-05   0.00000      0.613075E-02   3.05113       0.00000    
   3.66599      0.855145E-02  0.530997E-04  0.578238E-05   0.00000      0.624615E-02   3.10742       0.00000    
   3.69311      0.843152E-02  0.533220E-04  0.592039E-05   0.00000      0.636299E-02   3.16782       0.00000    
   3.72043      0.831316E-02  0.535423E-04  0.606544E-05   0.00000      0.648187E-02   3.23155       0.00000    
   3.74796      0.819679E-02  0.537637E-04  0.621637E-05   0.00000      0.660281E-02   3.29774       0.00000    
   3.77569      0.808204E-02  0.539819E-04  0.637251E-05   0.00000      0.672563E-02   3.36627       0.00000    
   3.80363      0.796898E-02  0.541906E-04  0.653419E-05   0.00000      0.684945E-02   3.43771       0.00000    
   3.83177      0.785761E-02  0.543901E-04  0.670192E-05   0.00000      0.697432E-02   3.51227       0.00000    
   3.86012      0.774791E-02  0.545863E-04  0.687482E-05   0.00000      0.710095E-02   3.58913       0.00000    
   3.88868      0.763974E-02  0.547797E-04  0.705160E-05   0.00000      0.722954E-02   3.66757       0.00000    
   3.91745      0.753322E-02  0.549687E-04  0.723224E-05   0.00000      0.735972E-02   3.74768       0.00000    
   3.94643      0.742831E-02  0.551521E-04  0.741726E-05   0.00000      0.749143E-02   3.82980       0.00000    
   3.97563      0.732488E-02  0.553298E-04  0.760623E-05   0.00000      0.762472E-02   3.91372       0.00000    
   4.00504      0.722304E-02  0.555036E-04  0.779758E-05   0.00000      0.775971E-02   3.99851       0.00000    
   4.03468      0.712265E-02  0.556741E-04  0.799050E-05   0.00000      0.789658E-02   4.08373       0.00000    
   4.06453      0.702387E-02  0.558403E-04  0.818594E-05   0.00000      0.803505E-02   4.16995       0.00000    
   4.09460      0.692640E-02  0.560024E-04  0.838495E-05   0.00000      0.817547E-02   4.25767       0.00000    
   4.12489      0.683051E-02  0.561620E-04  0.858660E-05   0.00000      0.831776E-02   4.34632       0.00000    
   4.15541      0.673594E-02  0.563178E-04  0.878946E-05   0.00000      0.846201E-02   4.43526       0.00000    
   4.18616      0.664289E-02  0.564661E-04  0.899387E-05   0.00000      0.860738E-02   4.52500       0.00000    
   4.21713      0.655110E-02  0.566052E-04  0.920056E-05   0.00000      0.875396E-02   4.61603       0.00000    
   4.24833      0.646067E-02  0.567384E-04  0.940857E-05   0.00000      0.890204E-02   4.70766       0.00000    
   4.27976      0.637167E-02  0.568688E-04  0.961640E-05   0.00000      0.905196E-02   4.79891       0.00000    
   4.31143      0.628395E-02  0.569954E-04  0.982393E-05   0.00000      0.920375E-02   4.88980       0.00000    
   4.34332      0.619752E-02  0.571157E-04  0.100314E-04   0.00000      0.935695E-02   4.98073       0.00000    
   4.37546      0.611236E-02  0.572292E-04  0.102380E-04   0.00000      0.951150E-02   5.07131       0.00000    
   4.40783      0.602848E-02  0.573379E-04  0.104432E-04   0.00000      0.966764E-02   5.16119       0.00000    
   4.44044      0.594591E-02  0.574418E-04  0.106479E-04   0.00000      0.982531E-02   5.25081       0.00000    
   4.47330      0.586442E-02  0.575398E-04  0.108523E-04   0.00000      0.998466E-02   5.34040       0.00000    
   4.50639      0.578431E-02  0.576341E-04  0.110555E-04   0.00000      0.101455E-01   5.42935       0.00000    
   4.53974      0.570524E-02  0.577277E-04  0.112568E-04   0.00000      0.103089E-01   5.51703       0.00000    
   4.57332      0.562751E-02  0.578207E-04  0.114564E-04   0.00000      0.104744E-01   5.60362       0.00000    
   4.60716      0.555080E-02  0.579103E-04  0.116546E-04   0.00000      0.106420E-01   5.68948       0.00000    
   4.64125      0.547526E-02  0.579926E-04  0.118505E-04   0.00000      0.108106E-01   5.77453       0.00000    
   4.67559      0.540091E-02  0.580640E-04  0.120434E-04   0.00000      0.109796E-01   5.85895       0.00000    
   4.71018      0.532755E-02  0.581264E-04  0.122334E-04   0.00000      0.111496E-01   5.94258       0.00000    
   4.74503      0.525538E-02  0.581878E-04  0.124200E-04   0.00000      0.113215E-01   6.02441       0.00000    
   4.78013      0.518428E-02  0.582509E-04  0.126026E-04   0.00000      0.114960E-01   6.10391       0.00000    
   4.81550      0.511414E-02  0.583088E-04  0.127810E-04   0.00000      0.116722E-01   6.18172       0.00000    
   4.85113      0.504510E-02  0.583579E-04  0.129555E-04   0.00000      0.118488E-01   6.25838       0.00000    
   4.88702      0.497712E-02  0.584030E-04  0.131259E-04   0.00000      0.120270E-01   6.33328       0.00000    
   4.92318      0.491010E-02  0.584454E-04  0.132916E-04   0.00000      0.122070E-01   6.40613       0.00000    
   4.95960      0.484414E-02  0.584849E-04  0.134527E-04   0.00000      0.123886E-01   6.47695       0.00000    
   4.99630      0.477907E-02  0.585249E-04  0.136087E-04   0.00000      0.125728E-01   6.54515       0.00000    
   5.03326      0.471505E-02  0.585645E-04  0.137591E-04   0.00000      0.127589E-01   6.61061       0.00000    
   5.07050      0.465195E-02  0.585991E-04  0.139032E-04   0.00000      0.129464E-01   6.67358       0.00000    
   5.10802      0.458979E-02  0.586274E-04  0.140406E-04   0.00000      0.131346E-01   6.73401       0.00000    
   5.14581      0.452856E-02  0.586516E-04  0.141713E-04   0.00000      0.133242E-01   6.79169       0.00000    
   5.18388      0.446826E-02  0.586741E-04  0.142959E-04   0.00000      0.135154E-01   6.84663       0.00000    
   5.22224      0.440883E-02  0.586957E-04  0.144146E-04   0.00000      0.137088E-01   6.89888       0.00000    
   5.26087      0.435029E-02  0.587180E-04  0.145264E-04   0.00000      0.139044E-01   6.94779       0.00000    
   5.29980      0.429260E-02  0.587419E-04  0.146305E-04   0.00000      0.141025E-01   6.99286       0.00000    
   5.33901      0.423583E-02  0.587628E-04  0.147268E-04   0.00000      0.143018E-01   7.03467       0.00000    
   5.37851      0.417986E-02  0.587795E-04  0.148151E-04   0.00000      0.145023E-01   7.07323       0.00000    
   5.41830      0.412471E-02  0.587972E-04  0.148942E-04   0.00000      0.147051E-01   7.10741       0.00000    
   5.45839      0.407039E-02  0.588172E-04  0.149641E-04   0.00000      0.149103E-01   7.13711       0.00000    
   5.49878      0.401687E-02  0.588376E-04  0.150262E-04   0.00000      0.151178E-01   7.16312       0.00000    
   5.53946      0.396413E-02  0.588587E-04  0.150805E-04   0.00000      0.153274E-01   7.18546       0.00000    
   5.58044      0.391221E-02  0.588816E-04  0.151256E-04   0.00000      0.155394E-01   7.20337       0.00000    
   5.62173      0.386101E-02  0.589074E-04  0.151608E-04   0.00000      0.157542E-01   7.21640       0.00000    
   5.66332      0.381065E-02  0.589356E-04  0.151867E-04   0.00000      0.159712E-01   7.22488       0.00000    
   5.70522      0.376095E-02  0.589649E-04  0.152035E-04   0.00000      0.161909E-01   7.22913       0.00000    
   5.74744      0.371199E-02  0.589966E-04  0.152104E-04   0.00000      0.164132E-01   7.22854       0.00000    
   5.78996      0.366381E-02  0.590333E-04  0.152068E-04   0.00000      0.166385E-01   7.22257       0.00000    
   5.83280      0.361634E-02  0.590739E-04  0.151929E-04   0.00000      0.168669E-01   7.21149       0.00000    
   5.87595      0.356951E-02  0.591169E-04  0.151682E-04   0.00000      0.170981E-01   7.19528       0.00000    
   5.91943      0.352342E-02  0.591649E-04  0.151321E-04   0.00000      0.173324E-01   7.17326       0.00000    
   5.96322      0.347798E-02  0.592227E-04  0.150848E-04   0.00000      0.175716E-01   7.14508       0.00000    
   6.00734      0.343321E-02  0.592910E-04  0.150271E-04   0.00000      0.178159E-01   7.11096       0.00000    
   6.05179      0.338905E-02  0.593671E-04  0.149584E-04   0.00000      0.180648E-01   7.07109       0.00000    
   6.09656      0.334551E-02  0.594515E-04  0.148786E-04   0.00000      0.183186E-01   7.02523       0.00000    
   6.14167      0.330252E-02  0.595472E-04  0.147879E-04   0.00000      0.185785E-01   6.97334       0.00000    
   6.18711      0.325991E-02  0.596542E-04  0.146873E-04   0.00000      0.188458E-01   6.91575       0.00000    
   6.23289      0.321707E-02  0.597727E-04  0.145761E-04   0.00000      0.191243E-01   6.85229       0.00000    
   6.27900      0.317444E-02  0.599020E-04  0.144539E-04   0.00000      0.194116E-01   6.78289       0.00000    
   6.32546      0.313293E-02  0.600427E-04  0.143209E-04   0.00000      0.197026E-01   6.70753       0.00000    
   6.37226      0.309281E-02  0.601988E-04  0.141769E-04   0.00000      0.199966E-01   6.62587       0.00000    
   6.41940      0.305398E-02  0.603697E-04  0.140228E-04   0.00000      0.202938E-01   6.53843       0.00000    
   6.46690      0.301617E-02  0.605539E-04  0.138596E-04   0.00000      0.205955E-01   6.44591       0.00000    
   6.51474      0.297976E-02  0.607560E-04  0.136872E-04   0.00000      0.209006E-01   6.34785       0.00000    
   6.56294      0.294456E-02  0.609799E-04  0.135053E-04   0.00000      0.212112E-01   6.24392       0.00000    
   6.61150      0.290965E-02  0.612237E-04  0.133153E-04   0.00000      0.215335E-01   6.13498       0.00000    
   6.66042      0.287417E-02  0.614900E-04  0.131183E-04   0.00000      0.218755E-01   6.02146       0.00000    
   6.70970      0.283869E-02  0.617842E-04  0.129141E-04   0.00000      0.222354E-01   5.90299       0.00000    
   6.75934      0.280358E-02  0.621034E-04  0.127053E-04   0.00000      0.226102E-01   5.78110       0.00000    
   6.80935      0.276891E-02  0.624454E-04  0.124974E-04   0.00000      0.229996E-01   5.65865       0.00000    
   6.85973      0.273474E-02  0.628147E-04  0.122931E-04   0.00000      0.234049E-01   5.53652       0.00000    
   6.91048      0.270090E-02  0.632064E-04  0.120899E-04   0.00000      0.238263E-01   5.41425       0.00000    
   6.96161      0.266746E-02  0.636044E-04  0.118856E-04   0.00000      0.242573E-01   5.29232       0.00000    
   7.01312      0.263434E-02  0.639935E-04  0.116793E-04   0.00000      0.246933E-01   5.17152       0.00000    
   7.06500      0.260172E-02  0.643624E-04  0.114694E-04   0.00000      0.251281E-01   5.05202       0.00000    
   7.11728      0.256958E-02  0.646978E-04  0.112525E-04   0.00000      0.255563E-01   4.93319       0.00000    
   7.16993      0.253789E-02  0.649758E-04  0.110242E-04   0.00000      0.259682E-01   4.81473       0.00000    
   7.22298      0.250660E-02  0.651697E-04  0.107839E-04   0.00000      0.263527E-01   4.69791       0.00000    
   7.27642      0.247578E-02  0.652689E-04  0.105361E-04   0.00000      0.267043E-01   4.58498       0.00000    
   7.33026      0.244533E-02  0.652712E-04  0.102870E-04   0.00000      0.270217E-01   4.47819       0.00000    
   7.38449      0.241515E-02  0.651736E-04  0.100407E-04   0.00000      0.273036E-01   4.37911       0.00000    
   7.43913      0.238500E-02  0.649822E-04  0.979879E-05   0.00000      0.275542E-01   4.28757       0.00000    
   7.49417      0.235479E-02  0.647076E-04  0.956203E-05   0.00000      0.277776E-01   4.20297       0.00000    
   7.54961      0.232436E-02  0.643541E-04  0.933231E-05   0.00000      0.279764E-01   4.12561       0.00000    
   7.60547      0.229305E-02  0.639227E-04  0.911097E-05   0.00000      0.281584E-01   4.05590       0.00000    
   7.66174      0.225977E-02  0.634131E-04  0.889883E-05   0.00000      0.283367E-01   3.99411       0.00000    
   7.71843      0.222427E-02  0.628238E-04  0.869685E-05   0.00000      0.285140E-01   3.94076       0.00000    
   7.77553      0.218041E-02  0.621537E-04  0.850623E-05   0.00000      0.287713E-01   3.89649       0.00000    
   7.83306      0.211558E-02  0.614033E-04  0.832818E-05   0.00000      0.292900E-01   3.86197       0.00000    
   7.89102      0.204525E-02  0.605739E-04  0.816427E-05   0.00000      0.298847E-01   3.83809       0.00000    
   7.94940      0.199856E-02  0.596660E-04  0.801654E-05   0.00000      0.301227E-01   3.82613       0.00000    
   8.00821      0.196934E-02  0.586808E-04  0.788717E-05   0.00000      0.300652E-01   3.82757       0.00000    
   8.06746      0.194192E-02  0.576246E-04  0.777811E-05   0.00000      0.299432E-01   3.84363       0.00000    
   8.12715      0.191486E-02  0.565023E-04  0.769175E-05   0.00000      0.297794E-01   3.87606       0.00000    
   8.18728      0.188812E-02  0.553151E-04  0.763188E-05   0.00000      0.295739E-01   3.92778       0.00000    
   8.24786      0.186168E-02  0.540705E-04  0.760290E-05   0.00000      0.293296E-01   4.00196       0.00000    
   8.30888      0.183554E-02  0.527844E-04  0.760928E-05   0.00000      0.290542E-01   4.10156       0.00000    
   8.37035      0.180973E-02  0.514837E-04  0.765402E-05   0.00000      0.287610E-01   4.22808       0.00000    
   8.43228      0.178433E-02  0.502281E-04  0.773412E-05   0.00000      0.284814E-01   4.37683       0.00000    
   8.49467      0.175948E-02  0.491173E-04  0.783756E-05   0.00000      0.282690E-01   4.53308       0.00000    
   8.55752      0.173524E-02  0.482031E-04  0.795501E-05   0.00000      0.281547E-01   4.68556       0.00000    
   8.62083      0.171152E-02  0.474607E-04  0.808607E-05   0.00000      0.281298E-01   4.83443       0.00000    
   8.68462      0.168746E-02  0.469125E-04  0.821726E-05   0.00000      0.282238E-01   4.96761       0.00000    
   8.74887      0.166157E-02  0.466009E-04  0.832703E-05   0.00000      0.284905E-01   5.06557       0.00000    
   8.81360      0.163553E-02  0.464889E-04  0.840990E-05   0.00000      0.288857E-01   5.12699       0.00000    
   8.87881      0.161249E-02  0.464928E-04  0.847297E-05   0.00000      0.293079E-01   5.16419       0.00000    
   8.94450      0.159168E-02  0.465327E-04  0.852809E-05   0.00000      0.297220E-01   5.19270       0.00000    
   9.01068      0.157133E-02  0.465734E-04  0.858250E-05   0.00000      0.301385E-01   5.22063       0.00000    
   9.07734      0.155127E-02  0.466138E-04  0.863683E-05   0.00000      0.305602E-01   5.24850       0.00000    
   9.14450      0.153150E-02  0.466517E-04  0.869139E-05   0.00000      0.309855E-01   5.27672       0.00000    
   9.21216      0.151201E-02  0.466852E-04  0.874605E-05   0.00000      0.314135E-01   5.30542       0.00000    
   9.28032      0.149278E-02  0.467159E-04  0.880048E-05   0.00000      0.318450E-01   5.33426       0.00000    
   9.34898      0.147384E-02  0.467471E-04  0.885521E-05   0.00000      0.322820E-01   5.36317       0.00000    
   9.41815      0.145517E-02  0.467791E-04  0.891130E-05   0.00000      0.327249E-01   5.39273       0.00000    
   9.48783      0.143677E-02  0.468110E-04  0.896878E-05   0.00000      0.331734E-01   5.42309       0.00000    
   9.55803      0.141863E-02  0.468426E-04  0.902657E-05   0.00000      0.336272E-01   5.45361       0.00000    
   9.62875      0.140074E-02  0.468712E-04  0.908414E-05   0.00000      0.340844E-01   5.48427       0.00000    
   9.69999      0.138310E-02  0.468946E-04  0.914186E-05   0.00000      0.345438E-01   5.51558       0.00000    
   9.77175      0.136570E-02  0.469152E-04  0.919961E-05   0.00000      0.350068E-01   5.54718       0.00000    
   9.84405      0.134856E-02  0.469352E-04  0.925695E-05   0.00000      0.354743E-01   5.57858       0.00000    
   9.91688      0.133166E-02  0.469527E-04  0.931441E-05   0.00000      0.359460E-01   5.61028       0.00000    
   9.99025      0.131498E-02  0.469672E-04  0.937241E-05   0.00000      0.364214E-01   5.64263       0.00000    
   10.0642      0.129855E-02  0.469802E-04  0.943053E-05   0.00000      0.369008E-01   5.67519       0.00000    
   10.1386      0.128234E-02  0.469917E-04  0.948863E-05   0.00000      0.373848E-01   5.70787       0.00000    
   10.2136      0.126635E-02  0.470006E-04  0.954684E-05   0.00000      0.378729E-01   5.74090       0.00000    
   10.2892      0.125059E-02  0.470068E-04  0.960480E-05   0.00000      0.383644E-01   5.77408       0.00000    
   10.3653      0.123505E-02  0.470123E-04  0.966210E-05   0.00000      0.388606E-01   5.80693       0.00000    
   10.4420      0.121974E-02  0.470162E-04  0.971912E-05   0.00000      0.393612E-01   5.83979       0.00000    
   10.5193      0.120462E-02  0.470163E-04  0.977626E-05   0.00000      0.398649E-01   5.87316       0.00000    
   10.5971      0.118972E-02  0.470146E-04  0.983321E-05   0.00000      0.403725E-01   5.90662       0.00000    
   10.6755      0.117502E-02  0.470106E-04  0.989009E-05   0.00000      0.408843E-01   5.94031       0.00000    
   10.7545      0.116051E-02  0.470020E-04  0.994767E-05   0.00000      0.413984E-01   5.97497       0.00000    
   10.8341      0.114621E-02  0.469913E-04  0.100059E-04   0.00000      0.419161E-01   6.01024       0.00000    
   10.9142      0.113211E-02  0.469800E-04  0.100637E-04   0.00000      0.424390E-01   6.04537       0.00000    
   10.9950      0.111820E-02  0.469657E-04  0.101207E-04   0.00000      0.429652E-01   6.08041       0.00000    
   11.0763      0.110448E-02  0.469480E-04  0.101775E-04   0.00000      0.434943E-01   6.11575       0.00000    
   11.1583      0.109095E-02  0.469283E-04  0.102343E-04   0.00000      0.440271E-01   6.15135       0.00000    
   11.2408      0.107760E-02  0.469077E-04  0.102905E-04   0.00000      0.445649E-01   6.18671       0.00000    
   11.3240      0.106443E-02  0.468850E-04  0.103461E-04   0.00000      0.451068E-01   6.22199       0.00000    
   11.4078      0.105144E-02  0.468561E-04  0.104015E-04   0.00000      0.456487E-01   6.25799       0.00000    
   11.4922      0.103861E-02  0.468222E-04  0.104565E-04   0.00000      0.461922E-01   6.29445       0.00000    
   11.5772      0.102597E-02  0.467874E-04  0.105106E-04   0.00000      0.467395E-01   6.33056       0.00000    
   11.6629      0.101348E-02  0.467508E-04  0.105643E-04   0.00000      0.472919E-01   6.36666       0.00000    
   11.7492      0.100117E-02  0.467105E-04  0.106179E-04   0.00000      0.478461E-01   6.40324       0.00000    
   11.8361      0.989030E-03  0.466680E-04  0.106710E-04   0.00000      0.484035E-01   6.43983       0.00000    
   11.9237      0.977054E-03  0.466227E-04  0.107233E-04   0.00000      0.489635E-01   6.47645       0.00000    
   12.0119      0.965218E-03  0.465729E-04  0.107753E-04   0.00000      0.495258E-01   6.51349       0.00000    
   12.1007      0.953548E-03  0.465206E-04  0.108270E-04   0.00000      0.500907E-01   6.55075       0.00000    
   12.1903      0.942026E-03  0.464661E-04  0.108783E-04   0.00000      0.506594E-01   6.58821       0.00000    
   12.2805      0.930671E-03  0.464077E-04  0.109296E-04   0.00000      0.512290E-01   6.62618       0.00000    
   12.3713      0.919446E-03  0.463467E-04  0.109804E-04   0.00000      0.518026E-01   6.66435       0.00000    
   12.4629      0.908388E-03  0.462842E-04  0.110303E-04   0.00000      0.523790E-01   6.70224       0.00000    
   12.5551      0.897462E-03  0.462186E-04  0.110792E-04   0.00000      0.529582E-01   6.74006       0.00000    
   12.6480      0.886679E-03  0.461493E-04  0.111274E-04   0.00000      0.535390E-01   6.77810       0.00000    
   12.7415      0.876045E-03  0.460782E-04  0.111746E-04   0.00000      0.541226E-01   6.81589       0.00000    
   12.8358      0.865538E-03  0.460049E-04  0.112205E-04   0.00000      0.547099E-01   6.85337       0.00000    
   12.9308      0.855172E-03  0.459267E-04  0.112657E-04   0.00000      0.552967E-01   6.89119       0.00000    
   13.0264      0.844937E-03  0.458429E-04  0.113100E-04   0.00000      0.558828E-01   6.92942       0.00000    
   13.1228      0.834824E-03  0.457561E-04  0.113527E-04   0.00000      0.564712E-01   6.96722       0.00000    
   13.2199      0.824859E-03  0.456685E-04  0.113937E-04   0.00000      0.570623E-01   7.00426       0.00000    
   13.3177      0.815021E-03  0.455786E-04  0.114339E-04   0.00000      0.576560E-01   7.04134       0.00000    
   13.4163      0.805288E-03  0.454850E-04  0.114739E-04   0.00000      0.582523E-01   7.07896       0.00000    
   13.5155      0.795695E-03  0.453895E-04  0.115133E-04   0.00000      0.588503E-01   7.11662       0.00000    
   13.6155      0.786225E-03  0.452916E-04  0.115518E-04   0.00000      0.594507E-01   7.15422       0.00000    
   13.7162      0.776866E-03  0.451906E-04  0.115894E-04   0.00000      0.600528E-01   7.19191       0.00000    
   13.8177      0.767623E-03  0.450877E-04  0.116257E-04   0.00000      0.606578E-01   7.22929       0.00000    
   13.9200      0.758511E-03  0.449822E-04  0.116603E-04   0.00000      0.612634E-01   7.26619       0.00000    
   14.0229      0.749496E-03  0.448721E-04  0.116932E-04   0.00000      0.618692E-01   7.30294       0.00000    
   14.1267      0.740598E-03  0.447577E-04  0.117244E-04   0.00000      0.624737E-01   7.33950       0.00000    
   14.2312      0.731813E-03  0.446412E-04  0.117536E-04   0.00000      0.630798E-01   7.37532       0.00000    
   14.3365      0.723135E-03  0.445230E-04  0.117809E-04   0.00000      0.636883E-01   7.41050       0.00000    
   14.4426      0.714558E-03  0.444007E-04  0.118075E-04   0.00000      0.642969E-01   7.44600       0.00000    
   14.5494      0.706097E-03  0.442747E-04  0.118334E-04   0.00000      0.649044E-01   7.48188       0.00000    
   14.6571      0.697723E-03  0.441485E-04  0.118575E-04   0.00000      0.655176E-01   7.51693       0.00000    
   14.7655      0.689481E-03  0.440211E-04  0.118797E-04   0.00000      0.661307E-01   7.55114       0.00000    
   14.8748      0.681307E-03  0.438887E-04  0.119003E-04   0.00000      0.667444E-01   7.58545       0.00000    
   14.9848      0.673256E-03  0.437527E-04  0.119197E-04   0.00000      0.673552E-01   7.61972       0.00000    
   15.0957      0.665286E-03  0.436166E-04  0.119375E-04   0.00000      0.679718E-01   7.65328       0.00000    
   15.2074      0.657434E-03  0.434796E-04  0.119541E-04   0.00000      0.685894E-01   7.68641       0.00000    
   15.3199      0.649652E-03  0.433388E-04  0.119698E-04   0.00000      0.692085E-01   7.71985       0.00000    
   15.4332      0.641978E-03  0.431956E-04  0.119839E-04   0.00000      0.698266E-01   7.75289       0.00000    
   15.5474      0.634389E-03  0.430510E-04  0.119954E-04   0.00000      0.704472E-01   7.78480       0.00000    
   15.6625      0.626887E-03  0.429025E-04  0.120048E-04   0.00000      0.710662E-01   7.81625       0.00000    
   15.7783      0.619479E-03  0.427510E-04  0.120122E-04   0.00000      0.716837E-01   7.84718       0.00000    
   15.8951      0.612165E-03  0.425985E-04  0.120171E-04   0.00000      0.723026E-01   7.87691       0.00000    
   16.0127      0.604930E-03  0.424432E-04  0.120200E-04   0.00000      0.729215E-01   7.90613       0.00000    
   16.1311      0.597776E-03  0.422839E-04  0.120215E-04   0.00000      0.735386E-01   7.93534       0.00000    
   16.2505      0.590711E-03  0.421242E-04  0.120209E-04   0.00000      0.741578E-01   7.96354       0.00000    
   16.3707      0.583731E-03  0.419646E-04  0.120180E-04   0.00000      0.747802E-01   7.99042       0.00000    
   16.4918      0.576827E-03  0.418013E-04  0.120132E-04   0.00000      0.754008E-01   8.01699       0.00000    
   16.6139      0.569999E-03  0.416349E-04  0.120065E-04   0.00000      0.760204E-01   8.04311       0.00000    
   16.7368      0.563252E-03  0.414689E-04  0.119972E-04   0.00000      0.766432E-01   8.06773       0.00000    
   16.8606      0.556588E-03  0.413015E-04  0.119857E-04   0.00000      0.772664E-01   8.09138       0.00000    
   16.9854      0.549992E-03  0.411292E-04  0.119728E-04   0.00000      0.778855E-01   8.11522       0.00000    
   17.1110      0.543470E-03  0.409531E-04  0.119583E-04   0.00000      0.785017E-01   8.13892       0.00000    
   17.2376      0.537022E-03  0.407763E-04  0.119416E-04   0.00000      0.791196E-01   8.16148       0.00000    
   17.3652      0.530650E-03  0.405982E-04  0.119228E-04   0.00000      0.797375E-01   8.18316       0.00000    
   17.4936      0.524348E-03  0.404180E-04  0.119023E-04   0.00000      0.803551E-01   8.20431       0.00000    
   17.6231      0.518119E-03  0.402372E-04  0.118796E-04   0.00000      0.809740E-01   8.22437       0.00000    
   17.7535      0.511956E-03  0.400540E-04  0.118546E-04   0.00000      0.815920E-01   8.24344       0.00000    
   17.8848      0.505865E-03  0.398668E-04  0.118274E-04   0.00000      0.822042E-01   8.26213       0.00000    
   18.0171      0.499833E-03  0.396776E-04  0.117985E-04   0.00000      0.828169E-01   8.28015       0.00000    
   18.1504      0.493871E-03  0.394883E-04  0.117673E-04   0.00000      0.834313E-01   8.29690       0.00000    
   18.2847      0.487981E-03  0.392974E-04  0.117339E-04   0.00000      0.840439E-01   8.31264       0.00000    
   18.4200      0.482146E-03  0.391018E-04  0.116990E-04   0.00000      0.846515E-01   8.32839       0.00000    
   18.5563      0.476374E-03  0.389026E-04  0.116625E-04   0.00000      0.852548E-01   8.34399       0.00000    
   18.6936      0.470665E-03  0.387035E-04  0.116235E-04   0.00000      0.858597E-01   8.35809       0.00000    
   18.8319      0.465020E-03  0.385024E-04  0.115819E-04   0.00000      0.864620E-01   8.37089       0.00000    
   18.9712      0.459430E-03  0.382967E-04  0.115384E-04   0.00000      0.870581E-01   8.38349       0.00000    
   19.1116      0.453900E-03  0.380889E-04  0.114931E-04   0.00000      0.876517E-01   8.39546       0.00000    
   19.2530      0.448428E-03  0.378808E-04  0.114462E-04   0.00000      0.882468E-01   8.40645       0.00000    
   19.3954      0.443019E-03  0.376706E-04  0.113979E-04   0.00000      0.888385E-01   8.41709       0.00000    
   19.5389      0.437663E-03  0.374591E-04  0.113482E-04   0.00000      0.894303E-01   8.42708       0.00000    
   19.6835      0.432370E-03  0.372476E-04  0.112964E-04   0.00000      0.900222E-01   8.43569       0.00000    
   19.8291      0.427133E-03  0.370336E-04  0.112426E-04   0.00000      0.906099E-01   8.44354       0.00000    
   19.9758      0.421942E-03  0.368150E-04  0.111871E-04   0.00000      0.911906E-01   8.45134       0.00000    
   20.1236      0.416807E-03  0.365937E-04  0.111297E-04   0.00000      0.917660E-01   8.45841       0.00000    
   20.2725      0.411729E-03  0.363709E-04  0.110704E-04   0.00000      0.923383E-01   8.46446       0.00000    
   20.4225      0.406699E-03  0.361453E-04  0.110097E-04   0.00000      0.929061E-01   8.47023       0.00000    
   20.5736      0.401722E-03  0.359184E-04  0.109475E-04   0.00000      0.934717E-01   8.47532       0.00000    
   20.7258      0.396797E-03  0.356913E-04  0.108834E-04   0.00000      0.940375E-01   8.47908       0.00000    
   20.8792      0.391926E-03  0.354608E-04  0.108177E-04   0.00000      0.945947E-01   8.48247       0.00000    
   21.0336      0.387095E-03  0.352257E-04  0.107509E-04   0.00000      0.951440E-01   8.48608       0.00000    
   21.1893      0.382313E-03  0.349883E-04  0.106825E-04   0.00000      0.956878E-01   8.48912       0.00000    
   21.3460      0.377588E-03  0.347504E-04  0.106123E-04   0.00000      0.962284E-01   8.49096       0.00000    
   21.5040      0.372910E-03  0.345114E-04  0.105408E-04   0.00000      0.967666E-01   8.49210       0.00000    
   21.6631      0.368277E-03  0.342696E-04  0.104685E-04   0.00000      0.972986E-01   8.49326       0.00000    
   21.8233      0.363693E-03  0.340260E-04  0.103950E-04   0.00000      0.978252E-01   8.49399       0.00000    
   21.9848      0.359159E-03  0.337821E-04  0.103200E-04   0.00000      0.983501E-01   8.49364       0.00000    
   22.1475      0.354669E-03  0.335360E-04  0.102441E-04   0.00000      0.988689E-01   8.49303       0.00000    
   22.3113      0.350222E-03  0.332856E-04  0.101676E-04   0.00000      0.993768E-01   8.49304       0.00000    
   22.4764      0.345820E-03  0.330338E-04  0.100902E-04   0.00000      0.998799E-01   8.49268       0.00000    
   22.6427      0.341463E-03  0.327823E-04  0.100116E-04   0.00000      0.100383       8.49126       0.00000    
   22.8102      0.337152E-03  0.325283E-04  0.993226E-05   0.00000      0.100877       8.48981       0.00000    
   22.9790      0.332880E-03  0.322712E-04  0.985196E-05   0.00000      0.101363       8.48837       0.00000    
   23.1490      0.328656E-03  0.320132E-04  0.977010E-05   0.00000      0.101842       8.48582       0.00000    
   23.3203      0.324474E-03  0.317532E-04  0.968690E-05   0.00000      0.102313       8.48265       0.00000    
   23.4928      0.320327E-03  0.314893E-04  0.960317E-05   0.00000      0.102773       8.47998       0.00000    
   23.6666      0.316224E-03  0.312239E-04  0.951915E-05   0.00000      0.103226       8.47737       0.00000    
   23.8417      0.312166E-03  0.309595E-04  0.943446E-05   0.00000      0.103679       8.47391       0.00000    
   24.0181      0.308153E-03  0.306950E-04  0.934910E-05   0.00000      0.104128       8.46987       0.00000    
   24.1958      0.304179E-03  0.304288E-04  0.926323E-05   0.00000      0.104568       8.46574       0.00000    
   24.3748      0.300247E-03  0.301612E-04  0.917663E-05   0.00000      0.105001       8.46125       0.00000    
   24.5552      0.296356E-03  0.298917E-04  0.908948E-05   0.00000      0.105424       8.45675       0.00000    
   24.7368      0.292500E-03  0.296198E-04  0.900225E-05   0.00000      0.105838       8.45272       0.00000    
   24.9199      0.288689E-03  0.293475E-04  0.891477E-05   0.00000      0.106244       8.44851       0.00000    
   25.1042      0.284917E-03  0.290750E-04  0.882689E-05   0.00000      0.106646       8.44389       0.00000    
   25.2900      0.281182E-03  0.288016E-04  0.873885E-05   0.00000      0.107042       8.43929       0.00000    
   25.4771      0.277490E-03  0.285278E-04  0.865071E-05   0.00000      0.107429       8.43463       0.00000    
   25.6656      0.273835E-03  0.282542E-04  0.856209E-05   0.00000      0.107813       8.42939       0.00000    
   25.8555      0.270219E-03  0.279803E-04  0.847298E-05   0.00000      0.108190       8.42365       0.00000    
   26.0468      0.266643E-03  0.277053E-04  0.838385E-05   0.00000      0.108557       8.41812       0.00000    
   26.2395      0.263102E-03  0.274299E-04  0.829476E-05   0.00000      0.108919       8.41260       0.00000    
   26.4336      0.259604E-03  0.271549E-04  0.820544E-05   0.00000      0.109273       8.40665       0.00000    
   26.6292      0.256137E-03  0.268790E-04  0.811619E-05   0.00000      0.109620       8.40093       0.00000    
   26.8262      0.252710E-03  0.266012E-04  0.802735E-05   0.00000      0.109952       8.39602       0.00000    
   27.0247      0.249319E-03  0.263235E-04  0.793857E-05   0.00000      0.110279       8.39105       0.00000    
   27.2246      0.245966E-03  0.260471E-04  0.784949E-05   0.00000      0.110601       8.38530       0.00000    
   27.4261      0.242653E-03  0.257711E-04  0.776043E-05   0.00000      0.110916       8.37930       0.00000    
   27.6290      0.239374E-03  0.254949E-04  0.767167E-05   0.00000      0.111224       8.37354       0.00000    
   27.8334      0.236132E-03  0.252191E-04  0.758300E-05   0.00000      0.111525       8.36761       0.00000    
   28.0393      0.232926E-03  0.249445E-04  0.749438E-05   0.00000      0.111821       8.36125       0.00000    
   28.2468      0.229757E-03  0.246695E-04  0.740631E-05   0.00000      0.112107       8.35543       0.00000    
   28.4558      0.226618E-03  0.243937E-04  0.731894E-05   0.00000      0.112383       8.35053       0.00000    
   28.6663      0.223519E-03  0.241193E-04  0.723171E-05   0.00000      0.112653       8.34518       0.00000    
   28.8784      0.220456E-03  0.238465E-04  0.714445E-05   0.00000      0.112920       8.33914       0.00000    
   29.0921      0.217427E-03  0.235735E-04  0.705765E-05   0.00000      0.113175       8.33356       0.00000    
   29.3073      0.214430E-03  0.233010E-04  0.697127E-05   0.00000      0.113424       8.32816       0.00000    
   29.5241      0.211470E-03  0.230298E-04  0.688502E-05   0.00000      0.113666       8.32230       0.00000    
   29.7426      0.208544E-03  0.227594E-04  0.679922E-05   0.00000      0.113901       8.31658       0.00000    
   29.9626      0.205651E-03  0.224894E-04  0.671428E-05   0.00000      0.114127       8.31159       0.00000    
   30.1843      0.202788E-03  0.222199E-04  0.663002E-05   0.00000      0.114346       8.30707       0.00000    
   30.4076      0.199962E-03  0.219515E-04  0.654617E-05   0.00000      0.114555       8.30258       0.00000    
   30.6326      0.197168E-03  0.216847E-04  0.646266E-05   0.00000      0.114761       8.29778       0.00000    
   30.8592      0.194409E-03  0.214201E-04  0.637937E-05   0.00000      0.114963       8.29232       0.00000    
   31.0876      0.191683E-03  0.211570E-04  0.629636E-05   0.00000      0.115159       8.28655       0.00000    
   31.3176      0.188989E-03  0.208946E-04  0.621396E-05   0.00000      0.115345       8.28113       0.00000    
   31.5493      0.186328E-03  0.206333E-04  0.613226E-05   0.00000      0.115523       8.27604       0.00000    
   31.7827      0.183696E-03  0.203737E-04  0.605110E-05   0.00000      0.115698       8.27083       0.00000    
   32.0178      0.181100E-03  0.201157E-04  0.597042E-05   0.00000      0.115864       8.26556       0.00000    
   32.2547      0.178533E-03  0.198588E-04  0.589052E-05   0.00000      0.116023       8.26072       0.00000    
   32.4934      0.175997E-03  0.196038E-04  0.581144E-05   0.00000      0.116178       8.25608       0.00000    
   32.7338      0.173494E-03  0.193511E-04  0.573285E-05   0.00000      0.116329       8.25106       0.00000    
   32.9760      0.171020E-03  0.190996E-04  0.565476E-05   0.00000      0.116472       8.24614       0.00000    
   33.2199      0.168577E-03  0.188486E-04  0.557747E-05   0.00000      0.116603       8.24196       0.00000    
   33.4657      0.166164E-03  0.186002E-04  0.550083E-05   0.00000      0.116731       8.23756       0.00000    
   33.7133      0.163783E-03  0.183546E-04  0.542463E-05   0.00000      0.116858       8.23244       0.00000    
   33.9628      0.161430E-03  0.181097E-04  0.534913E-05   0.00000      0.116974       8.22789       0.00000    
   34.2140      0.159106E-03  0.178657E-04  0.527446E-05   0.00000      0.117079       8.22405       0.00000    
   34.4672      0.156813E-03  0.176249E-04  0.520030E-05   0.00000      0.117185       8.21948       0.00000    
   34.7222      0.154550E-03  0.173867E-04  0.512667E-05   0.00000      0.117288       8.21437       0.00000    
   34.9791      0.152314E-03  0.171491E-04  0.505404E-05   0.00000      0.117378       8.21041       0.00000    
   35.2379      0.150104E-03  0.169128E-04  0.498254E-05   0.00000      0.117462       8.20750       0.00000    
   35.4986      0.147926E-03  0.166800E-04  0.491174E-05   0.00000      0.117546       8.20402       0.00000    
   35.7612      0.145777E-03  0.164501E-04  0.484136E-05   0.00000      0.117630       8.19974       0.00000    
   36.0258      0.143654E-03  0.162210E-04  0.477148E-05   0.00000      0.117701       8.19574       0.00000    
   36.2924      0.141558E-03  0.159930E-04  0.470229E-05   0.00000      0.117761       8.19225       0.00000    
   36.5609      0.139489E-03  0.157675E-04  0.463385E-05   0.00000      0.117818       8.18868       0.00000    
   36.8314      0.137448E-03  0.155447E-04  0.456632E-05   0.00000      0.117873       8.18520       0.00000    
   37.1039      0.135433E-03  0.153239E-04  0.449977E-05   0.00000      0.117924       8.18229       0.00000    
   37.3784      0.133446E-03  0.151053E-04  0.443398E-05   0.00000      0.117970       8.17950       0.00000    
   37.6550      0.131484E-03  0.148895E-04  0.436872E-05   0.00000      0.118015       8.17610       0.00000    
   37.9336      0.129549E-03  0.146756E-04  0.430411E-05   0.00000      0.118054       8.17275       0.00000    
   38.2142      0.127639E-03  0.144634E-04  0.424025E-05   0.00000      0.118084       8.16978       0.00000    
   38.4969      0.125755E-03  0.142539E-04  0.417692E-05   0.00000      0.118113       8.16625       0.00000    
   38.7818      0.123895E-03  0.140464E-04  0.411425E-05   0.00000      0.118137       8.16277       0.00000    
   39.0687      0.122059E-03  0.138399E-04  0.405247E-05   0.00000      0.118147       8.16031       0.00000    
   39.3578      0.120247E-03  0.136353E-04  0.399142E-05   0.00000      0.118153       8.15808       0.00000    
   39.6490      0.118461E-03  0.134336E-04  0.393103E-05   0.00000      0.118157       8.15544       0.00000    
   39.9423      0.116699E-03  0.132343E-04  0.387145E-05   0.00000      0.118158       8.15293       0.00000    
   40.2378      0.114960E-03  0.130371E-04  0.381261E-05   0.00000      0.118156       8.15059       0.00000    
   40.5355      0.113247E-03  0.128427E-04  0.375426E-05   0.00000      0.118151       8.14754       0.00000    
   40.8354      0.111557E-03  0.126502E-04  0.369655E-05   0.00000      0.118139       8.14452       0.00000    
   41.1376      0.109888E-03  0.124590E-04  0.363979E-05   0.00000      0.118118       8.14263       0.00000    
   41.4419      0.108243E-03  0.122704E-04  0.358388E-05   0.00000      0.118097       8.14088       0.00000    
   41.7485      0.106621E-03  0.120846E-04  0.352867E-05   0.00000      0.118074       8.13886       0.00000    
   42.0574      0.105021E-03  0.119004E-04  0.347435E-05   0.00000      0.118045       8.13764       0.00000    
   42.3686      0.103441E-03  0.117182E-04  0.342086E-05   0.00000      0.118011       8.13700       0.00000    
   42.6821      0.101886E-03  0.115387E-04  0.336786E-05   0.00000      0.117976       8.13564       0.00000    
   42.9978      0.100352E-03  0.113613E-04  0.331532E-05   0.00000      0.117936       8.13384       0.00000    
   43.3160      0.988380E-04  0.111852E-04  0.326350E-05   0.00000      0.117886       8.13279       0.00000    
   43.6365      0.973449E-04  0.110112E-04  0.321247E-05   0.00000      0.117831       8.13217       0.00000    
   43.9593      0.958736E-04  0.108401E-04  0.316206E-05   0.00000      0.117778       8.13100       0.00000    
   44.2845      0.944229E-04  0.106711E-04  0.311228E-05   0.00000      0.117723       8.12977       0.00000    
   44.6122      0.929921E-04  0.105038E-04  0.306325E-05   0.00000      0.117659       8.12923       0.00000    
   44.9423      0.915810E-04  0.103388E-04  0.301492E-05   0.00000      0.117595       8.12862       0.00000    
   45.2748      0.901918E-04  0.101769E-04  0.296716E-05   0.00000      0.117534       8.12726       0.00000    
   45.6097      0.888221E-04  0.100170E-04  0.292002E-05   0.00000      0.117470       8.12590       0.00000    
   45.9472      0.874709E-04  0.985852E-05  0.287353E-05   0.00000      0.117396       8.12508       0.00000    
   46.2871      0.861380E-04  0.970184E-05  0.282765E-05   0.00000      0.117318       8.12450       0.00000    
   46.6296      0.848246E-04  0.954735E-05  0.278242E-05   0.00000      0.117236       8.12394       0.00000    
   46.9746      0.835305E-04  0.939480E-05  0.273794E-05   0.00000      0.117150       8.12390       0.00000    
   47.3221      0.822529E-04  0.924372E-05  0.269421E-05   0.00000      0.117058       8.12475       0.00000    
   47.6723      0.809935E-04  0.909437E-05  0.265101E-05   0.00000      0.116958       8.12570       0.00000    
   48.0250      0.797527E-04  0.894703E-05  0.260826E-05   0.00000      0.116854       8.12628       0.00000    
   48.3803      0.785294E-04  0.880161E-05  0.256607E-05   0.00000      0.116747       8.12691       0.00000    
   48.7382      0.773243E-04  0.865840E-05  0.252445E-05   0.00000      0.116637       8.12731       0.00000    
   49.0988      0.761372E-04  0.851763E-05  0.248333E-05   0.00000      0.116530       8.12707       0.00000    
   49.4621      0.749655E-04  0.837840E-05  0.244289E-05   0.00000      0.116417       8.12755       0.00000    
   49.8281      0.738104E-04  0.824051E-05  0.240322E-05   0.00000      0.116295       8.12927       0.00000    
   50.1967      0.726723E-04  0.810490E-05  0.236448E-05   0.00000      0.116176       8.13189       0.00000    
   50.5681      0.715490E-04  0.797121E-05  0.232699E-05   0.00000      0.116059       8.13692       0.00000    
   50.9423      0.704411E-04  0.783864E-05  0.229074E-05   0.00000      0.115934       8.14516       0.00000    
   51.3192      0.693484E-04  0.770772E-05  0.225538E-05   0.00000      0.115805       8.15508       0.00000    
   51.6988      0.682718E-04  0.757889E-05  0.222077E-05   0.00000      0.115678       8.16582       0.00000    
   52.0813      0.672100E-04  0.745156E-05  0.218700E-05   0.00000      0.115546       8.17836       0.00000    
   52.4667      0.661628E-04  0.732544E-05  0.215410E-05   0.00000      0.115406       8.19319       0.00000    
   52.8549      0.651304E-04  0.720085E-05  0.212188E-05   0.00000      0.115261       8.20937       0.00000    
   53.2459      0.641131E-04  0.707824E-05  0.209026E-05   0.00000      0.115116       8.22616       0.00000    
   53.6399      0.631112E-04  0.695774E-05  0.205931E-05   0.00000      0.114973       8.24369       0.00000    
   54.0367      0.621239E-04  0.683890E-05  0.202903E-05   0.00000      0.114828       8.26253       0.00000    
   54.4365      0.611498E-04  0.672123E-05  0.199930E-05   0.00000      0.114674       8.28283       0.00000    
   54.8393      0.601897E-04  0.660468E-05  0.197004E-05   0.00000      0.114508       8.30438       0.00000    
   55.2450      0.592424E-04  0.648942E-05  0.194127E-05   0.00000      0.114336       8.32712       0.00000    
   55.6538      0.583084E-04  0.637575E-05  0.191306E-05   0.00000      0.114161       8.35102       0.00000    
   56.0655      0.573888E-04  0.626389E-05  0.188539E-05   0.00000      0.113985       8.37572       0.00000    
   56.4803      0.564823E-04  0.615371E-05  0.185822E-05   0.00000      0.113808       8.40131       0.00000    
   56.8982      0.555886E-04  0.604498E-05  0.183163E-05   0.00000      0.113627       8.42839       0.00000    
   57.3192      0.547078E-04  0.593795E-05  0.180553E-05   0.00000      0.113446       8.45636       0.00000    
   57.7433      0.538411E-04  0.583271E-05  0.177976E-05   0.00000      0.113263       8.48438       0.00000    
   58.1705      0.529862E-04  0.572853E-05  0.175434E-05   0.00000      0.113070       8.51351       0.00000    
   58.6009      0.521425E-04  0.562520E-05  0.172935E-05   0.00000      0.112864       8.54448       0.00000    
   59.0344      0.513112E-04  0.552339E-05  0.170477E-05   0.00000      0.112656       8.57630       0.00000    
   59.4712      0.504922E-04  0.542314E-05  0.168058E-05   0.00000      0.112444       8.60886       0.00000    
   59.9112      0.496846E-04  0.532408E-05  0.165684E-05   0.00000      0.112226       8.64302       0.00000    
   60.3545      0.488886E-04  0.522644E-05  0.163349E-05   0.00000      0.112005       8.67813       0.00000    
   60.8010      0.481047E-04  0.513043E-05  0.161041E-05   0.00000      0.111782       8.71337       0.00000    
   61.2509      0.473322E-04  0.503564E-05  0.158768E-05   0.00000      0.111552       8.74971       0.00000    
   61.7040      0.465699E-04  0.494192E-05  0.156532E-05   0.00000      0.111314       8.78761       0.00000    
   62.1606      0.458192E-04  0.484960E-05  0.154325E-05   0.00000      0.111072       8.82610       0.00000    
   62.6205      0.450792E-04  0.475869E-05  0.152146E-05   0.00000      0.110827       8.86512       0.00000    
   63.0838      0.443503E-04  0.466902E-05  0.150000E-05   0.00000      0.110575       8.90524       0.00000    
   63.5505      0.436314E-04  0.458065E-05  0.147882E-05   0.00000      0.110321       8.94607       0.00000    
   64.0207      0.429231E-04  0.449368E-05  0.145786E-05   0.00000      0.110063       8.98719       0.00000    
   64.4944      0.422253E-04  0.440798E-05  0.143719E-05   0.00000      0.109800       9.02911       0.00000    
   64.9715      0.415369E-04  0.432349E-05  0.141679E-05   0.00000      0.109534       9.07188       0.00000    
   65.4522      0.408586E-04  0.424028E-05  0.139655E-05   0.00000      0.109263       9.11474       0.00000    
   65.9365      0.401907E-04  0.415837E-05  0.137645E-05   0.00000      0.108987       9.15746       0.00000    
   66.4243      0.395321E-04  0.407730E-05  0.135653E-05   0.00000      0.108697       9.20122       0.00000    
   66.9158      0.388819E-04  0.399698E-05  0.133682E-05   0.00000      0.108395       9.24641       0.00000    
   67.4109      0.382418E-04  0.391808E-05  0.131721E-05   0.00000      0.108090       9.29100       0.00000    
   67.9096      0.376115E-04  0.384067E-05  0.129768E-05   0.00000      0.107786       9.33451       0.00000    
   68.4121      0.369897E-04  0.376424E-05  0.127835E-05   0.00000      0.107473       9.37884       0.00000    
   68.9182      0.363768E-04  0.368893E-05  0.125922E-05   0.00000      0.107154       9.42369       0.00000    
   69.4281      0.357735E-04  0.361516E-05  0.124019E-05   0.00000      0.106838       9.46732       0.00000    
   69.9418      0.351788E-04  0.354255E-05  0.122122E-05   0.00000      0.106517       9.51028       0.00000    
   70.4593      0.345923E-04  0.347073E-05  0.120236E-05   0.00000      0.106182       9.55380       0.00000    
   70.9806      0.340138E-04  0.339989E-05  0.118360E-05   0.00000      0.105840       9.59725       0.00000    
   71.5057      0.334438E-04  0.333028E-05  0.116486E-05   0.00000      0.105494       9.63937       0.00000    
   72.0348      0.328821E-04  0.326171E-05  0.114613E-05   0.00000      0.105140       9.68042       0.00000    
   72.5677      0.323280E-04  0.319400E-05  0.112743E-05   0.00000      0.104774       9.72110       0.00000    
   73.1046      0.317818E-04  0.312737E-05  0.110877E-05   0.00000      0.104403       9.76066       0.00000    
   73.6455      0.312436E-04  0.306202E-05  0.109012E-05   0.00000      0.104030       9.79820       0.00000    
   74.1904      0.307133E-04  0.299781E-05  0.107145E-05   0.00000      0.103653       9.83376       0.00000    
   74.7393      0.301900E-04  0.293445E-05  0.105273E-05   0.00000      0.103265       9.86765       0.00000    
   75.2923      0.296743E-04  0.287186E-05  0.103390E-05   0.00000      0.102860       9.89970       0.00000    
   75.8493      0.291655E-04  0.281015E-05  0.101500E-05   0.00000      0.102444       9.92957       0.00000    
   76.4105      0.286638E-04  0.274930E-05  0.996072E-06   0.00000      0.102016       9.95773       0.00000    
   76.9758      0.281694E-04  0.268940E-05  0.977116E-06   0.00000      0.101579       9.98356       0.00000    
   77.5454      0.276823E-04  0.263079E-05  0.958078E-06   0.00000      0.101141       10.0053       0.00000    
   78.1191      0.272025E-04  0.257338E-05  0.939017E-06   0.00000      0.100702       10.0234       0.00000    
   78.6971      0.267292E-04  0.251712E-05  0.919953E-06   0.00000      0.100263       10.0381       0.00000    
   79.2793      0.262634E-04  0.246221E-05  0.900788E-06   0.00000      0.998275E-01   10.0474       0.00000    
   79.8659      0.258044E-04  0.240848E-05  0.881514E-06   0.00000      0.993912E-01   10.0514       0.00000    
   80.4568      0.253512E-04  0.235560E-05  0.862193E-06   0.00000      0.989471E-01   10.0518       0.00000    
   81.0521      0.249048E-04  0.230369E-05  0.842821E-06   0.00000      0.984962E-01   10.0477       0.00000    
   81.6517      0.244646E-04  0.225279E-05  0.823383E-06   0.00000      0.980413E-01   10.0386       0.00000    
   82.2558      0.240304E-04  0.220275E-05  0.803915E-06   0.00000      0.975789E-01   10.0250       0.00000    
   82.8644      0.236023E-04  0.215375E-05  0.784446E-06   0.00000      0.971162E-01   10.0064       0.00000    
   83.4775      0.231807E-04  0.210604E-05  0.764958E-06   0.00000      0.966608E-01   9.98104       0.00000    
   84.0951      0.227654E-04  0.205960E-05  0.745417E-06   0.00000      0.962136E-01   9.94819       0.00000    
   84.7173      0.223560E-04  0.201423E-05  0.725825E-06   0.00000      0.957689E-01   9.90830       0.00000    
   85.3441      0.219520E-04  0.196979E-05  0.706170E-06   0.00000      0.953237E-01   9.86140       0.00000    
   85.9755      0.215537E-04  0.192640E-05  0.686419E-06   0.00000      0.948810E-01   9.80607       0.00000    
   86.6116      0.211609E-04  0.188405E-05  0.666619E-06   0.00000      0.944435E-01   9.74246       0.00000    
   87.2525      0.207731E-04  0.184257E-05  0.646842E-06   0.00000      0.940067E-01   9.67190       0.00000    
   87.8980      0.203906E-04  0.180211E-05  0.627072E-06   0.00000      0.935767E-01   9.59309       0.00000    
   88.5483      0.200137E-04  0.176294E-05  0.607262E-06   0.00000      0.931661E-01   9.50337       0.00000    
   89.2035      0.196423E-04  0.172504E-05  0.587429E-06   0.00000      0.927747E-01   9.40266       0.00000    
   89.8635      0.192757E-04  0.168820E-05  0.567629E-06   0.00000      0.923999E-01   9.29218       0.00000    
   90.5283      0.189141E-04  0.165244E-05  0.547862E-06   0.00000      0.920421E-01   9.17139       0.00000    
   91.1981      0.185568E-04  0.161775E-05  0.528113E-06   0.00000      0.917059E-01   9.03960       0.00000    
   91.8729      0.182046E-04  0.158407E-05  0.508361E-06   0.00000      0.913861E-01   8.89625       0.00000    
   92.5526      0.178566E-04  0.155150E-05  0.488590E-06   0.00000      0.910932E-01   8.73997       0.00000    
   93.2374      0.175133E-04  0.152008E-05  0.468824E-06   0.00000      0.908301E-01   8.57041       0.00000    
   93.9272      0.171745E-04  0.148971E-05  0.449055E-06   0.00000      0.905947E-01   8.38742       0.00000    
   94.6221      0.168394E-04  0.146031E-05  0.429285E-06   0.00000      0.903895E-01   8.19083       0.00000    
   95.3222      0.165082E-04  0.143191E-05  0.409550E-06   0.00000      0.902176E-01   7.98071       0.00000    
   96.0275      0.161809E-04  0.140459E-05  0.389835E-06   0.00000      0.900865E-01   7.75583       0.00000    
   96.7379      0.158575E-04  0.137837E-05  0.370119E-06   0.00000      0.900017E-01   7.51523       0.00000    
   97.4537      0.155382E-04  0.135347E-05  0.350373E-06   0.00000      0.899776E-01   7.25677       0.00000    
   98.1747      0.152234E-04  0.133028E-05  0.330554E-06   0.00000      0.900412E-01   6.97726       0.00000    
   98.9010      0.149133E-04  0.130871E-05  0.310666E-06   0.00000      0.901933E-01   6.67696       0.00000    
   99.6328      0.146074E-04  0.128809E-05  0.290739E-06   0.00000      0.903992E-01   6.35963       0.00000    
