1.20444	0.172636	0.580544E-03	53.8211
1.21335	0.170114	0.591202E-03	53.8457
1.22233	0.167628	0.602182E-03	53.8574
1.23137	0.165183	0.613403E-03	53.8633
1.24048	0.162768	0.624764E-03	53.8613
1.24966	0.160394	0.636207E-03	53.8417
1.25891	0.158050	0.647956E-03	53.8078
1.26822	0.155743	0.659918E-03	53.7661
1.27760	0.153469	0.671901E-03	53.7083
1.28706	0.151227	0.684111E-03	53.6347
1.29658	0.149021	0.696755E-03	53.5641
1.30617	0.146845	0.709793E-03	53.5099
1.31583	0.144701	0.723156E-03	53.4726
1.32557	0.142588	0.736996E-03	53.4482
1.33538	0.140507	0.751404E-03	53.4353
1.34526	0.138455	0.766269E-03	53.4301
1.35521	0.136437	0.781385E-03	53.4293
1.36524	0.134443	0.796576E-03	53.4301
1.37534	0.132483	0.811614E-03	53.4324
1.38551	0.130551	0.826698E-03	53.4406
1.39576	0.128645	0.842136E-03	53.4501
1.40609	0.126767	0.857965E-03	53.4516
1.41649	0.124920	0.873842E-03	53.4501
1.42697	0.123096	0.889690E-03	53.4506
1.43753	0.121300	0.905948E-03	53.4477
1.44817	0.119531	0.922829E-03	53.4475
1.45888	0.117789	0.939966E-03	53.4601
1.46968	0.116070	0.957057E-03	53.4762
1.48055	0.114378	0.974251E-03	53.4861
1.49150	0.112710	0.991755E-03	53.4922
1.50254	0.111066	0.100950E-02	53.4963
1.51366	0.109447	0.102741E-02	53.5051
1.52486	0.107852	0.104541E-02	53.5246
1.53614	0.106279	0.106380E-02	53.5497
1.54750	0.104728	0.108275E-02	53.5748
1.55895	0.103204	0.110194E-02	53.5949
1.57049	0.101698	0.112143E-02	53.6123
1.58211	0.100216	0.114128E-02	53.6337
1.59381	0.987560E-01	0.116112E-02	53.6601
1.60560	0.973165E-01	0.118112E-02	53.6913
1.61748	0.958979E-01	0.120192E-02	53.7255
1.62945	0.945015E-01	0.122334E-02	53.7616
1.64151	0.931242E-01	0.124475E-02	53.8006
1.65365	0.917669E-01	0.126626E-02	53.8415
1.66588	0.904307E-01	0.128859E-02	53.8823
1.67821	0.891125E-01	0.131181E-02	53.9224
1.69063	0.878145E-01	0.133544E-02	53.9613
1.70313	0.865352E-01	0.135939E-02	54.0035
1.71574	0.852748E-01	0.138354E-02	54.0495
1.72843	0.840332E-01	0.140801E-02	54.0927
1.74122	0.828090E-01	0.143314E-02	54.1292
1.75410	0.816041E-01	0.145890E-02	54.1496
1.76708	0.804148E-01	0.148496E-02	54.1423
1.78015	0.792434E-01	0.151117E-02	54.1046
1.79332	0.780901E-01	0.153795E-02	54.0397
1.80659	0.769526E-01	0.156555E-02	53.9513
1.81996	0.758326E-01	0.159358E-02	53.8415
1.83342	0.747289E-01	0.162194E-02	53.7175
1.84699	0.736403E-01	0.165120E-02	53.5937
1.86065	0.725692E-01	0.168173E-02	53.4854
1.87442	0.715123E-01	0.171397E-02	53.4116
1.88829	0.704725E-01	0.174880E-02	53.3915
1.90226	0.694459E-01	0.178646E-02	53.4278
1.91633	0.684369E-01	0.182477E-02	53.4822
1.93051	0.674412E-01	0.186181E-02	53.5090
1.94479	0.664611E-01	0.189771E-02	53.5147
1.95918	0.654948E-01	0.193351E-02	53.5215
1.97368	0.645446E-01	0.196975E-02	53.5266
1.98828	0.636056E-01	0.200708E-02	53.5262
2.00299	0.626829E-01	0.204541E-02	53.5289
2.01781	0.617723E-01	0.208426E-02	53.5413
2.03274	0.608750E-01	0.212306E-02	53.5578
2.04778	0.599915E-01	0.216209E-02	53.5710
2.06293	0.591200E-01	0.220181E-02	53.5812
2.07819	0.582625E-01	0.224207E-02	53.5932
2.09357	0.574164E-01	0.228322E-02	53.6138
2.10906	0.565835E-01	0.232545E-02	53.6427
2.12466	0.557627E-01	0.236858E-02	53.6695
2.14038	0.549535E-01	0.241242E-02	53.6902
2.15622	0.541569E-01	0.245716E-02	53.7095
2.17217	0.533714E-01	0.250287E-02	53.7347
2.18824	0.525973E-01	0.254924E-02	53.7678
2.20443	0.518353E-01	0.259637E-02	53.8087
2.22074	0.510838E-01	0.264470E-02	53.8605
2.23717	0.503437E-01	0.269457E-02	53.9186
2.25372	0.496138E-01	0.274576E-02	53.9799
2.27040	0.488951E-01	0.279754E-02	54.0488
2.28720	0.481871E-01	0.285036E-02	54.1259
2.30412	0.474885E-01	0.290500E-02	54.2050
2.32117	0.468013E-01	0.296075E-02	54.2743
2.33834	0.461237E-01	0.301687E-02	54.3180
2.35564	0.454559E-01	0.307310E-02	54.3241
2.37307	0.447984E-01	0.312917E-02	54.2882
2.39063	0.441497E-01	0.318469E-02	54.2115
2.40831	0.435110E-01	0.323981E-02	54.0998
2.42613	0.428812E-01	0.329786E-02	53.9846
2.44408	0.422605E-01	0.336204E-02	53.9037
2.46217	0.416486E-01	0.343049E-02	53.8500
2.48038	0.410466E-01	0.350005E-02	53.7979
2.49873	0.404529E-01	0.357073E-02	53.7414
2.51722	0.398680E-01	0.364395E-02	53.6965
2.53585	0.392921E-01	0.372129E-02	53.6892
2.55461	0.387246E-01	0.380265E-02	53.7189
2.57351	0.381654E-01	0.388486E-02	53.7524
2.59255	0.376151E-01	0.396513E-02	53.7687
2.61173	0.370727E-01	0.404439E-02	53.7745
2.63105	0.365381E-01	0.412475E-02	53.7774
2.65052	0.360121E-01	0.420726E-02	53.7775
2.67013	0.354935E-01	0.429193E-02	53.7732
2.68988	0.349822E-01	0.437810E-02	53.7689
2.70979	0.344794E-01	0.446555E-02	53.7704
2.72983	0.339828E-01	0.455480E-02	53.7736
2.75003	0.334943E-01	0.464575E-02	53.7745
2.77038	0.330131E-01	0.473873E-02	53.7754
2.79088	0.325380E-01	0.483367E-02	53.7758
2.81152	0.320710E-01	0.493047E-02	53.7741
2.83233	0.316102E-01	0.502977E-02	53.7729
2.85328	0.311566E-01	0.513102E-02	53.7738
2.87439	0.307096E-01	0.523390E-02	53.7716
2.89566	0.302690E-01	0.533885E-02	53.7679
2.91708	0.298353E-01	0.544546E-02	53.7683
2.93866	0.294073E-01	0.555330E-02	53.7698
2.96041	0.289861E-01	0.566303E-02	53.7709
2.98231	0.285710E-01	0.577540E-02	53.7750
3.00437	0.281622E-01	0.588997E-02	53.7787
3.02660	0.277592E-01	0.600674E-02	53.7768
3.04900	0.273621E-01	0.612585E-02	53.7747
3.07155	0.269713E-01	0.624741E-02	53.7780
3.09428	0.265857E-01	0.637179E-02	53.7816
3.11717	0.262060E-01	0.649834E-02	53.7784
3.14024	0.258319E-01	0.662681E-02	53.7735
3.16347	0.254636E-01	0.675751E-02	53.7738
3.18687	0.251003E-01	0.689075E-02	53.7765
3.21045	0.247423E-01	0.702654E-02	53.7778
3.23421	0.243901E-01	0.716555E-02	53.7770
3.25814	0.240430E-01	0.730795E-02	53.7744
3.28224	0.237006E-01	0.745325E-02	53.7730
3.30653	0.233637E-01	0.760060E-02	53.7753
3.33099	0.230317E-01	0.774999E-02	53.7784
3.35563	0.227043E-01	0.790156E-02	53.7774
3.38046	0.223818E-01	0.805504E-02	53.7771
3.40547	0.220645E-01	0.821165E-02	53.7803
3.43067	0.217513E-01	0.837303E-02	53.7817
3.45605	0.214434E-01	0.853759E-02	53.7804
3.48162	0.211395E-01	0.870604E-02	53.7791
3.50738	0.208405E-01	0.887905E-02	53.7790
3.53333	0.205458E-01	0.905459E-02	53.7800
3.55947	0.202554E-01	0.923057E-02	53.7814
3.58581	0.199699E-01	0.940775E-02	53.7834
3.61234	0.196883E-01	0.958854E-02	53.7840
3.63906	0.194121E-01	0.977290E-02	53.7831
3.66599	0.191419E-01	0.996003E-02	53.7827
3.69311	0.188772E-01	0.101506E-01	53.7849
3.72043	0.186154E-01	0.103460E-01	53.7894
3.74796	0.183573E-01	0.105453E-01	53.7906
3.77569	0.181024E-01	0.107479E-01	53.7869
3.80363	0.178512E-01	0.109529E-01	53.7841
3.83177	0.176036E-01	0.111605E-01	53.7836
3.86012	0.173598E-01	0.113721E-01	53.7827
3.88868	0.171194E-01	0.115882E-01	53.7830
3.91745	0.168828E-01	0.118086E-01	53.7857
3.94643	0.166497E-01	0.120324E-01	53.7866
3.97563	0.164200E-01	0.122582E-01	53.7843
4.00504	0.161938E-01	0.124867E-01	53.7816
4.03468	0.159709E-01	0.127188E-01	53.7784
4.06453	0.157517E-01	0.129530E-01	53.7698
4.09460	0.155357E-01	0.131884E-01	53.7536
4.12489	0.153233E-01	0.134236E-01	53.7342
4.15541	0.151138E-01	0.136599E-01	53.7130
4.18616	0.149076E-01	0.138974E-01	53.6867
4.21713	0.147042E-01	0.141359E-01	53.6559
4.24833	0.145040E-01	0.143741E-01	53.6217
4.27976	0.143069E-01	0.146125E-01	53.5831
4.31143	0.141127E-01	0.148525E-01	53.5402
4.34332	0.139213E-01	0.150942E-01	53.4951
4.37546	0.137329E-01	0.153363E-01	53.4488
4.40783	0.135474E-01	0.155785E-01	53.4017
4.44044	0.133648E-01	0.158212E-01	53.3546
4.47330	0.131848E-01	0.160654E-01	53.3074
4.50639	0.130079E-01	0.163099E-01	53.2565
4.53974	0.128334E-01	0.165554E-01	53.2004
4.57332	0.126619E-01	0.168011E-01	53.1457
4.60716	0.124927E-01	0.170466E-01	53.0941
4.64125	0.123261E-01	0.172902E-01	53.0385
4.67559	0.121624E-01	0.175331E-01	52.9788
4.71018	0.120009E-01	0.177778E-01	52.9216
4.74503	0.118422E-01	0.180212E-01	52.8672
4.78013	0.116859E-01	0.182617E-01	52.8101
4.81550	0.115319E-01	0.185007E-01	52.7507
4.85113	0.113804E-01	0.187380E-01	52.6954
4.88702	0.112314E-01	0.189729E-01	52.6452
4.92318	0.110846E-01	0.192047E-01	52.5947
4.95960	0.109404E-01	0.194324E-01	52.5440
4.99630	0.107983E-01	0.196579E-01	52.4960
5.03326	0.106585E-01	0.198807E-01	52.4501
5.07050	0.105209E-01	0.201001E-01	52.4058
5.10802	0.103857E-01	0.203158E-01	52.3631
5.14581	0.102526E-01	0.205270E-01	52.3227
5.18388	0.101217E-01	0.207320E-01	52.2854
5.22224	0.999294E-02	0.209301E-01	52.2517
5.26087	0.986634E-02	0.211221E-01	52.2236
5.29980	0.974184E-02	0.213085E-01	52.2022
5.33901	0.961959E-02	0.214872E-01	52.1874
5.37851	0.949939E-02	0.216589E-01	52.1790
5.41830	0.938129E-02	0.218241E-01	52.1764
5.45839	0.926535E-02	0.219814E-01	52.1809
5.49878	0.915157E-02	0.221290E-01	52.1946
5.53946	0.903992E-02	0.222665E-01	52.2184
5.58044	0.893057E-02	0.223945E-01	52.2504
5.62173	0.882337E-02	0.225131E-01	52.2880
5.66332	0.871870E-02	0.226194E-01	52.3369
5.70522	0.861638E-02	0.227144E-01	52.4079
5.74744	0.851685E-02	0.227971E-01	52.5007
5.78996	0.842046E-02	0.228652E-01	52.6099
5.83280	0.832732E-02	0.229203E-01	52.7388
5.87595	0.823809E-02	0.229613E-01	52.8924
5.91943	0.815382E-02	0.229827E-01	53.0663
5.96322	0.807017E-02	0.229956E-01	53.2569
6.00734	0.798164E-02	0.230159E-01	53.4669
6.05179	0.789012E-02	0.230367E-01	53.6924
6.09656	0.779955E-02	0.230454E-01	53.9272
6.14167	0.771018E-02	0.230435E-01	54.1733
6.18711	0.762208E-02	0.230358E-01	54.4316
6.23289	0.753477E-02	0.230275E-01	54.6974
6.27900	0.744573E-02	0.230312E-01	54.9729
6.32546	0.735340E-02	0.230604E-01	55.2679
6.37226	0.726332E-02	0.231022E-01	55.5849
6.41940	0.718104E-02	0.231390E-01	55.9216
6.46690	0.710707E-02	0.231682E-01	56.2758
6.51474	0.703339E-02	0.232168E-01	56.6416
6.56294	0.694541E-02	0.233358E-01	57.0095
6.61150	0.684421E-02	0.235204E-01	57.3607
6.66042	0.668820E-02	0.239109E-01	57.6640
6.70970	0.641569E-02	0.247515E-01	57.8875
6.75934	0.613069E-02	0.256926E-01	57.9978
6.80935	0.596838E-02	0.261413E-01	57.9632
6.85973	0.588000E-02	0.262384E-01	57.7660
6.91048	0.579594E-02	0.262675E-01	57.3995
6.96161	0.571310E-02	0.262500E-01	56.8721
7.01312	0.563074E-02	0.262329E-01	56.2157
7.06500	0.554871E-02	0.262796E-01	55.4883
7.11728	0.546778E-02	0.264470E-01	54.7645
7.16993	0.538882E-02	0.267796E-01	54.1268
7.22298	0.531218E-02	0.273246E-01	53.6662
7.27642	0.523750E-02	0.280985E-01	53.4655
7.33026	0.516434E-02	0.289725E-01	53.4836
7.38449	0.509358E-02	0.297707E-01	53.5721
7.43913	0.501844E-02	0.305138E-01	53.6681
7.49417	0.493030E-02	0.312959E-01	53.7745
7.54961	0.484199E-02	0.320314E-01	53.8556
7.60547	0.476955E-02	0.326127E-01	53.8834
7.66174	0.470677E-02	0.331131E-01	53.8856
7.71843	0.464520E-02	0.336128E-01	53.8894
7.77553	0.458460E-02	0.341155E-01	53.8939
7.83306	0.452488E-02	0.346269E-01	53.8972
7.89102	0.446605E-02	0.351477E-01	53.9008
7.94940	0.440802E-02	0.356767E-01	53.9059
8.00821	0.435096E-02	0.362067E-01	53.9098
8.06746	0.429461E-02	0.367355E-01	53.9118
8.12715	0.423917E-02	0.372690E-01	53.9146
8.18728	0.418455E-02	0.378146E-01	53.9173
8.24786	0.413071E-02	0.383668E-01	53.9204
8.30888	0.407764E-02	0.389239E-01	53.9261
8.37035	0.402533E-02	0.394871E-01	53.9312
8.43228	0.397380E-02	0.400552E-01	53.9350
8.49467	0.392300E-02	0.406288E-01	53.9398
8.55752	0.387297E-02	0.412048E-01	53.9449
8.62083	0.382366E-02	0.417824E-01	53.9494
8.68462	0.377507E-02	0.423683E-01	53.9538
8.74887	0.372713E-02	0.429672E-01	53.9572
8.81360	0.367993E-02	0.435730E-01	53.9590
8.87881	0.363343E-02	0.441818E-01	53.9615
8.94450	0.358761E-02	0.447962E-01	53.9664
9.01068	0.354247E-02	0.454195E-01	53.9734
9.07734	0.349796E-02	0.460501E-01	53.9804
9.14450	0.345410E-02	0.466824E-01	53.9860
9.21216	0.341084E-02	0.473141E-01	53.9912
9.28032	0.336817E-02	0.479490E-01	53.9957
9.34898	0.332614E-02	0.485899E-01	53.9977
9.41815	0.328474E-02	0.492378E-01	53.9998
9.48783	0.324394E-02	0.498936E-01	54.0057
9.55803	0.320371E-02	0.505564E-01	54.0127
9.62875	0.316402E-02	0.512244E-01	54.0182
9.69999	0.312488E-02	0.518955E-01	54.0254
9.77175	0.308632E-02	0.525685E-01	54.0364
9.84405	0.304836E-02	0.532419E-01	54.0468
9.91688	0.301092E-02	0.539194E-01	54.0526
9.99025	0.297397E-02	0.546054E-01	54.0569
10.0642	0.293756E-02	0.552992E-01	54.0617
10.1386	0.290167E-02	0.559959E-01	54.0659
10.2136	0.286632E-02	0.566948E-01	54.0716
10.2892	0.283147E-02	0.574021E-01	54.0786
10.3653	0.279707E-02	0.581132E-01	54.0850
10.4420	0.276314E-02	0.588255E-01	54.0919
10.5193	0.272967E-02	0.595464E-01	54.0994
10.5971	0.269672E-02	0.602734E-01	54.1042
10.6755	0.266422E-02	0.610008E-01	54.1072
10.7545	0.263216E-02	0.617279E-01	54.1125
10.8341	0.260055E-02	0.624543E-01	54.1190
10.9142	0.256935E-02	0.631788E-01	54.1233
10.9950	0.253858E-02	0.639065E-01	54.1282
11.0763	0.250823E-02	0.646459E-01	54.1371
11.1583	0.247833E-02	0.653977E-01	54.1464
11.2408	0.244884E-02	0.661540E-01	54.1521
11.3240	0.241975E-02	0.669067E-01	54.1559
11.4078	0.239104E-02	0.676587E-01	54.1606
11.4922	0.236269E-02	0.684144E-01	54.1660
11.5772	0.233477E-02	0.691651E-01	54.1703
11.6629	0.230719E-02	0.699162E-01	54.1742
11.7492	0.227999E-02	0.706724E-01	54.1801
11.8361	0.225317E-02	0.714326E-01	54.1854
11.9237	0.222672E-02	0.721946E-01	54.1880
12.0119	0.220060E-02	0.729573E-01	54.1925
12.1007	0.217486E-02	0.737166E-01	54.2002
12.1903	0.214943E-02	0.744770E-01	54.2064
12.2805	0.212436E-02	0.752388E-01	54.2095
12.3713	0.209956E-02	0.760020E-01	54.2130
12.4629	0.207513E-02	0.767637E-01	54.2187
12.5551	0.205100E-02	0.775286E-01	54.2247
12.6480	0.202719E-02	0.782894E-01	54.2293
12.7415	0.200369E-02	0.790441E-01	54.2347
12.8358	0.198047E-02	0.798017E-01	54.2401
12.9308	0.195759E-02	0.805623E-01	54.2431
13.0264	0.193501E-02	0.813232E-01	54.2460
13.1228	0.191267E-02	0.820814E-01	54.2505
13.2199	0.189062E-02	0.828314E-01	54.2543
13.3177	0.186887E-02	0.835785E-01	54.2582
13.4163	0.184734E-02	0.843302E-01	54.2647
13.5155	0.182611E-02	0.850778E-01	54.2711
13.6155	0.180515E-02	0.858151E-01	54.2748
13.7162	0.178442E-02	0.865495E-01	54.2769
13.8177	0.176395E-02	0.872858E-01	54.2805
13.9200	0.174376E-02	0.880137E-01	54.2849
14.0229	0.172379E-02	0.887302E-01	54.2871
14.1267	0.170406E-02	0.894397E-01	54.2891
14.2312	0.168456E-02	0.901515E-01	54.2929
14.3365	0.166529E-02	0.908583E-01	54.2967
14.4426	0.164622E-02	0.915517E-01	54.3024
14.5494	0.162740E-02	0.922400E-01	54.3117
14.6571	0.160877E-02	0.929347E-01	54.3196
14.7655	0.159042E-02	0.936205E-01	54.3232
14.8748	0.157223E-02	0.943063E-01	54.3272
14.9848	0.155428E-02	0.949940E-01	54.3344
15.0957	0.153649E-02	0.956757E-01	54.3403
15.2074	0.151894E-02	0.963285E-01	54.3448
15.3199	0.150152E-02	0.969629E-01	54.3517
15.4332	0.148434E-02	0.975941E-01	54.3604
15.5474	0.146733E-02	0.982316E-01	54.3691
15.6625	0.145052E-02	0.988605E-01	54.3777
15.7783	0.143388E-02	0.994740E-01	54.3859
15.8951	0.141741E-02	0.100073	54.3939
16.0127	0.140110E-02	0.100661	54.4012
16.1311	0.138493E-02	0.101244	54.4089
16.2505	0.136894E-02	0.101830	54.4174
16.3707	0.135313E-02	0.102410	54.4245
16.4918	0.133748E-02	0.102975	54.4324
16.6139	0.132199E-02	0.103522	54.4444
16.7368	0.130669E-02	0.104052	54.4572
16.8606	0.129153E-02	0.104574	54.4667
16.9854	0.127649E-02	0.105099	54.4770
17.1110	0.126161E-02	0.105619	54.4905
17.2376	0.124689E-02	0.106124	54.5032
17.3652	0.123233E-02	0.106613	54.5145
17.4936	0.121789E-02	0.107094	54.5260
17.6231	0.120357E-02	0.107568	54.5363
17.7535	0.118939E-02	0.108024	54.5447
17.8848	0.117538E-02	0.108462	54.5534
18.0171	0.116146E-02	0.108899	54.5639
18.1504	0.114765E-02	0.109329	54.5762
18.2847	0.113400E-02	0.109736	54.5892
18.4200	0.112047E-02	0.110128	54.6025
18.5563	0.110706E-02	0.110521	54.6173
18.6936	0.109376E-02	0.110909	54.6318
18.8319	0.108061E-02	0.111278	54.6440
18.9712	0.106756E-02	0.111641	54.6560
19.1116	0.105465E-02	0.112005	54.6694
19.2530	0.104187E-02	0.112357	54.6825
19.3954	0.102921E-02	0.112690	54.6952
19.5389	0.101663E-02	0.113017	54.7098
19.6835	0.100416E-02	0.113334	54.7248
19.8291	0.991839E-03	0.113632	54.7381
19.9758	0.979629E-03	0.113917	54.7522
20.1236	0.967521E-03	0.114203	54.7671
20.2725	0.955524E-03	0.114489	54.7805
20.4225	0.943657E-03	0.114765	54.7929
20.5736	0.931915E-03	0.115023	54.8058
20.7258	0.920256E-03	0.115271	54.8190
20.8792	0.908713E-03	0.115511	54.8314
21.0336	0.897255E-03	0.115751	54.8440
21.1893	0.885895E-03	0.115978	54.8568
21.3460	0.874662E-03	0.116179	54.8667
21.5040	0.863528E-03	0.116372	54.8762
21.6631	0.852484E-03	0.116572	54.8901
21.8233	0.841560E-03	0.116765	54.9064
21.9848	0.830764E-03	0.116942	54.9203
22.1475	0.820069E-03	0.117120	54.9313
22.3113	0.809467E-03	0.117300	54.9441
22.4764	0.798968E-03	0.117456	54.9588
22.6427	0.788569E-03	0.117585	54.9701
22.8102	0.778269E-03	0.117710	54.9799
22.9790	0.768063E-03	0.117845	54.9935
23.1490	0.757977E-03	0.117979	55.0074
23.3203	0.747995E-03	0.118101	55.0172
23.4928	0.738091E-03	0.118206	55.0255
23.6666	0.728287E-03	0.118297	55.0372
23.8417	0.718588E-03	0.118380	55.0505
24.0181	0.709000E-03	0.118461	55.0637
24.1958	0.699513E-03	0.118549	55.0784
24.3748	0.690121E-03	0.118639	55.0922
24.5552	0.680833E-03	0.118715	55.1008
24.7368	0.671638E-03	0.118776	55.1073
24.9199	0.662542E-03	0.118830	55.1168
25.1042	0.653530E-03	0.118885	55.1277
25.2900	0.644622E-03	0.118931	55.1386
25.4771	0.635824E-03	0.118961	55.1508
25.6656	0.627104E-03	0.118994	55.1614
25.8555	0.618480E-03	0.119027	55.1675
26.0468	0.609963E-03	0.119055	55.1744
26.2395	0.601538E-03	0.119083	55.1860
26.4336	0.593226E-03	0.119098	55.1971
26.6292	0.584993E-03	0.119103	55.2046
26.8262	0.576855E-03	0.119102	55.2124
27.0247	0.568801E-03	0.119101	55.2219
27.2246	0.560840E-03	0.119089	55.2300
27.4261	0.552978E-03	0.119071	55.2376
27.6290	0.545200E-03	0.119058	55.2473
27.8334	0.537506E-03	0.119045	55.2569
28.0393	0.529907E-03	0.119020	55.2638
28.2468	0.522410E-03	0.118984	55.2696
28.4558	0.514988E-03	0.118951	55.2767
28.6663	0.507668E-03	0.118913	55.2835
28.8784	0.500444E-03	0.118868	55.2884
29.0921	0.493306E-03	0.118827	55.2952
29.3073	0.486237E-03	0.118789	55.3042
29.5241	0.479260E-03	0.118731	55.3104
29.7426	0.472371E-03	0.118653	55.3145
29.9626	0.465559E-03	0.118583	55.3199
30.1843	0.458824E-03	0.118524	55.3266
30.4076	0.452185E-03	0.118450	55.3324
30.6326	0.445629E-03	0.118369	55.3372
30.8592	0.439155E-03	0.118294	55.3425
31.0876	0.432759E-03	0.118216	55.3488
31.3176	0.426447E-03	0.118128	55.3545
31.5493	0.420221E-03	0.118036	55.3603
31.7827	0.414072E-03	0.117935	55.3679
32.0178	0.408009E-03	0.117822	55.3743
32.2547	0.402018E-03	0.117712	55.3789
32.4934	0.396109E-03	0.117610	55.3834
32.7338	0.390272E-03	0.117513	55.3859
32.9760	0.384506E-03	0.117407	55.3874
33.2199	0.378820E-03	0.117290	55.3913
33.4657	0.373204E-03	0.117176	55.3977
33.7133	0.367667E-03	0.117052	55.4031
33.9628	0.362198E-03	0.116919	55.4044
34.2140	0.356794E-03	0.116791	55.4056
34.4672	0.351469E-03	0.116663	55.4103
34.7222	0.346230E-03	0.116525	55.4145
34.9791	0.341063E-03	0.116394	55.4175
35.2379	0.335958E-03	0.116266	55.4219
35.4986	0.330924E-03	0.116122	55.4263
35.7612	0.325961E-03	0.115967	55.4289
36.0258	0.321065E-03	0.115817	55.4287
36.2924	0.316227E-03	0.115689	55.4297
36.5609	0.311458E-03	0.115554	55.4349
36.8314	0.306761E-03	0.115392	55.4386
37.1039	0.302125E-03	0.115226	55.4399
37.3784	0.297553E-03	0.115066	55.4417
37.6550	0.293044E-03	0.114902	55.4424
37.9336	0.288599E-03	0.114729	55.4437
38.2142	0.284215E-03	0.114560	55.4479
38.4969	0.279889E-03	0.114394	55.4526
38.7818	0.275619E-03	0.114207	55.4532
39.0687	0.271406E-03	0.114008	55.4516
39.3578	0.267249E-03	0.113822	55.4545
39.6490	0.263163E-03	0.113640	55.4604
39.9423	0.259142E-03	0.113454	55.4635
40.2378	0.255173E-03	0.113261	55.4647
40.5355	0.251257E-03	0.113067	55.4667
40.8354	0.247393E-03	0.112869	55.4676
41.1376	0.243588E-03	0.112662	55.4655
41.4419	0.239838E-03	0.112460	55.4636
41.7485	0.236142E-03	0.112257	55.4630
42.0574	0.232499E-03	0.112035	55.4620
42.3686	0.228907E-03	0.111810	55.4624
42.6821	0.225371E-03	0.111604	55.4637
42.9978	0.221887E-03	0.111410	55.4640
43.3160	0.218452E-03	0.111210	55.4654
43.6365	0.215064E-03	0.111002	55.4674
43.9593	0.211725E-03	0.110793	55.4673
44.2845	0.208439E-03	0.110572	55.4659
44.6122	0.205202E-03	0.110332	55.4668
44.9423	0.202005E-03	0.110089	55.4688
45.2748	0.198852E-03	0.109848	55.4681
45.6097	0.195744E-03	0.109607	55.4675
45.9472	0.192686E-03	0.109372	55.4714
46.2871	0.189674E-03	0.109137	55.4745
46.6296	0.186710E-03	0.108889	55.4720
46.9746	0.183787E-03	0.108638	55.4705
47.3221	0.180898E-03	0.108397	55.4736
47.6723	0.178052E-03	0.108136	55.4740
48.0250	0.175256E-03	0.107851	55.4722
48.3803	0.172502E-03	0.107576	55.4735
48.7382	0.169793E-03	0.107324	55.4725
49.0988	0.167126E-03	0.107071	55.4665
49.4621	0.164494E-03	0.106802	55.4616
49.8281	0.161898E-03	0.106530	55.4609
50.1967	0.159337E-03	0.106262	55.4616
50.5681	0.156813E-03	0.105993	55.4589
50.9423	0.154332E-03	0.105718	55.4571
51.3192	0.151889E-03	0.105439	55.4598
51.6988	0.149479E-03	0.105149	55.4598
52.0813	0.147103E-03	0.104846	55.4557
52.4667	0.144763E-03	0.104538	55.4524
52.8549	0.142459E-03	0.104233	55.4482
53.2459	0.140193E-03	0.103928	55.4433
53.6399	0.137964E-03	0.103627	55.4428
54.0367	0.135765E-03	0.103328	55.4417
54.4365	0.133594E-03	0.103027	55.4355
54.8393	0.131457E-03	0.102710	55.4298
55.2450	0.129354E-03	0.102388	55.4276
55.6538	0.127282E-03	0.102076	55.4287
56.0655	0.125240E-03	0.101760	55.4326
56.4803	0.123227E-03	0.101428	55.4353
56.8982	0.121245E-03	0.101086	55.4335
57.3192	0.119294E-03	0.100742	55.4288
57.7433	0.117378E-03	0.100385	55.4245
58.1705	0.115488E-03	0.100004	55.4196
58.6009	0.113616E-03	0.996052E-01	55.4136
59.0344	0.111766E-03	0.991853E-01	55.4055
59.4712	0.109945E-03	0.987370E-01	55.3892
59.9112	0.108152E-03	0.982782E-01	55.3674
60.3545	0.106386E-03	0.978086E-01	55.3485
60.8010	0.104643E-03	0.973100E-01	55.3286
61.2509	0.102925E-03	0.967841E-01	55.2990
61.7040	0.101232E-03	0.962486E-01	55.2641
62.1606	0.995650E-04	0.957151E-01	55.2338
62.6205	0.979214E-04	0.951720E-01	55.2044
63.0838	0.963027E-04	0.945983E-01	55.1698
63.5505	0.947044E-04	0.940010E-01	55.1314
64.0207	0.931261E-04	0.933781E-01	55.0886
64.4944	0.915701E-04	0.927219E-01	55.0404
64.9715	0.900353E-04	0.920348E-01	54.9890
65.4522	0.885224E-04	0.913250E-01	54.9410
65.9365	0.870333E-04	0.906010E-01	54.8985
66.4243	0.855672E-04	0.898563E-01	54.8556
66.9158	0.841210E-04	0.890919E-01	54.8137
67.4109	0.826966E-04	0.883055E-01	54.7736
67.9096	0.812919E-04	0.874782E-01	54.7276
68.4121	0.799056E-04	0.866067E-01	54.6768
68.9182	0.785391E-04	0.857156E-01	54.6287
69.4281	0.771930E-04	0.848132E-01	54.5840
69.9418	0.758661E-04	0.838766E-01	54.5403
70.4593	0.745575E-04	0.828992E-01	54.4968
70.9806	0.732657E-04	0.818887E-01	54.4536
71.5057	0.719928E-04	0.808358E-01	54.4112
72.0348	0.707376E-04	0.797475E-01	54.3681
72.5677	0.694985E-04	0.786332E-01	54.3290
73.1046	0.682753E-04	0.774824E-01	54.3014
73.6455	0.670682E-04	0.762830E-01	54.2850
74.1904	0.658797E-04	0.750417E-01	54.2754
74.7393	0.647058E-04	0.737698E-01	54.2681
75.2923	0.635492E-04	0.724347E-01	54.2675
75.8493	0.624103E-04	0.710275E-01	54.2820
76.4105	0.612872E-04	0.695822E-01	54.3093
76.9758	0.601781E-04	0.681107E-01	54.3477
77.5454	0.590831E-04	0.665991E-01	54.4029
78.1191	0.580026E-04	0.650449E-01	54.4811
78.6971	0.569358E-04	0.634478E-01	54.5877
79.2793	0.558834E-04	0.617909E-01	54.7244
79.8659	0.548430E-04	0.600584E-01	54.8861
80.4568	0.538141E-04	0.582650E-01	55.0741
81.0521	0.527972E-04	0.564380E-01	55.3021
81.6517	0.517922E-04	0.545732E-01	55.5828
82.2558	0.508014E-04	0.526609E-01	55.9269
82.8644	0.498231E-04	0.507117E-01	56.3432
83.4775	0.488556E-04	0.487336E-01	56.8335
84.0951	0.478994E-04	0.467321E-01	57.4070
84.7173	0.469545E-04	0.447217E-01	58.0914
85.3441	0.460192E-04	0.427140E-01	58.9134
85.9755	0.450941E-04	0.407042E-01	59.8846
86.6116	0.441793E-04	0.387066E-01	61.0313
87.2525	0.432742E-04	0.367615E-01	62.3897
87.8980	0.423785E-04	0.348862E-01	63.9799
88.5483	0.414928E-04	0.331056E-01	65.8160
89.2035	0.406152E-04	0.314888E-01	67.9011
89.8635	0.397429E-04	0.300948E-01	70.2383
90.5283	0.388787E-04	0.289505E-01	72.8204
91.1981	0.380214E-04	0.281053E-01	75.6058
91.8729	0.371696E-04	0.276426E-01	78.5187
92.5526	0.363177E-04	0.276297E-01	81.4851
93.2374	0.354644E-04	0.281165E-01	84.4918
93.9272	0.346126E-04	0.291103E-01	87.4672
94.6221	0.337663E-04	0.304773E-01	90.2179
95.3222	0.329283E-04	0.319674E-01	92.6229
96.0275	0.320995E-04	0.331516E-01	94.7373
96.7379	0.312807E-04	0.335306E-01	96.7460
97.4537	0.304713E-04	0.328603E-01	98.8598
98.1747	0.296700E-04	0.310730E-01	101.309
98.9010	0.288798E-04	0.281246E-01	104.436
99.6328	0.281026E-04	0.244374E-01	108.805
