0.150000006 5.00000007E-2 0 0 0 0 0 0 0 0
0.25 5.00000045E-2 0 0 0 0 0 0 0 0
0.350000024 4.9999997E-2 0 0 0 0 0 0 0 0
0.449999988 4.9999997E-2 2.82970022E-20 2.95113457E-41 0 0 1.22011057E-41 6.90111468E-41 4.23695844E-21 2.40600441E-20
0.550000012 5.00000119E-2 3.2777861E-18 3.05495693E-36 0 0 1.35615029E-36 7.01336707E-36 5.29375068E-19 2.74841098E-18
0.650000036 5.00000119E-2 8.05440834E-15 4.43085221E-29 0 0 2.27208606E-29 1.92988689E-28 8.45411726E-16 7.20899662E-15
0.75 4.99999821E-2 4.84286829E-12 1.42150653E-23 0 0 7.02327203E-24 1.74453358E-22 1.86718601E-13 4.6561496E-12
0.850000024 5.00000119E-2 2.32575112E-10 2.98950053E-20 0 0 1.51273918E-20 6.81773324E-19 5.0291403E-12 2.27545982E-10
0.950000048 4.99999821E-2 6.97716862E-9 6.37817861E-17 0 0 3.31474234E-17 1.67334503E-15 1.35007533E-10 6.84215928E-9
1.04999995 5.00000119E-2 6.69469671E-8 3.4178596E-14 0 0 2.03467021E-14 5.7848805E-13 2.26606311E-9 6.46802718E-8
1.1500001 5.00000119E-2 1.98045129E-7 3.24014014E-12 0 0 2.38504745E-12 2.18766082E-11 1.93975893E-8 1.78620041E-7
1.25 5.00000119E-2 5.02424029E-7 9.69667541E-11 0 0 5.64125309E-11 3.82741783E-10 6.42515516E-8 4.37636373E-7
1.35000014 5.00000119E-2 1.17340744E-6 5.22111909E-10 0 0 2.94848729E-10 2.4957727E-9 1.23196713E-7 1.04689798E-6
1.45000005 4.99999523E-2 2.27529836E-6 4.21145563E-9 0 0 2.61967226E-9 1.57437459E-8 3.20290383E-7 1.93243295E-6
1.54999995 5.00000119E-2 2.42955798E-6 2.16185203E-8 0 0 1.29428228E-8 3.78985483E-8 5.98304041E-7 1.75879393E-6
1.6500001 5.00000119E-2 3.34443598E-6 7.89311443E-8 0 0 4.61365239E-8 1.00601603E-7 9.77955096E-7 2.1408116E-6
1.75 5.00000119E-2 5.92433071E-6 2.22238199E-7 0 0 1.3424669E-7 3.29349149E-7 1.51273446E-6 3.72576233E-6
1.85000014 5.00000119E-2 1.64160792E-5 3.5167966E-7 0 0 2.10252153E-7 1.51062818E-6 1.74643844E-6 1.25970801E-5
1.95000005 4.99999523E-2 7.00546434E-6 5.90939692E-7 0 0 3.46236789E-7 5.79937989E-7 2.04671392E-6 3.44163618E-6
2.04999995 4.99999523E-2 1.56224014E-5 1.08471204E-6 0 0 7.49230139E-7 2.13952308E-6 3.01253249E-6 8.63640344E-6
2.1500001 5.00000715E-2 1.34057073E-5 1.7864088E-6 0 0 1.03633738E-6 1.92817743E-6 3.01784985E-6 5.63693402E-6
2.25 4.99999523E-2 1.47061082E-5 2.69769453E-6 0 0 1.57402337E-6 2.15171872E-6 3.49129482E-6 4.7913768E-6
2.3499999 4.99999523E-2 1.95040357E-5 3.79877861E-6 0 0 2.31013132E-6 3.37175288E-6 4.06582649E-6 5.95754545E-6
2.44999981 5.00000715E-2 3.81396421E-5 4.71297881E-6 0 0 2.78139873E-6 1.05539766E-5 4.17753654E-6 1.59137526E-5
2.54999995 4.99999523E-2 2.01524072E-5 5.15853253E-6 0 0 3.04349737E-6 3.25876636E-6 4.18887157E-6 4.5027391E-6
2.6500001 5.00000715E-2 2.51614092E-5 6.44553302E-6 0 0 4.49818072E-6 4.10606071E-6 5.27635302E-6 4.83528174E-6
2.75 4.99999523E-2 2.43691593E-5 7.76330489E-6 0 0 4.51423148E-6 3.69192071E-6 4.61256786E-6 3.7871348E-6
2.8499999 4.99999523E-2 2.88407809E-5 9.07047433E-6 0 0 5.27030488E-6 5.09049823E-6 4.77719732E-6 4.63230526E-6
2.94999981 5.00000715E-2 2.85994192E-5 1.03327475E-5 0 0 5.98438737E-6 4.06436175E-6 4.88631667E-6 3.33160688E-6
3.04999995 4.99999523E-2 3.10609248E-5 1.15237344E-5 0 0 6.59462376E-6 4.59331659E-6 4.9134751E-6 3.43577403E-6
3.1500001 5.00000715E-2 3.90504028E-5 1.26247405E-5 0 0 7.62081936E-6 8.02705927E-6 5.23845301E-6 5.53933114E-6
3.25 4.99999523E-2 3.24691537E-5 1.32389459E-5 0 0 7.64220931E-6 4.00268846E-6 4.97132032E-6 2.613991E-6
3.3499999 4.99999523E-2 3.46437228E-5 1.40958282E-5 0 0 8.8508159E-6 3.89897014E-6 5.40691008E-6 2.3911964E-6
3.44999981 5.00000715E-2 3.4051176E-5 1.48918043E-5 0 0 8.45155682E-6 3.69489294E-6 4.87381203E-6 2.1391113E-6
3.54999995 4.99999523E-2 3.46834277E-5 1.55824164E-5 0 0 8.78200717E-6 3.55436327E-6 4.81017514E-6 1.95446728E-6
3.6500001 5.00000715E-2 3.54761651E-5 1.61712542E-5 0 0 9.04093758E-6 3.62955598E-6 4.72862939E-6 1.90578885E-6
3.75 4.99999523E-2 3.52728275E-5 1.66637019E-5 0 0 9.2477685E-6 3.1396205E-6 4.64020741E-6 1.58152875E-6
3.8499999 4.99999523E-2 3.72267605E-5 1.70662879E-5 0 0 9.54854386E-6 4.03757622E-6 4.61518221E-6 1.95916914E-6
3.94999981 5.00000715E-2 3.69164991E-5 1.73861699E-5 0 0 1.00368661E-5 3.26977943E-6 4.68984945E-6 1.5338353E-6
4.05000019 4.99999523E-2 3.50174487E-5 1.7478942E-5 0 0 9.565043E-6 2.48292031E-6 4.35549691E-6 1.13504495E-6
4.14999962 4.99999523E-2 3.63535037E-5 1.76041249E-5 0 0 1.06302405E-5 2.35537141E-6 4.71496151E-6 1.04880291E-6
4.25 5.00001907E-2 3.45632761E-5 1.77724141E-5 0 0 9.58968485E-6 2.13577368E-6 4.13979296E-6 9.25612028E-7
4.35000038 4.99999523E-2 3.42070598E-5 1.78808041E-5 0 0 9.56825625E-6 1.91732533E-6 4.02996875E-6 8.10707434E-7
4.44999981 4.99999523E-2 3.37608399E-5 1.79359849E-5 0 0 9.45680404E-6 1.75006244E-6 3.89446086E-6 7.23529013E-7
4.55000019 4.99999523E-2 3.3615459E-5 1.79442213E-5 0 0 9.47165609E-6 1.69276632E-6 3.82121425E-6 6.85601776E-7
4.64999962 4.99999523E-2 3.29893264E-5 1.79112958E-5 0 0 9.35455409E-6 1.44540263E-6 3.70357679E-6 5.74495402E-7
4.75 5.00001907E-2 3.25881156E-5 1.78425089E-5 0 0 9.29989528E-6 1.31366266E-6 3.61886214E-6 5.13188979E-7
4.85000038 4.99999523E-2 3.23482054E-5 1.774267E-5 0 0 9.36650849E-6 1.19298579E-6 3.58733928E-6 4.58700754E-7
4.94999981 4.99999523E-2 3.15776633E-5 1.76161157E-5 0 0 9.06718924E-6 1.06757739E-6 3.42226213E-6 4.04519483E-7
5.05000019 4.99999523E-2 3.09172938E-5 1.74667366E-5 0 0 8.83671964E-6 9.63199341E-7 3.2905607E-6 3.60076228E-7
5.14999962 4.99999523E-2 3.04214864E-5 1.72980162E-5 0 0 8.72506189E-6 8.68898951E-7 3.20871277E-6 3.20797596E-7
5.25 5.00001907E-2 2.97497063E-5 1.71130414E-5 0 0 8.48648779E-6 7.80253572E-7 3.08515951E-6 2.84763871E-7
5.35000038 4.99999523E-2 2.91572305E-5 1.69145515E-5 0 0 8.30190493E-6 7.01525096E-7 2.98594296E-6 2.53306553E-7
5.44999981 4.99999523E-2 2.8815628E-5 1.6704962E-5 0 0 8.26588075E-6 6.63839558E-7 2.94361325E-6 2.37330866E-7
5.55000019 4.99999523E-2 2.80235436E-5 1.64864123E-5 0 0 7.96209224E-6 5.65383345E-7 2.80938229E-6 2.00274712E-7
5.64999962 4.99999523E-2 2.79436445E-5 1.62607575E-5 0 0 8.14826035E-6 5.06323317E-7 2.85048259E-6 1.77820127E-7
5.75 5.00001907E-2 2.68770727E-5 1.60296458E-5 0 0 7.59765226E-6 4.54685591E-7 2.6366763E-6 1.58411993E-7
5.85000038 4.99999523E-2 2.63151414E-5 1.57944996E-5 0 0 7.41780286E-6 4.06990495E-7 2.55510827E-6 1.4074007E-7
5.94999981 4.99999523E-2 2.60478009E-5 1.55565667E-5 0 0 7.45372836E-6 3.63162542E-7 2.54963334E-6 1.24710979E-7
6.05000019 4.99999523E-2 2.51544443E-5 1.53169258E-5 0 0 7.01595536E-6 3.26046006E-7 2.38427992E-6 1.11236886E-7
6.14999962 4.99999523E-2 2.48535853E-5 1.50765081E-5 0 0 7.01628642E-6 2.91930348E-7 2.36987012E-6 9.89910518E-8
6.25 5.00001907E-2 2.39910787E-5 1.48361196E-5 0 0 6.59279067E-6 2.60296304E-7 2.2141121E-6 8.77602346E-8
6.35000038 4.99999523E-2 1.09125234E-4 1.45964577E-5 8.56717743E-5 0 6.40600729E-6 2.33003988E-7 2.13985413E-6 7.81375107E-8
6.44999981 4.99999523E-2 1.09629873E-4 1.43581128E-5 8.64468893E-5 0 6.33388845E-6 2.89328881E-7 2.10511257E-6 9.65375193E-8
6.55000019 4.99999523E-2 2.3616054E-5 1.41215851E-5 0 0 6.3176476E-6 8.1605134E-7 2.08977553E-6 2.70994946E-7
6.64999962 4.99999523E-2 5.73038669E-5 1.38873074E-5 0 0 3.1875079E-5 7.85136365E-7 1.04967785E-5 2.59566946E-7
6.75 5.00001907E-2 5.75389167E-5 1.36556346E-5 0 0 3.28728602E-5 1.73415202E-7 1.07799169E-5 5.70905954E-8
6.85000038 4.99999523E-2 2.11151619E-5 1.34268721E-5 0 0 5.66211429E-6 1.33112508E-7 1.84941382E-6 4.36489493E-8
6.94999981 4.99999523E-2 4.1763953E-5 1.32012601E-5 0 0 2.14312204E-5 1.18753697E-7 6.97392124E-6 3.87950863E-8
7.05000019 4.99999523E-2 4.26177612E-5 1.29790087E-5 0 2.25410677E-5 5.25352061E-6 1.06109965E-7 1.70351313E-6 3.45422571E-8
7.14999962 4.99999523E-2 1.76115118E-5 1.14204213E-5 0 0 4.52178483E-6 8.49430037E-8 1.55503562E-6 2.93263174E-8
7.25 5.00001907E-2 1.71404045E-5 1.111657E-5 0 0 4.40422309E-6 7.52506466E-8 1.51831625E-6 2.6043697E-8
7.35000038 4.99999523E-2 1.67420349E-5 1.09754646E-5 0 0 4.22663925E-6 6.74096583E-8 1.44931482E-6 2.32054038E-8
7.44999981 4.99999523E-2 1.64643589E-5 1.08341956E-5 0 0 4.13742418E-6 6.04922761E-8 1.41152827E-6 2.07185273E-8
7.55000019 4.99999523E-2 1.62002289E-5 1.06930556E-5 0 0 4.05690935E-6 5.43500569E-8 1.37738937E-6 1.85251139E-8
7.64999962 4.99999523E-2 1.59263436E-5 1.05523031E-5 0 0 3.96773612E-6 4.88058447E-8 1.34093955E-6 1.65591363E-8
7.75 5.00001907E-2 1.73576245E-5 1.04121673E-5 0 0 5.15300007E-6 4.37592149E-8 1.73391641E-6 1.47821302E-8
7.85000038 4.99999523E-2 2.26334032E-5 1.02728463E-5 0 0 9.21881656E-6 3.93694819E-8 3.08912627E-6 1.32440157E-8
7.94999981 4.99999523E-2 1.50834612E-5 1.01345177E-5 0 0 3.67521193E-6 3.52653657E-8 1.22665006E-6 1.18164269E-8
8.05000019 5.00001907E-2 1.49454745E-5 9.99733311E-6 0 0 3.68183214E-6 3.15542863E-8 1.2242225E-6 1.05330518E-8
8.15000057 5.00001907E-2 1.51838331E-5 9.86142277E-6 0 0 3.96960422E-6 2.82525612E-8 1.31515583E-6 9.39695788E-9
8.25 4.99997139E-2 1.86526358E-5 9.72690486E-6 0 0 6.68476332E-6 2.54402952E-8 2.20709398E-6 8.43250092E-9
8.35000038 5.00001907E-2 1.43812322E-5 9.56188796E-6 0 0 3.60089962E-6 2.34613715E-8 1.18721789E-6 7.76555087E-9
8.45000076 5.00001907E-2 1.45654503E-5 9.41877352E-6 0 0 3.85254043E-6 2.03184065E-8 1.26710904E-6 6.70897071E-9
8.55000114 4.99997139E-2 1.34656293E-5 9.29202452E-6 0 0 3.12483144E-6 1.82420568E-8 1.02452736E-6 6.00440897E-9
8.65000057 5.00001907E-2 1.43770776E-5 9.16676254E-6 0 0 3.91030699E-6 1.64213549E-8 1.27819783E-6 5.38884493E-9
8.75 4.99997139E-2 1.39219173E-5 9.04305671E-6 0 0 3.66485642E-6 1.4685364E-8 1.19451352E-6 4.80527573E-9
8.85000038 5.00001907E-2 1.29104365E-5 8.92094977E-6 0 0 2.99763178E-6 1.32012934E-8 9.74345539E-7 4.30775193E-9
8.95000076 5.00001907E-2 1.30364961E-5 8.80048901E-6 0 0 3.18711295E-6 1.18417498E-8 1.0331978E-6 3.8539083E-9
9.05000114 4.99997139E-2 1.2865532E-5 8.68170901E-6 0 0 3.15086845E-6 1.06380753E-8 1.01886269E-6 3.453408E-9
9.15000057 5.00001907E-2 1.26083496E-5 8.5646343E-6 0 0 3.04790683E-6 9.54130464E-9 9.83177529E-7 3.0898506E-9
9.25 4.99997139E-2 1.21163239E-5 8.44928491E-6 0 0 2.76564515E-6 8.57255689E-9 8.90050785E-7 2.76967071E-9
9.35000038 5.00001907E-2 1.19017122E-5 8.33567628E-6 0 0 2.69159659E-6 7.67879715E-9 8.64285482E-7 2.4753688E-9
9.45000076 5.00001907E-2 1.16878773E-5 8.22381389E-6 0 0 2.61654259E-6 6.91313495E-9 8.38383812E-7 2.2237685E-9
9.55000114 4.99997139E-2 1.1526804E-5 8.11370592E-6 0 0 2.57994247E-6 6.20891338E-9 8.24954043E-7 1.99312633E-9
9.65000057 5.00001907E-2 1.134578E-5 8.00534872E-6 0 0 2.52674681E-6 5.5585585E-9 8.06345668E-7 1.7808246E-9
9.75 4.99997139E-2 1.10925421E-5 7.89874048E-6 0 0 2.41726207E-6 5.00152808E-9 7.69938993E-7 1.59931768E-9
9.85000038 5.00001907E-2 1.09394159E-5 7.79387119E-6 0 0 2.38222128E-6 4.49763027E-9 7.57389842E-7 1.43555745E-9
9.95000076 5.00001907E-2 1.07395108E-5 7.69073449E-6 0 0 2.31024137E-6 4.03647027E-9 7.33212232E-7 1.28609656E-9
10.0500011 4.99997139E-2 1.05925728E-5 7.59039449E-6 0 0 2.27626333E-6 3.61722741E-9 7.21147217E-7 1.15047383E-9
10.1500006 5.00001907E-2 1.04105502E-5 7.49272931E-6 0 0 2.21350751E-6 3.26330163E-9 7.00013629E-7 1.03605347E-9
10.25 4.99997139E-2 1.02338245E-5 7.39658026E-6 0 0 2.15351656E-6 2.92714164E-9 6.79872869E-7 9.27732391E-10
10.3500004 5.00001907E-2 1.00719863E-5 7.30194051E-6 0 0 2.10357121E-6 2.63227151E-9 6.63008848E-7 8.32898805E-10
10.4500008 5.00001907E-2 9.90721492E-6 7.20880325E-6 0 0 2.05015658E-6 2.36151831E-9 6.45147225E-7 7.4604084E-10
10.5500011 4.99997139E-2 9.74341037E-6 7.11715848E-6 0 0 1.99623173E-6 2.1303399E-9 6.27217958E-7 6.71979306E-10
10.6500006 5.00001907E-2 9.58071359E-6 7.0269939E-6 0 0 1.9419449E-6 1.91045735E-9 6.09263054E-7 6.01734274E-10
10.75 4.99997139E-2 9.42048337E-6 6.93829679E-6 0 0 1.88832212E-6 1.72257753E-9 5.91599758E-7 5.41788947E-10
10.8500004 5.00001907E-2 9.26036137E-6 6.85105124E-6 0 0 1.83360771E-6 1.54393254E-9 5.7367356E-7 4.84938034E-10
10.9500008 5.00001907E-2 9.11374445E-6 6.76524269E-6 0 0 1.78800531E-6 1.39053413E-9 5.58669797E-7 4.36181757E-10
11.0500011 4.99997139E-2 8.97462542E-6 6.68085431E-6 0 0 1.74697004E-6 1.25284694E-9 5.45155444E-7 3.92493427E-10
11.1500006 5.00001907E-2 8.83874964E-6 6.59786792E-6 0 0 1.7072831E-6 1.1274226E-9 5.3211869E-7 3.52768009E-10
11.25 4.99997139E-2 8.70815711E-6 6.51626351E-6 0 0 1.67052212E-6 1.00920072E-9 5.20046456E-7 3.15403786E-10
11.3500004 5.00001907E-2 8.57918985E-6 6.43602516E-6 0 0 1.63390155E-6 9.12190878E-10 5.08066478E-7 2.84760548E-10
11.4500008 5.00001907E-2 8.45137583E-6 6.35712968E-6 0 0 1.59709305E-6 8.21860857E-10 4.96074392E-7 2.56279775E-10
11.5500011 4.99997139E-2 8.32468868E-6 6.27955933E-6 0 0 1.56009492E-6 7.37439498E-10 4.84067527E-7 2.29710459E-10
11.6500006 5.00001907E-2 8.19911384E-6 6.2032932E-6 0 0 1.52290704E-6 6.6320649E-10 4.72043865E-7 2.06375056E-10
11.75 4.99997139E-2 8.07460947E-6 6.12830945E-6 0 0 1.48551749E-6 5.98673111E-10 4.59997921E-7 1.86108975E-10
11.8500004 5.00001907E-2 7.95129745E-6 6.05458899E-6 0 0 1.44803892E-6 5.39003397E-10 4.47962691E-7 1.67398886E-10
11.9500008 5.00001907E-2 7.82904499E-6 5.98210863E-6 0 0 1.41039027E-6 4.84486229E-10 4.3591146E-7 1.50328014E-10
12.0500011 4.99997139E-2 7.70785391E-6 5.91084927E-6 0 0 1.3725861E-6 4.36185338E-10 4.23847098E-7 1.35219766E-10
12.1500006 5.00001907E-2 7.58881151E-6 5.84078998E-6 0 0 1.33547655E-6 3.92942928E-10 4.12030374E-7 1.21708782E-10
12.25 4.99997139E-2 7.47212471E-6 5.77190895E-6 0 0 1.29923797E-6 3.54551083E-10 4.005135E-7 1.09725291E-10
12.3500004 5.00001907E-2 7.3609117E-6 5.70418524E-6 0 0 1.26627424E-6 3.18818777E-10 3.90034899E-7 9.85868748E-11
12.4500008 5.00001907E-2 7.25564587E-6 5.6375975E-6 0 0 1.2369652E-6 2.86984964E-10 3.80707718E-7 8.86732909E-11
12.5500011 4.99997139E-2 7.15220767E-6 5.57212616E-6 0 0 1.20817822E-6 2.58628813E-10 3.71564738E-7 7.98509106E-11
12.6500006 5.00001907E-2 7.05364528E-6 5.50775076E-6 0 0 1.18226217E-6 2.33825515E-10 3.63326393E-7 7.21397317E-11
12.75 4.99997139E-2 6.95676135E-6 5.44445038E-6 0 0 1.15679143E-6 2.09977674E-10 3.55244879E-7 6.4735925E-11
12.8500004 5.00001907E-2 6.86109706E-6 5.38220456E-6 0 0 1.13142926E-6 1.88984939E-10 3.47215718E-7 5.8223551E-11
12.9500008 5.00001907E-2 6.76647142E-6 5.32099511E-6 0 0 1.10605276E-6 1.70874287E-10 3.39200312E-7 5.26085842E-11
13.0500011 4.99997139E-2 6.67279937E-6 5.26080112E-6 0 0 1.08061363E-6 1.54344315E-10 3.31183145E-7 4.74884368E-11
13.1500006 5.00001907E-2 6.58002318E-6 5.20160347E-6 0 0 1.05508377E-6 1.38456732E-10 3.23154723E-7 4.25732817E-11
13.25 4.99997139E-2 6.48811965E-6 5.14338353E-6 0 0 1.02945955E-6 1.2490442E-10 3.15113425E-7 3.83826478E-11
13.3500004 5.00001907E-2 6.3970856E-6 5.08612175E-6 0 0 1.0037536E-6 1.12993413E-10 3.07062464E-7 3.47018178E-11
13.4500008 5.00001907E-2 6.3076991E-6 5.02980038E-6 0 0 9.78577532E-7 1.01912673E-10 2.99188173E-7 3.1280728E-11
13.5500011 4.99997139E-2 6.21989102E-6 4.97440033E-6 0 0 9.53893277E-7 9.15816728E-11 2.91478074E-7 2.80940375E-11
13.6500006 5.00001907E-2 6.13295924E-6 4.91990431E-6 0 0 9.29175883E-7 8.26490196E-11 2.83771016E-7 2.53400408E-11
13.75 4.99997139E-2 6.04729621E-6 4.86629506E-6 0 0 9.04740659E-7 7.47397214E-11 2.76162723E-7 2.29029747E-11
13.8500004 5.00001907E-2 5.96636164E-6 4.81355482E-6 0 0 8.83253165E-7 6.74505105E-11 2.69465687E-7 2.06587004E-11
13.9500008 5.00001907E-2 5.88812554E-6 4.76166679E-6 0 0 8.63171294E-7 6.06830072E-11 2.63207966E-7 1.85767009E-11
14.0500011 4.99997139E-2 5.81114637E-6 4.71061503E-6 0 0 8.43404109E-7 5.47106666E-11 2.57055888E-7 1.67403036E-11
14.1500006 5.00001907E-2 5.73710349E-6 4.66038136E-6 0 0 8.25252016E-7 4.95165541E-11 2.51405169E-7 1.51438913E-11
14.25 4.99997139E-2 5.66409062E-6 4.61095169E-6 0 0 8.07266815E-7 4.47488192E-11 2.45813709E-7 1.3679495E-11
14.3500004 5.00001907E-2 5.59195178E-6 4.56230919E-6 0 0 7.89341698E-7 4.02330287E-11 2.40248681E-7 1.22935741E-11
14.4500008 5.00001907E-2 5.52100028E-6 4.51443884E-6 0 0 7.71728025E-7 3.62603593E-11 2.34786128E-7 1.10748988E-11
14.5500011 4.99997139E-2 5.4513207E-6 4.4673252E-6 0 0 7.54503446E-7 3.28958111E-11 2.29449313E-7 1.00430497E-11
14.6500006 5.00001907E-2 5.38234417E-6 4.42095325E-6 0 0 7.3724317E-7 2.9709301E-11 2.24108646E-7 9.06650276E-12
14.75 4.99997139E-2 5.31407477E-6 4.37531025E-6 0 0 7.1996169E-7 2.66998576E-11 2.18768278E-7 8.14485545E-12
14.8500004 5.00001907E-2 5.24739335E-6 4.3303794E-6 0 0 7.03345847E-7 2.40901205E-11 2.13636582E-7 7.34590253E-12
14.9500008 5.00001907E-2 5.18138677E-6 4.2861484E-6 0 0 6.86706187E-7 2.18722315E-11 2.08503735E-7 6.66707618E-12
15.0500011 4.99997139E-2 5.11603412E-6 4.24260361E-6 0 0 6.70037025E-7 1.97401557E-11 2.03367804E-7 6.01496934E-12
15.1500006 5.00001907E-2 5.05164917E-6 4.19973048E-6 0 0 6.53590689E-7 1.77533578E-11 1.98305116E-7 5.40764395E-12
15.25 4.99997139E-2 4.98806457E-6 4.15751674E-6 0 0 6.37247638E-7 1.60289403E-11 1.93279192E-7 4.88068917E-12
15.3500004 5.00001907E-2 4.92522213E-6 4.11595056E-6 0 0 6.20973424E-7 1.45516758E-11 1.88279287E-7 4.4293705E-12
15.4500008 5.00001907E-2 4.8666052E-6 4.07501784E-6 0 0 6.07451682E-7 1.31343721E-11 1.84118619E-7 3.99663722E-12
15.5500011 4.99997139E-2 4.80869949E-6 4.03470676E-6 0 0 5.93995367E-7 1.18268945E-11 1.79982038E-7 3.59762849E-12
15.6500006 5.00001907E-2 4.75142269E-6 3.9950055E-6 0 0 5.80550591E-7 1.06706926E-11 1.75853017E-7 3.24490391E-12
15.75 4.99997139E-2 4.69635643E-6 3.95590178E-6 0 0 5.6834034E-7 9.69196425E-12 1.72101792E-7 2.946376E-12
15.8500004 5.00001907E-2 4.64203822E-6 3.91738513E-6 0 0 5.56250882E-7 8.75830745E-12 1.6839067E-7 2.66174864E-12
15.9500008 4.99997139E-2 4.58831619E-6 3.87944374E-6 0 0 5.44174895E-7 7.88333374E-12 1.6468708E-7 2.39513726E-12
16.0499992 5.00001907E-2 4.53522398E-6 3.84206623E-6 0 0 5.32147283E-7 7.11310177E-12 1.61001424E-7 2.16051049E-12
16.1500015 5.00001907E-2 4.48272704E-6 3.80524261E-6 0 0 5.20148205E-7 6.46758428E-12 1.57327563E-7 1.96389953E-12
16.25 5.00001907E-2 4.43136651E-6 3.76896196E-6 0 0 5.0860308E-7 5.84450977E-12 1.53794019E-7 1.77422226E-12
16.3500023 5.00001907E-2 4.38076586E-6 3.73321336E-6 0 0 4.97230189E-7 5.26038414E-12 1.50315429E-7 1.59647837E-12
16.4500008 4.99992371E-2 4.33099513E-6 3.6979884E-6 0 0 4.86090471E-7 4.75303477E-12 1.46910082E-7 1.44213179E-12
16.5499992 5.00001907E-2 4.28185695E-6 3.66327572E-6 0 0 4.75041105E-7 4.32303845E-12 1.43534649E-7 1.31133646E-12
16.6500015 5.00001907E-2 4.23332767E-6 3.6290653E-6 0 0 4.64071519E-7 3.90518911E-12 1.40185847E-7 1.18429734E-12
16.75 5.00001907E-2 4.18528771E-6 3.59534897E-6 0 0 4.53096504E-7 3.51421756E-12 1.36837826E-7 1.06547572E-12
16.8500023 5.00001907E-2 4.13772568E-6 3.56211672E-6 0 0 4.42114896E-7 3.17851843E-12 1.33490161E-7 9.63470297E-13
16.9500008 4.99992371E-2 4.09078029E-6 3.52936058E-6 0 0 4.31239215E-7 2.88974704E-12 1.3017673E-7 8.75738447E-13
17.0499992 5.00001907E-2 4.04579077E-6 3.49707034E-6 0 0 4.21506712E-7 2.61054416E-12 1.27210498E-7 7.90949879E-13
17.1500015 5.00001907E-2 4.00221234E-6 3.46523802E-6 0 0 4.12504761E-7 2.35156426E-12 1.24466652E-7 7.12328579E-13
17.25 5.00001907E-2 3.95908228E-6 3.43385477E-6 0 0 4.03500678E-7 2.12666278E-12 1.21723957E-7 6.44065313E-13
17.3500023 5.00001907E-2 3.91664662E-6 3.40291263E-6 0 0 3.94690147E-7 1.93329142E-12 1.19041381E-7 5.85380811E-13
17.4500008 4.99992371E-2 3.87551836E-6 3.37240408E-6 0 0 3.86549516E-7 1.74789176E-12 1.16562454E-7 5.29136359E-13
17.5499992 5.00001907E-2 3.83486031E-6 3.34232027E-6 0 0 3.78442792E-7 1.57479195E-12 1.140953E-7 4.7663967E-13
17.6500015 5.00001907E-2 3.79484413E-6 3.31265323E-6 0 0 3.70507792E-7 1.42413869E-12 1.11681366E-7 4.30958193E-13
17.75 5.00001907E-2 3.75547233E-6 3.28339615E-6 0 0 3.62751734E-7 1.29498755E-12 1.0932277E-7 3.91801581E-13
17.8500023 5.00001907E-2 3.71655483E-6 3.25454107E-6 0 0 3.55034842E-7 1.17142418E-12 1.06977318E-7 3.54351585E-13
17.9500008 4.99992371E-2 3.67803727E-6 3.22608162E-6 0 0 3.47320338E-7 1.05565329E-12 1.04633862E-7 3.19273471E-13
18.0499992 5.00001907E-2 3.6400354E-6 3.19800984E-6 0 0 3.39703263E-7 9.54418727E-13 1.02321025E-7 2.88604833E-13
18.1500015 5.00001907E-2 3.60244439E-6 3.17031891E-6 0 0 3.321083E-7 8.68445669E-13 1.00016052E-7 2.62562135E-13
18.25 5.00001907E-2 3.5652331E-6 3.14300223E-6 0 0 3.24516748E-7 7.85609425E-13 9.77132544E-8 2.37477545E-13
18.3500023 5.00001907E-2 3.52868892E-6 3.11605254E-6 0 0 3.17154814E-7 7.08228994E-13 9.54807149E-8 2.14051121E-13
18.4500008 4.99992371E-2 3.49257721E-6 3.08946414E-6 0 0 3.09846712E-7 6.40490753E-13 9.32654558E-8 1.93546906E-13
18.5499992 5.00001907E-2 3.4568418E-6 3.06323022E-6 0 0 3.02554696E-7 5.8272148E-13 9.10560658E-8 1.76061951E-13
18.6500015 5.00001907E-2 3.42150497E-6 3.03734464E-6 0 0 2.95300623E-7 5.27230874E-13 8.88591103E-8 1.5927144E-13
18.75 5.00001907E-2 3.3873996E-6 3.01180125E-6 0 0 2.88729154E-7 4.75754418E-13 8.68684751E-8 1.43699031E-13
18.8500023 5.00001907E-2 3.35437335E-6 2.98659347E-6 0 0 2.82728763E-7 4.30055975E-13 8.50505089E-8 1.29876741E-13
18.9500008 4.99992371E-2 3.32168133E-6 2.96171675E-6 0 0 2.76730191E-7 3.91277261E-13 8.32338856E-8 1.1814837E-13
19.0499992 5.00001907E-2 3.28931583E-6 2.93716471E-6 0 0 2.70732272E-7 3.54176188E-13 8.14182428E-8 1.06930239E-13
19.1500015 5.00001907E-2 3.25801784E-6 2.91293122E-6 0 0 2.65309808E-7 3.19865526E-13 7.97763846E-8 9.65579342E-14
19.25 5.00001907E-2 3.22730648E-6 2.88901128E-6 0 0 2.60096613E-7 2.88956278E-13 7.81981129E-8 8.72154047E-14
19.3500023 5.00001907E-2 3.19690616E-6 2.86539921E-6 0 0 2.5488535E-7 2.62895716E-13 7.66210917E-8 7.9338947E-14
19.4500008 4.99992371E-2 3.16681894E-6 2.84209023E-6 0 0 2.49681591E-7 2.38214179E-13 7.50469411E-8 7.188091E-14
19.5499992 5.00001907E-2 3.1371469E-6 2.81907933E-6 0 0 2.44567133E-7 2.15192244E-13 7.35002317E-8 6.49257056E-14
19.6500015 5.00001907E-2 3.10782571E-6 2.79636038E-6 0 0 2.39497496E-7 1.94310036E-13 7.19675768E-8 5.86179461E-14
19.75 5.00001907E-2 3.07880305E-6 2.77392883E-6 0 0 2.34435973E-7 1.76821855E-13 7.04379275E-8 5.33356691E-14
19.8500023 5.00001907E-2 3.05005938E-6 2.75178036E-6 0 0 2.29371054E-7 1.60309063E-13 6.89078021E-8 4.83489862E-14
19.9500008 4.99992371E-2 3.02159538E-6 2.72991019E-6 0 0 2.24306646E-7 1.44854791E-13 6.73783589E-8 4.36828138E-14
20.0499992 5.00001907E-2 2.993424E-6 2.7083131E-6 0 0 2.19256862E-7 1.30779597E-13 6.58538326E-8 3.94336832E-14
20.1500015 5.00001907E-2 2.96553503E-6 2.68698477E-6 0 0 2.14217152E-7 1.18994414E-13 6.43328306E-8 3.58760364E-14
20.25 5.00001907E-2 2.93791527E-6 2.6659211E-6 0 0 2.09180811E-7 1.07946536E-13 6.28133208E-8 3.25415388E-14
20.3500023 5.00001907E-2 2.91076549E-6 2.64511709E-6 0 0 2.04305636E-7 9.75798964E-14 6.13426749E-8 2.94131954E-14
20.4500008 4.99992371E-2 2.88394972E-6 2.62456865E-6 0 0 1.99490515E-7 8.80821227E-14 5.98905103E-8 2.65474644E-14
20.5499992 5.00001907E-2 2.85827809E-6 2.60427214E-6 0 0 1.95361139E-7 8.01234892E-14 5.86446269E-8 2.4146231E-14
20.6500015 5.00001907E-2 2.83308873E-6 2.58422256E-6 0 0 1.91412653E-7 7.27256864E-14 5.74534162E-8 2.19145482E-14
20.75 5.00001907E-2 2.80826566E-6 2.56441672E-6 0 0 1.87558044E-7 6.57880055E-14 5.62907339E-8 1.98219991E-14
20.8500023 5.00001907E-2 2.78369498E-6 2.54484962E-6 0 0 1.83713723E-7 5.93567554E-14 5.51314869E-8 1.788248E-14
20.9500008 4.99992371E-2 2.75974458E-6 2.52551854E-6 0 0 1.80164832E-7 5.40011016E-14 5.40612177E-8 1.62673897E-14
21.0499992 5.00001907E-2 2.7361009E-6 2.50641892E-6 0 0 1.76673524E-7 4.90364653E-14 5.30085309E-8 1.47704233E-14
21.1500015 5.00001907E-2 2.71277668E-6 2.48754736E-6 0 0 1.73252062E-7 4.43766219E-14 5.19770893E-8 1.33655633E-14
21.25 5.00001907E-2 2.68968188E-6 2.46889999E-6 0 0 1.69834593E-7 4.0016076E-14 5.09471327E-8 1.2051124E-14
21.3500023 5.00001907E-2 2.66681855E-6 2.45047318E-6 0 0 1.66425352E-7 3.64194589E-14 4.99199153E-8 1.0966987E-14
21.4500008 4.99992371E-2 2.64419054E-6 2.43226395E-6 0 0 1.63029483E-7 3.30811564E-14 4.88969754E-8 9.96084234E-15
21.5499992 5.00001907E-2 2.62180811E-6 2.41426869E-6 0 0 1.59657773E-7 2.99482085E-14 4.78815458E-8 9.0167157E-15
21.6500015 5.00001907E-2 2.59965168E-6 2.3964833E-6 0 0 1.56298427E-7 2.6996834E-14 4.68700705E-8 8.1274319E-15
21.75 5.00001907E-2 2.57770898E-6 2.37890526E-6 0 0 1.52943514E-7 2.45768439E-14 4.5860169E-8 7.39827036E-15
21.8500023 5.00001907E-2 2.5559691E-6 2.36153096E-6 0 0 1.49587834E-7 2.23281968E-14 4.48502782E-8 6.72081638E-15
21.9500008 4.99992371E-2 2.53443113E-6 2.34435765E-6 0 0 1.46232722E-7 2.02190729E-14 4.38407852E-8 6.08547475E-15
22.0499992 5.00001907E-2 2.51310462E-6 2.32738171E-6 0 0 1.42888197E-7 1.82272495E-14 4.28346922E-8 5.48554673E-15
22.1500015 5.00001907E-2 2.49199729E-6 2.31060039E-6 0 0 1.39562488E-7 1.65921455E-14 4.18344577E-8 4.99306779E-15
22.25 5.00001907E-2 2.47117896E-6 2.2940103E-6 0 0 1.36311698E-7 1.50756821E-14 4.0856893E-8 4.53637177E-15
22.3500023 5.00001907E-2 2.4510191E-6 2.27760893E-6 0 0 1.33422276E-7 1.36586248E-14 3.99878388E-8 4.10966114E-15
22.4500008 4.99992371E-2 2.43144973E-6 2.26139332E-6 0 0 1.30844214E-7 1.23133959E-14 3.92122708E-8 3.70462988E-15
22.5499992 5.00001907E-2 2.41206908E-6 2.24536075E-6 0 0 1.28270287E-7 1.12054836E-14 3.84381167E-8 3.37105709E-15
22.6500015 5.00001907E-2 2.39290603E-6 2.22950803E-6 0 0 1.25725293E-7 1.01838153E-14 3.7672784E-8 3.06348015E-15
22.75 5.00001907E-2 2.37408995E-6 2.2138322E-6 0 0 1.23310969E-7 9.23133182E-15 3.69467621E-8 2.77676098E-15
22.8500023 5.00001907E-2 2.35556217E-6 2.19833146E-6 0 0 1.209837E-7 8.32465251E-15 3.62469628E-8 2.503862E-15
22.9500008 4.99992371E-2 2.33725018E-6 2.18300283E-6 0 0 1.18689876E-7 7.57025532E-15 3.55573277E-8 2.27680275E-15
23.0499992 5.00001907E-2 2.3191285E-6 2.1678436E-6 0 0 1.16412181E-7 6.88272037E-15 3.48726559E-8 2.06988488E-15
23.1500015 5.00001907E-2 2.30117416E-6 2.15285127E-6 0 0 1.14134693E-7 6.24147874E-15 3.41881723E-8 1.87691744E-15
23.25 5.00001907E-2 2.28339854E-6 2.13802332E-6 0 0 1.11868111E-7 5.63328748E-15 3.35070851E-8 1.69391555E-15
23.3500023 5.00001907E-2 2.26580323E-6 2.12335749E-6 0 0 1.09615421E-7 5.11827493E-15 3.28302825E-8 1.53895542E-15
23.4500008 4.99992371E-2 2.24838072E-6 2.10885128E-6 0 0 1.07372841E-7 4.65362442E-15 3.21566276E-8 1.39915824E-15
23.5499992 5.00001907E-2 2.23113057E-6 2.09450218E-6 0 0 1.05141908E-7 4.22235082E-15 3.14865787E-8 1.26941429E-15
23.6500015 5.00001907E-2 2.21403525E-6 2.08030815E-6 0 0 1.0291069E-7 3.81427491E-15 3.08165511E-8 1.1466609E-15
23.75 5.00001907E-2 2.19709273E-6 2.06626692E-6 0 0 1.00679301E-7 3.4627736E-15 3.01465874E-8 1.04093001E-15
23.8500023 5.00001907E-2 2.18038917E-6 2.05237598E-6 0 0 9.85160682E-8 3.14738321E-15 2.94971354E-8 9.46066981E-16
23.9500008 4.99992371E-2 2.16384865E-6 2.03863328E-6 0 0 9.6364154E-8 2.85749529E-15 2.88511792E-8 8.58881138E-16
24.0499992 5.00001907E-2 2.14745455E-6 2.02503702E-6 0 0 9.42122611E-8 2.58366669E-15 2.82053279E-8 7.76532595E-16
24.1500015 5.00001907E-2 2.13120802E-6 2.01158446E-6 0 0 9.2063253E-8 2.34348966E-15 2.75604393E-8 7.04307525E-16
24.25 5.00001907E-2 2.11550423E-6 1.99827423E-6 0 0 9.02221586E-8 2.1301517E-15 2.70078164E-8 6.40156691E-16
24.3500023 5.00001907E-2 2.10002395E-6 1.98510361E-6 0 0 8.84457165E-8 1.93455718E-15 2.64746323E-8 5.8134534E-16
24.4500008 4.99992371E-2 2.0847026E-6 1.97207123E-6 0 0 8.66851764E-8 1.75065542E-15 2.59462851E-8 5.26054206E-16
24.5499992 5.00001907E-2 2.06960908E-6 1.95917482E-6 0 0 8.49950794E-8 1.58658737E-15 2.54390997E-8 4.7672883E-16
24.6500015 5.00001907E-2 2.05476294E-6 1.94641257E-6 0 0 8.33923934E-8 1.44252368E-15 2.49581475E-8 4.33419401E-16
24.75 5.00001907E-2 2.04011849E-6 1.93378219E-6 0 0 8.18430621E-8 1.31012164E-15 2.44932306E-8 3.93618302E-16
24.8500023 5.00001907E-2 2.02560705E-6 1.92128255E-6 0 0 8.02956208E-8 1.18649612E-15 2.40289442E-8 3.56458199E-16
24.9500008 4.99992371E-2 2.01126932E-6 1.90891114E-6 0 0 7.87831169E-8 1.07473785E-15 2.35751809E-8 3.22867175E-16
25.0499992 5.00001907E-2 1.99706278E-6 1.89666673E-6 0 0 7.72736186E-8 9.77163148E-16 2.31223751E-8 2.93540274E-16
25.1500015 5.00001907E-2 1.98298221E-6 1.88454692E-6 0 0 7.57653353E-8 8.87448648E-16 2.26699939E-8 2.66577574E-16
25.25 5.00001907E-2 1.96903602E-6 1.87255011E-6 0 0 7.42656994E-8 8.04328352E-16 2.22202612E-8 2.41598202E-16
25.3500023 5.00001907E-2 1.95521397E-6 1.86067552E-6 0 0 7.27673992E-8 7.28243194E-16 2.17709815E-8 2.18734374E-16
25.4500008 4.99992371E-2 1.94155382E-6 1.84892053E-6 0 0 7.1301784E-8 6.6212539E-16 2.13315356E-8 1.98866409E-16
25.5499992 5.00001907E-2 1.92804282E-6 1.83728378E-6 0 0 6.98597944E-8 6.01266973E-16 2.0899213E-8 1.8057992E-16
25.6500015 5.00001907E-2 1.91466142E-6 1.82576355E-6 0 0 6.84279655E-8 5.45410179E-16 2.0469983E-8 1.63797233E-16
25.75 5.00001907E-2 1.90139576E-6 1.81435837E-6 0 0 6.69965345E-8 4.93582033E-16 2.00409218E-8 1.48225909E-16
25.8500023 5.00001907E-2 1.88824902E-6 1.80306654E-6 0 0 6.55692531E-8 4.4873058E-16 1.96131502E-8 1.34751083E-16
25.9500008 4.99992371E-2 1.87522971E-6 1.7918868E-6 0 0 6.41538875E-8 4.07623489E-16 1.918899E-8 1.22401806E-16
26.0499992 5.00001907E-2 1.86232091E-6 1.78081757E-6 0 0 6.27385148E-8 3.69927875E-16 1.87648777E-8 1.11077995E-16
26.1500015 5.00001907E-2 1.84970793E-6 1.76985691E-6 0 0 6.14671052E-8 3.34615707E-16 1.83838686E-8 1.0047082E-16
26.25 5.00001907E-2 1.83731481E-6 1.75900391E-6 0 0 6.02821686E-8 3.04261434E-16 1.80287607E-8 9.13531188E-17
26.3500023 5.00001907E-2 1.82502993E-6 1.74825698E-6 0 0 5.90987987E-8 2.76407074E-16 1.7674159E-8 8.29867494E-17
26.4500008 4.99992371E-2 1.81285054E-6 1.73761475E-6 0 0 5.79159796E-8 2.50973745E-16 1.73197616E-8 7.53479151E-17
26.5499992 5.00001907E-2 1.80080133E-6 1.72707564E-6 0 0 5.675399E-8 2.27083657E-16 1.69716294E-8 6.817301E-17
26.6500015 5.00001907E-2 1.7890095E-6 1.71663862E-6 0 0 5.5711606E-8 2.06434794E-16 1.66592979E-8 6.19716965E-17
26.75 5.00001907E-2 1.7773375E-6 1.70630187E-6 0 0 5.46842287E-8 1.87467397E-16 1.63514855E-8 5.62756316E-17
26.8500023 5.00001907E-2 1.76576646E-6 1.69606449E-6 0 0 5.36579741E-8 1.7034812E-16 1.60440408E-8 5.11347669E-17
26.9500008 4.99992371E-2 1.75432194E-6 1.68592533E-6 0 0 5.26534869E-8 1.54163093E-16 1.5743133E-8 4.62747301E-17
27.0499992 5.00001907E-2 1.74298225E-6 1.67588234E-6 0 0 5.16556398E-8 1.4009291E-16 1.54442432E-8 4.20498588E-17
27.1500015 5.00001907E-2 1.731765E-6 1.66593509E-6 0 0 5.06783699E-8 1.27239145E-16 1.51515316E-8 3.81903929E-17
27.25 5.00001907E-2 1.72065029E-6 1.65608174E-6 0 0 4.97077188E-8 1.15635707E-16 1.48608272E-8 3.47064802E-17
27.3500023 5.00001907E-2 1.70963187E-6 1.64632149E-6 0 0 4.87395155E-8 1.04638751E-16 1.45708814E-8 3.1404845E-17
27.4500008 4.99992371E-2 1.6987201E-6 1.63665322E-6 0 0 4.77825992E-8 9.50891958E-17 1.42843364E-8 2.85378271E-17
27.5499992 5.00001907E-2 1.68791439E-6 1.62707522E-6 0 0 4.68377479E-8 8.63623808E-17 1.4001424E-8 2.59179277E-17
27.6500015 5.00001907E-2 1.67720225E-6 1.61758669E-6 0 0 4.58960159E-8 7.84892691E-17 1.37194682E-8 2.35544014E-17
27.75 5.00001907E-2 1.66657867E-6 1.60818684E-6 0 0 4.49543229E-8 7.1059374E-17 1.34375471E-8 2.13240362E-17
27.8500023 5.00001907E-2 1.65604206E-6 1.59887372E-6 0 0 4.40126655E-8 6.45740663E-17 1.31556623E-8 1.93772733E-17
27.9500008 4.99992371E-2 1.64559196E-6 1.58964713E-6 0 0 4.30709974E-8 5.86478929E-17 1.28737954E-8 1.75984164E-17
28.0499992 5.00001907E-2 1.63522634E-6 1.58050523E-6 0 0 4.21291944E-8 5.32989857E-17 1.25919124E-8 1.59928919E-17
28.1500015 5.00001907E-2 1.62513493E-6 1.57144711E-6 0 0 4.13339514E-8 4.82931732E-17 1.23538566E-8 1.4490416E-17
28.25 5.00001907E-2 1.6151339E-6 1.56247188E-6 0 0 4.05444318E-8 4.38568448E-17 1.21175301E-8 1.31589033E-17
28.3500023 5.00001907E-2 1.60521881E-6 1.55357884E-6 0 0 3.97579107E-8 3.9832224E-17 1.18821166E-8 1.19510021E-17
28.4500008 4.99992371E-2 1.59538718E-6 1.54476641E-6 0 0 3.89734289E-8 3.61959678E-17 1.16473329E-8 1.08596928E-17
28.5499992 5.00001907E-2 1.58566593E-6 1.53603389E-6 0 0 3.8212459E-8 3.28276089E-17 1.14195933E-8 9.84882431E-18
28.6500015 5.00001907E-2 1.5760719E-6 1.52738016E-6 0 0 3.74887286E-8 2.97909031E-17 1.12029985E-8 8.93751447E-18
28.75 5.00001907E-2 1.566572E-6 1.51880442E-6 0 0 3.67774931E-8 2.70629392E-17 1.09901546E-8 8.11887946E-18
28.8500023 5.00001907E-2 1.55720761E-6 1.51030531E-6 0 0 3.61114836E-8 2.45824413E-17 1.07908402E-8 7.37453106E-18
28.9500008 4.99992371E-2 1.54793065E-6 1.50188237E-6 0 0 3.54541285E-8 2.23169905E-17 1.05941274E-8 6.69473583E-18
29.0499992 5.00001907E-2 1.53873793E-6 1.49353457E-6 0 0 3.48038363E-8 2.02374286E-17 1.0399539E-8 6.07074221E-18
29.1500015 5.00001907E-2 1.52962389E-6 1.48526078E-6 0 0 3.41570612E-8 1.83990942E-17 1.02060147E-8 5.51914261E-18
29.25 5.00001907E-2 1.52059545E-6 1.47706021E-6 0 0 3.3519914E-8 1.66966886E-17 1.00153805E-8 5.00834658E-18
29.3500023 5.00001907E-2 1.51164465E-6 1.46893217E-6 0 0 3.28866037E-8 1.51765375E-17 9.8259072E-9 4.55224664E-18
29.4500008 4.99992371E-2 1.50276549E-6 1.4608753E-6 0 0 3.22536664E-8 1.37603033E-17 9.63655733E-9 4.1273405E-18
29.5499992 5.00001907E-2 1.49396021E-6 1.45288925E-6 0 0 3.16229851E-8 1.25099611E-17 9.44789491E-9 3.75221409E-18
29.6500015 5.00001907E-2 1.48522645E-6 1.4449729E-6 0 0 3.09938564E-8 1.13521895E-17 9.25970767E-9 3.40487165E-18
29.75 5.00001907E-2 1.47656465E-6 1.43712555E-6 0 0 3.03669161E-8 1.0323176E-17 9.07218567E-9 3.09616495E-18
29.8500023 5.00001907E-2 1.46797072E-6 1.42934618E-6 0 0 2.97398817E-8 9.36035679E-18 8.88464946E-9 2.80732672E-18
29.9500008 4.99992371E-2 1.45944432E-6 1.42163435E-6 0 0 2.91128046E-8 8.51022605E-18 8.69711059E-9 2.55229866E-18
30.0499992 5.00001907E-2 1.45098511E-6 1.41398914E-6 0 0 2.84862907E-8 7.72220003E-18 8.50975113E-9 2.31590905E-18
30.1500015 5.00001907E-2 1.4427128E-6 1.40640941E-6 0 0 2.79531207E-8 7.02189403E-18 8.35028757E-9 2.10583764E-18
30.25 5.00001907E-2 1.43451734E-6 1.3988946E-6 0 0 2.74292002E-8 6.36743121E-18 8.19359691E-9 1.90952432E-18
30.3500023 5.00001907E-2 1.42638658E-6 1.39144424E-6 0 0 2.69054432E-8 5.78946275E-18 8.03696398E-9 1.73615946E-18
30.4500008 4.99992371E-2 1.41832788E-6 1.38405721E-6 0 0 2.63883777E-8 5.25334135E-18 7.88233834E-9 1.57535162E-18
30.5499992 5.00001907E-2 1.41035184E-6 1.37673294E-6 0 0 2.58866191E-8 4.77633938E-18 7.7322948E-9 1.43227946E-18
30.6500015 5.00001907E-2 1.40247778E-6 1.36947062E-6 0 0 2.54157282E-8 4.33168844E-18 7.59147945E-9 1.29891448E-18
30.75 5.00001907E-2 1.39466579E-6 1.36226959E-6 0 0 2.49454093E-8 3.93867839E-18 7.4508435E-9 1.18104052E-18
30.8500023 5.00001907E-2 1.38692076E-6 1.35512914E-6 0 0 2.44799239E-8 3.57379951E-18 7.31165839E-9 1.0716068E-18
30.9500008 4.99992371E-2 1.37924053E-6 1.34804861E-6 0 0 2.40183429E-8 3.24894686E-18 7.17364657E-9 9.74179603E-19
31.0499992 5.00001907E-2 1.37166035E-6 1.3410272E-6 0 0 2.35881288E-8 2.94679474E-18 7.04501169E-9 8.83563104E-19
31.1500015 5.00001907E-2 1.36414508E-6 1.33406445E-6 0 0 2.31628619E-8 2.6795271E-18 6.91786051E-9 8.03409923E-19
31.25 5.00001907E-2 1.35668836E-6 1.32715923E-6 0 0 2.27381847E-8 2.43268379E-18 6.79089318E-9 7.29384031E-19
31.3500023 5.00001907E-2 1.34929087E-6 1.32031141E-6 0 0 2.23150671E-8 2.21000533E-18 6.66439748E-9 6.62606154E-19
31.4500008 4.99992371E-2 1.3419517E-6 1.31352022E-6 0 0 2.18932072E-8 2.00570702E-18 6.53828325E-9 6.01341694E-19
31.5499992 5.00001907E-2 1.33466881E-6 1.30678495E-6 0 0 2.14716049E-8 1.8228604E-18 6.41225339E-9 5.465112E-19
31.6500015 5.00001907E-2 1.32744265E-6 1.30010471E-6 0 0 2.10512994E-8 1.65658779E-18 6.28661612E-9 4.96651751E-19
31.75 5.00001907E-2 1.32027264E-6 1.29347927E-6 0 0 2.06320987E-8 1.50326852E-18 6.1613159E-9 4.50677725E-19
31.8500023 5.00001907E-2 1.31315903E-6 1.28690795E-6 0 0 2.02146317E-8 1.36606159E-18 6.03653882E-9 4.09535855E-19
31.9500008 4.99992371E-2 1.30610022E-6 1.28038982E-6 0 0 1.97982217E-8 1.24049112E-18 5.91208371E-9 3.71884015E-19
32.0499992 4.99992371E-2 1.29909495E-6 1.27392491E-6 0 0 1.93822363E-8 1.12834591E-18 5.78776049E-9 3.38258244E-19
32.1500015 5.00011444E-2 1.2921879E-6 1.26751195E-6 0 0 1.90019094E-8 1.02318044E-18 5.67409097E-9 3.06726145E-19
32.25 4.99992371E-2 1.28538363E-6 1.26115083E-6 0 0 1.86606943E-8 9.30583152E-19 5.57210589E-9 2.78962758E-19
32.3499985 4.99992371E-2 1.27863063E-6 1.25484087E-6 0 0 1.83195787E-8 8.45069944E-19 5.47015455E-9 2.53323959E-19
32.4499969 5.00011444E-2 1.27192823E-6 1.24858127E-6 0 0 1.79786834E-8 7.6868881E-19 5.36827427E-9 2.30423541E-19
32.5499992 4.99992371E-2 1.26527789E-6 1.24237181E-6 0 0 1.7639282E-8 6.96888861E-19 5.26684429E-9 2.08897174E-19
32.6500015 5.00011444E-2 1.25870508E-6 1.23621169E-6 0 0 1.73214811E-8 6.33901125E-19 5.17186827E-9 1.90013054E-19
32.75 4.99992371E-2 1.25219083E-6 1.23010045E-6 0 0 1.70111889E-8 5.7566213E-19 5.07913844E-9 1.72553004E-19
32.8499985 4.99992371E-2 1.24572534E-6 1.22403776E-6 0 0 1.67011223E-8 5.23625439E-19 4.98647967E-9 1.56952636E-19
32.9499969 5.00011444E-2 1.23931125E-6 1.21802282E-6 0 0 1.6393761E-8 4.74715852E-19 4.8946327E-9 1.4229011E-19
33.0499992 4.99992371E-2 1.23294637E-6 1.21205517E-6 0 0 1.60879505E-8 4.31774554E-19 4.80325291E-9 1.29416969E-19
33.1500015 5.00011444E-2 1.22663414E-6 1.20613447E-6 0 0 1.57864974E-8 3.92110881E-19 4.71317696E-9 1.17526649E-19
33.25 4.99992371E-2 1.22038421E-6 1.20026004E-6 0 0 1.54974025E-8 3.56678833E-19 4.62679495E-9 1.06905036E-19
33.3499985 4.99992371E-2 1.21418793E-6 1.19443166E-6 0 0 1.52141748E-8 3.2350341E-19 4.54216709E-9 9.69601081E-20
33.4499969 5.00011444E-2 1.2080385E-6 1.1886483E-6 0 0 1.4932283E-8 2.9407496E-19 4.4579429E-9 8.81385306E-20
33.5499992 4.99992371E-2 1.20193431E-6 1.18290984E-6 0 0 1.46506904E-8 2.6706604E-19 4.37381065E-9 8.0042384E-20
33.6500015 5.00011444E-2 1.19587651E-6 1.17721584E-6 0 0 1.43704826E-8 2.42946125E-19 4.29009495E-9 7.28123408E-20
33.75 4.99992371E-2 1.18986293E-6 1.17156583E-6 0 0 1.40906637E-8 2.20570967E-19 4.20649826E-9 6.61054247E-20
33.8499985 4.99992371E-2 1.18389505E-6 1.16595913E-6 0 0 1.38124623E-8 2.00273054E-19 4.1233883E-9 6.00212592E-20
33.9499969 5.00011444E-2 1.17797606E-6 1.16039553E-6 0 0 1.3538906E-8 1.82000544E-19 4.04166745E-9 5.45442767E-20
34.0499992 4.99992371E-2 1.17210152E-6 1.15487444E-6 0 0 1.32667157E-8 1.66199352E-19 3.96035693E-9 4.98080699E-20
34.1500015 5.00011444E-2 1.16626939E-6 1.14939553E-6 0 0 1.29947866E-8 1.51102336E-19 3.87912769E-9 4.52830397E-20
34.25 4.99992371E-2 1.16052297E-6 1.143958E-6 0 0 1.27569644E-8 1.3620608E-19 3.80808318E-9 4.0818313E-20
34.3499985 4.99992371E-2 1.15483385E-6 1.13856186E-6 0 0 1.25313138E-8 1.13592229E-19 3.74067399E-9 3.4040925E-20
34.4499969 5.00011444E-2 1.14918635E-6 1.13320664E-6 0 0 1.23062582E-8 1.04237966E-19 3.67344488E-9 3.12372577E-20
34.5499992 4.99992371E-2 1.14357965E-6 1.12789166E-6 0 0 1.20816015E-8 9.49569739E-20 3.60633678E-9 2.84556238E-20
34.6500015 5.00011444E-2 1.13802776E-6 1.12261648E-6 0 0 1.18685923E-8 8.57186395E-20 3.5427079E-9 2.56868515E-20
34.75 4.99992371E-2 1.13252395E-6 1.11738109E-6 0 0 1.16619239E-8 7.73246756E-20 3.48097395E-9 2.31711804E-20
34.8499985 4.99992371E-2 1.12706073E-6 1.1121848E-6 0 0 1.14563816E-8 7.096387E-20 3.4195784E-9 2.12648264E-20
34.9499969 5.00011444E-2 1.12163616E-6 1.10702706E-6 0 0 1.12508634E-8 6.47470196E-20 3.35819172E-9 1.94016602E-20
35.0499992 4.99992371E-2 1.11625002E-6 1.10190786E-6 0 0 1.10453291E-8 5.85315199E-20 3.29680239E-9 1.75389464E-20
35.1500015 5.00011444E-2 1.11090264E-6 1.09682662E-6 0 0 1.08404183E-8 5.26318674E-20 3.23560112E-9 1.57709254E-20
35.25 4.99992371E-2 1.10559438E-6 1.09178279E-6 0 0 1.06367652E-8 4.83066789E-20 3.17477733E-9 1.44747269E-20
35.3499985 4.99992371E-2 1.10032829E-6 1.08677625E-6 0 0 1.04369349E-8 4.4142739E-20 3.1150964E-9 1.32268749E-20
35.4499969 5.00011444E-2 1.09510074E-6 1.08180666E-6 0 0 1.02383559E-8 3.99790316E-20 3.05579029E-9 1.19791246E-20
35.5499992 4.99992371E-2 1.08992356E-6 1.07687333E-6 0 0 1.00505178E-8 3.59512598E-20 2.99969205E-9 1.07721364E-20
35.6500015 5.00011444E-2 1.08478412E-6 1.07197604E-6 0 0 9.86410154E-9 3.28788784E-20 2.94402014E-9 9.85143918E-21
35.75 4.99992371E-2 1.0796839E-6 1.06711434E-6 0 0 9.6804067E-9 3.00897061E-20 2.88916202E-9 9.01562244E-21
35.8499985 4.99992371E-2 1.07461972E-6 1.06228833E-6 0 0 9.49697121E-9 2.72986533E-20 2.83438273E-9 8.17926126E-21
35.9499969 5.00011444E-2 1.06959112E-6 1.05749723E-6 0 0 9.31408817E-9 2.45759205E-20 2.77976975E-9 7.36338895E-21
36.0499992 4.99992371E-2 1.064598E-6 1.05274069E-6 0 0 9.13190323E-9 2.23711061E-20 2.72536682E-9 6.70271276E-21
36.1500015 5.00011444E-2 1.05964114E-6 1.04801848E-6 0 0 8.95116958E-9 2.05031966E-20 2.67139844E-9 6.1429922E-21
36.25 4.99992371E-2 1.05471872E-6 1.04333026E-6 0 0 8.77092887E-9 1.86336295E-20 2.61757882E-9 5.58278816E-21
36.3499985 4.99992371E-2 1.04986225E-6 1.0386758E-6 0 0 8.61539018E-9 1.67970381E-20 2.57113264E-9 5.03247597E-21
36.4499969 5.00011444E-2 1.04504556E-6 1.03405432E-6 0 0 8.46496562E-9 1.52199908E-20 2.52621413E-9 4.55993693E-21
36.5499992 4.99992371E-2 1.04026185E-6 1.02946592E-6 0 0 8.31455171E-9 1.39691661E-20 2.48130028E-9 4.18514414E-21
36.6500015 5.00011444E-2 1.03551213E-6 1.02491038E-6 0 0 8.16505175E-9 1.27176652E-20 2.43665954E-9 3.81015627E-21
36.75 4.99992371E-2 1.03080299E-6 1.02038712E-6 0 0 8.02190314E-9 1.14810003E-20 2.39391595E-9 3.43962136E-21
36.8499985 4.99992371E-2 1.02613353E-6 1.01589592E-6 0 0 7.88467158E-9 1.03597522E-20 2.35293895E-9 3.10367254E-21
36.9499969 5.00011444E-2 1.02149568E-6 1.01143632E-6 0 0 7.74742936E-9 9.51864519E-21 2.31195996E-9 2.8516573E-21
37.0499992 4.99992371E-2 1.01688954E-6 1.00700811E-6 0 0 7.61038077E-9 8.68068619E-21 2.27104024E-9 2.60059041E-21
37.1500015 5.00011444E-2 1.01231456E-6 1.00261104E-6 0 0 7.47334994E-9 7.84602541E-21 2.23012631E-9 2.35051671E-21
37.25 4.99992371E-2 1.00777072E-6 9.98244786E-7 0 0 7.33664374E-9 7.05853331E-21 2.18931051E-9 2.11457899E-21
37.3499985 4.99992371E-2 1.00325803E-6 9.93909111E-7 0 0 7.20035276E-9 6.4848569E-21 2.1486195E-9 1.9426995E-21
37.4499969 5.00011444E-2 9.98779456E-7 9.8960345E-7 0 0 7.0671482E-9 5.923547E-21 2.10885087E-9 1.77452839E-21
37.5499992 4.99992371E-2 9.94334414E-7 9.85327802E-7 0 0 6.93668056E-9 5.36219347E-21 2.06989959E-9 1.60634759E-21
37.6500015 5.00011444E-2 9.89919499E-7 9.81081826E-7 0 0 6.80656953E-9 4.82208775E-21 2.03105555E-9 1.44453513E-21
37.75 4.99992371E-2 9.85536303E-7 9.76865181E-7 0 0 6.67835209E-9 4.41714972E-21 1.99277772E-9 1.32321716E-21
37.8499985 4.99992371E-2 9.81189828E-7 9.72677753E-7 0 0 6.55584742E-9 4.04115938E-21 1.9562052E-9 1.21057317E-21
37.9499969 5.00011444E-2 9.76873366E-7 9.68518975E-7 0 0 6.43443254E-9 3.66515651E-21 1.91995886E-9 1.09792747E-21
38.0499992 4.99992371E-2 9.72585781E-7 9.64388846E-7 0 0 6.31322283E-9 3.30086161E-21 1.88377447E-9 9.88791126E-22
38.1500015 5.00011444E-2 9.68327072E-7 9.60286911E-7 0 0 6.19241902E-9 3.00871842E-21 1.84771198E-9 9.01270126E-22
38.25 4.99992371E-2 9.64096557E-7 9.5621283E-7 0 0 6.07193318E-9 2.7568187E-21 1.81174531E-9 8.25805596E-22
38.3499985 4.99992371E-2 9.59893896E-7 9.52166715E-7 0 0 5.95146332E-9 2.50491131E-21 1.77578408E-9 7.50340209E-22
38.4499969 5.00011444E-2 9.55731139E-7 9.48147999E-7 0 0 5.84052318E-9 2.2583402E-21 1.74266701E-9 6.76474606E-22
38.5499992 4.99992371E-2 9.51610275E-7 9.44156511E-7 0 0 5.74083625E-9 2.04850875E-21 1.71290848E-9 6.13615443E-22
38.6500015 5.00011444E-2 9.47516355E-7 9.40191853E-7 0 0 5.6412679E-9 1.87979722E-21 1.68318615E-9 5.63074525E-22
38.75 4.99992371E-2 9.43449152E-7 9.36254025E-7 0 0 5.54171065E-9 1.71108732E-21 1.65346747E-9 5.12534921E-22
38.8499985 4.99992371E-2 9.39409176E-7 9.32342743E-7 0 0 5.44253709E-9 1.54506433E-21 1.62386382E-9 4.62800989E-22
38.9499969 5.00011444E-2 9.35405126E-7 9.28457609E-7 0 0 5.35098232E-9 1.39493226E-21 1.59653413E-9 4.17827764E-22
39.0499992 4.99992371E-2 9.31427394E-7 9.2459851E-7 0 0 5.25962118E-9 1.28190417E-21 1.56926272E-9 3.83969046E-22
39.1500015 5.00011444E-2 9.27475412E-7 9.20765103E-7 0 0 5.16832976E-9 1.16887426E-21 1.54201285E-9 3.50110429E-22
39.25 4.99992371E-2 9.23550715E-7 9.16957333E-7 0 0 5.0782738E-9 1.05677412E-21 1.51513191E-9 3.16530804E-22
39.3499985 4.99992371E-2 9.19651882E-7 9.13174688E-7 0 0 4.98877251E-9 9.50991738E-22 1.48841717E-9 2.84844067E-22
39.4499969 5.00011444E-2 9.15778173E-7 9.09417224E-7 0 0 4.89926721E-9 8.7402547E-22 1.46170165E-9 2.61788856E-22
39.5499992 4.99992371E-2 9.11929249E-7 9.05684374E-7 0 0 4.80984008E-9 7.98288008E-22 1.43501E-9 2.39102074E-22
39.6500015 5.00011444E-2 9.08106756E-7 9.01976193E-7 0 0 4.72182649E-9 7.21972619E-22 1.40874057E-9 2.16242577E-22
39.75 4.99992371E-2 9.04310866E-7 8.98292512E-7 0 0 4.63542671E-9 6.49753047E-22 1.38295309E-9 1.9461018E-22
39.8499985 4.99992371E-2 9.00539646E-7 8.94632933E-7 0 0 4.54941329E-9 5.952911E-22 1.35728151E-9 1.78296739E-22
39.9499969 5.00011444E-2 8.96792415E-7 8.90997285E-7 0 0 4.46349446E-9 5.43319227E-22 1.33163858E-9 1.62729345E-22
40.0499992 4.99992371E-2 8.93070194E-7 8.8738534E-7 0 0 4.37855086E-9 4.92747159E-22 1.30628708E-9 1.47581461E-22
40.1500015 5.00011444E-2 8.89376452E-7 8.83796872E-7 0 0 4.29748903E-9 4.43932749E-22 1.28209399E-9 1.32960234E-22
40.25 4.99992371E-2 8.85706356E-7 8.8023171E-7 0 0 4.21665947E-9 4.04774224E-22 1.25797073E-9 1.21231172E-22
40.3499985 4.99992371E-2 8.82059794E-7 8.76689796E-7 0 0 4.13606438E-9 3.70896144E-22 1.23391775E-9 1.11083795E-22
40.4499969 5.00011444E-2 8.78436879E-7 8.73170677E-7 0 0 4.05612877E-9 3.37017535E-22 1.21006194E-9 1.00936406E-22
40.5499992 4.99992371E-2 8.74836758E-7 8.69674238E-7 0 0 3.97627309E-9 3.04062612E-22 1.18623045E-9 9.10658063E-23
40.6500015 5.00011444E-2 8.71273471E-7 8.66200139E-7 0 0 3.90756627E-9 2.75837471E-22 1.16572552E-9 8.26119121E-23
40.75 4.99992371E-2 8.67735537E-7 8.62748493E-7 0 0 3.84110788E-9 2.52495317E-22 1.14589138E-9 7.56205345E-23
40.8499985 4.99992371E-2 8.64219828E-7 8.59318959E-7 0 0 3.77477205E-9 2.2921092E-22 1.12609433E-9 6.86465687E-23
40.9499969 5.00011444E-2 8.60726061E-7 8.55911196E-7 0 0 3.70851616E-9 2.07060286E-22 1.10632148E-9 6.20122422E-23
41.0499992 4.99992371E-2 8.57257135E-7 8.52525204E-7 0 0 3.64464903E-9 1.86947552E-22 1.0872615E-9 5.59883362E-23
41.1500015 5.00011444E-2 8.53814868E-7 8.49160642E-7 0 0 3.58480601E-9 1.71805991E-22 1.06940246E-9 5.14533074E-23
41.25 4.99992371E-2 8.50393974E-7 8.45817453E-7 0 0 3.52498408E-9 1.56682682E-22 1.05154985E-9 4.69237974E-23
41.3499985 4.99992371E-2 8.46994396E-7 8.42495524E-7 0 0 3.46517037E-9 1.41719354E-22 1.03370001E-9 4.2442266E-23
41.4499969 5.00011444E-2 8.43615737E-7 8.39194399E-7 0 0 3.40544015E-9 1.27562885E-22 1.01587538E-9 3.8202429E-23
41.5499992 4.99992371E-2 8.40258338E-7 8.35914079E-7 0 0 3.34611694E-9 1.17207527E-22 9.98172434E-10 3.51009939E-23
41.6500015 5.00011444E-2 8.36921799E-7 8.32654393E-7 0 0 3.28688543E-9 1.07075435E-22 9.80497128E-10 3.20664637E-23
41.75 4.99992371E-2 8.33605498E-7 8.29415001E-7 0 0 3.22765792E-9 9.69698622E-23 9.62823266E-10 2.90399168E-23
41.8499985 4.99992371E-2 8.30310171E-7 8.26196015E-7 0 0 3.16890447E-9 8.73350748E-23 9.45291179E-10 2.61543914E-23
41.9499969 5.00011444E-2 8.27036445E-7 8.22997094E-7 0 0 3.11125969E-9 7.93296702E-23 9.28089938E-10 2.37568554E-23
42.0499992 4.99992371E-2 8.23782671E-7 8.19817899E-7 0 0 3.05382941E-9 7.19017748E-23 9.10953091E-10 2.15322945E-23
42.1500015 5.00011444E-2 8.20548792E-7 8.16658485E-7 0 0 2.99650571E-9 6.46073421E-23 8.93848218E-10 1.93477304E-23
42.25 4.99992371E-2 8.17334808E-7 8.13518852E-7 0 0 2.93922087E-9 5.76179714E-23 8.76755057E-10 1.72545447E-23
42.3499985 4.99992371E-2 8.14140378E-7 8.10398376E-7 0 0 2.88224933E-9 5.25087591E-23 8.59755878E-10 1.57244275E-23
42.4499969 5.00011444E-2 8.10969311E-7 8.0729717E-7 0 0 2.82842416E-9 4.81196096E-23 8.43695336E-10 1.44099549E-23
42.5499992 4.99992371E-2 8.07817571E-7 8.04215006E-7 0 0 2.77482481E-9 4.37301982E-23 8.27702407E-10 1.30954231E-23
42.6500015 5.00011444E-2 8.04685158E-7 8.01151828E-7 0 0 2.72155276E-9 3.88425549E-23 8.11807233E-10 1.16317067E-23
42.75 4.99992371E-2 8.01571616E-7 7.98107294E-7 0 0 2.66838529E-9 3.52147066E-23 7.95943589E-10 1.05452607E-23
42.8499985 4.99992371E-2 7.98488372E-7 7.95081519E-7 0 0 2.62412825E-9 3.23258633E-23 7.8273793E-10 9.680124E-24
42.9499969 5.00011444E-2 7.95424114E-7 7.9207399E-7 0 0 2.58043187E-9 2.94369505E-23 7.69699748E-10 8.81497867E-24
43.0499992 4.99992371E-2 7.92378444E-7 7.89084766E-7 0 0 2.53695442E-9 2.66077735E-23 7.5672707E-10 7.96772943E-24
43.1500015 5.00011444E-2 7.89350963E-7 7.86113731E-7 0 0 2.49348231E-9 2.40237539E-23 7.43756057E-10 7.19390264E-24
43.25 4.99992371E-2 7.8634298E-7 7.83160658E-7 0 0 2.45115728E-9 2.20683807E-23 7.31127492E-10 6.60833237E-24
43.3499985 4.99992371E-2 7.83356313E-7 7.80225491E-7 0 0 2.41149301E-9 2.01329783E-23 7.19292625E-10 6.02874798E-24
43.4499969 5.00011444E-2 7.80387154E-7 7.77307832E-7 0 0 2.37186559E-9 1.82202604E-23 7.07469083E-10 5.45596318E-24
43.5499992 4.99992371E-2 7.77435787E-7 7.74407852E-7 0 0 2.33226483E-9 1.64110773E-23 6.95653479E-10 4.91418692E-24
43.6500015 5.00011444E-2 7.745017E-7 7.71525151E-7 0 0 2.29266761E-9 1.50621252E-23 6.83839096E-10 4.510229E-24
43.75 4.99992371E-2 7.71584894E-7 7.68659731E-7 0 0 2.25308083E-9 1.37655108E-23 6.720281E-10 4.12194732E-24
43.8499985 4.99992371E-2 7.68685197E-7 7.65811421E-7 0 0 2.21354224E-9 1.24723548E-23 6.60231592E-10 3.73470576E-24
43.9499969 5.00011444E-2 7.65802554E-7 7.62980051E-7 0 0 2.17402496E-9 1.1251131E-23 6.48441523E-10 3.3690072E-24
44.0499992 4.99992371E-2 7.62936679E-7 7.60165506E-7 0 0 2.13451079E-9 1.02977035E-23 6.36652508E-10 3.0835001E-24
44.1500015 5.00011444E-2 7.60088597E-7 7.57367616E-7 0 0 2.09585305E-9 9.40975376E-24 6.25119234E-10 2.8176027E-24
44.25 4.99992371E-2 7.57257567E-7 7.54586324E-7 0 0 2.05757833E-9 8.52182376E-24 6.13700202E-10 2.55171358E-24
44.3499985 4.99992371E-2 7.54443363E-7 7.51821517E-7 0 0 2.01950434E-9 5.78926086E-24 6.02341177E-10 1.73348614E-24
44.4499969 5.00011444E-2 7.51645246E-7 7.49072797E-7 0 0 1.98146832E-9 5.2828658E-24 5.90993698E-10 1.58184814E-24
44.5499992 4.99992371E-2 7.48863556E-7 7.46340447E-7 0 0 1.94347427E-9 4.83515805E-24 5.79658821E-10 1.44778399E-24
44.6500015 5.00011444E-2 7.46097953E-7 7.436239E-7 0 0 1.90566274E-9 4.38949936E-24 5.68378511E-10 1.31433496E-24
44.75 4.99992371E-2 7.4335037E-7 7.40923326E-7 0 0 1.86947813E-9 2.67585189E-24 5.5758359E-10 8.01218806E-25
44.8499985 4.99992371E-2 7.40619953E-7 7.38238555E-7 0 0 1.83432347E-9 1.7662645E-24 5.47095924E-10 5.28862507E-25
44.9499969 5.00011444E-2 7.37905282E-7 7.35569301E-7 0 0 1.79934045E-9 1.6063829E-24 5.36659661E-10 4.8098792E-25
45.0499992 4.99992371E-2 7.35212893E-7 7.3291568E-7 0 0 1.76943427E-9 8.49232628E-25 5.27737687E-10 2.54278589E-25
45.1500015 5.00011444E-2 7.32536876E-7 7.30277407E-7 0 0 1.74037784E-9 7.71149351E-25 5.19069177E-10 2.30897713E-25
45.25 4.99992371E-2 7.29876263E-7 7.27654424E-7 0 0 1.71142289E-9 6.93634449E-25 5.10431086E-10 2.07687281E-25
45.3499985 4.99992371E-2 7.27231168E-7 7.25046675E-7 0 0 1.68261283E-9 0 5.01836239E-10 0
45.4499969 5.00011444E-2 7.24601193E-7 7.22453763E-7 0 0 1.65407732E-9 0 4.93323438E-10 0
45.5499992 4.99992371E-2 7.21988897E-7 7.198758E-7 0 0 1.62763858E-9 0 4.8543608E-10 0
45.6500015 5.00011444E-2 7.19391437E-7 7.17312673E-7 0 0 1.60120472E-9 0 4.77550222E-10 0
45.75 4.99992371E-2 7.16808643E-7 7.14764212E-7 0 0 1.5747752E-9 0 4.69665751E-10 0
45.8499985 4.99992371E-2 7.142404E-7 7.12230303E-7 0 0 1.5483469E-9 0 4.61781752E-10 0
45.9499969 5.00011444E-2 7.11686653E-7 7.09710832E-7 0 0 1.52192303E-9 0 4.5389914E-10 0
46.0499992 4.99992371E-2 7.09147173E-7 7.07205629E-7 0 0 1.49551083E-9 0 4.46020082E-10 0
46.1500015 5.00011444E-2 7.06622018E-7 7.04714694E-7 0 0 1.46915824E-9 0 4.38158898E-10 0
46.25 4.99992371E-2 7.0411113E-7 7.02237855E-7 0 0 1.442922E-9 0 4.30332547E-10 0
46.3499985 4.99992371E-2 7.0161434E-7 6.99775057E-7 0 0 1.41677003E-9 0 4.22531343E-10 0
46.4499969 5.00011444E-2 6.99132215E-7 6.97326072E-7 0 0 1.39126455E-9 0 4.14923013E-10 0
46.5499992 4.99992371E-2 6.96664472E-7 6.948909E-7 0 0 1.36612821E-9 0 4.07424872E-10 0
46.6500015 5.00011444E-2 6.94210371E-7 6.92469314E-7 0 0 1.34106526E-9 0 3.99948713E-10 0
46.75 4.99992371E-2 6.91769912E-7 6.90061427E-7 0 0 1.31603817E-9 0 3.92483268E-10 0
46.8499985 4.99992371E-2 6.89342926E-7 6.87666898E-7 0 0 1.2910325E-9 0 3.85024346E-10 0
46.9499969 5.00011444E-2 6.86929411E-7 6.85285784E-7 0 0 1.26605104E-9 0 3.77572668E-10 0
47.0499992 4.99992371E-2 6.84529425E-7 6.82917971E-7 0 0 1.24128763E-9 0 3.70186076E-10 0
47.1500015 5.00011444E-2 6.82144332E-7 6.80563176E-7 0 0 1.21793331E-9 0 3.63219843E-10 0
47.25 4.99992371E-2 6.79775326E-7 6.78221511E-7 0 0 1.19686583E-9 0 3.5693562E-10 0
47.3499985 4.99992371E-2 6.77421554E-7 6.75892807E-7 0 0 1.17754251E-9 0 3.51171592E-10 0
47.4499969 5.00011444E-2 6.75080628E-7 6.73577006E-7 0 0 1.15822019E-9 0 3.45407924E-10 0
47.5499992 4.99992371E-2 6.72752435E-7 6.71273881E-7 0 0 1.13889898E-9 0 3.39644673E-10 0
47.6500015 5.00011444E-2 6.70436975E-7 6.68983375E-7 0 0 1.11967113E-9 0 3.33909289E-10 0
47.75 4.99992371E-2 6.68135556E-7 6.66705489E-7 0 0 1.10152798E-9 0 3.28497451E-10 0
47.8499985 4.99992371E-2 6.6584721E-7 6.64440108E-7 0 0 1.08388465E-9 0 3.23234717E-10 0
47.9499969 5.00011444E-2 6.6357137E-7 6.62187119E-7 0 0 1.06624609E-9 0 3.17973425E-10 0
48.0499992 4.99992371E-2 6.61307695E-7 6.59946352E-7 0 0 1.04860709E-9 0 3.12712106E-10 0
48.1500015 5.00011444E-2 6.59056354E-7 6.57717806E-7 0 0 1.03104381E-9 0 3.0747338E-10 0
48.25 4.99992371E-2 6.56817065E-7 6.5550131E-7 0 0 1.01349396E-9 0 3.02238651E-10 0
48.3499985 4.99992371E-2 6.54589996E-7 6.53296979E-7 0 0 9.96031924E-10 0 2.97030234E-10 0
48.4499969 5.00011444E-2 6.52374922E-7 6.51104358E-7 0 0 9.78736758E-10 0 2.9187161E-10 0
48.5499992 4.99992371E-2 6.50171899E-7 6.48923674E-7 0 0 9.61459912E-10 0 2.86718455E-10 0
48.6500015 5.00011444E-2 6.47980642E-7 6.46754756E-7 0 0 9.4429542E-10 0 2.81598855E-10 0
48.75 4.99992371E-2 6.45801492E-7 6.44597492E-7 0 0 9.27455779E-10 0 2.76576206E-10 0
48.8499985 4.99992371E-2 6.4363411E-7 6.42451766E-7 0 0 9.10718501E-10 0 2.71584061E-10 0
48.9499969 5.00011444E-2 6.41478209E-7 6.4031758E-7 0 0 8.94022745E-10 0 2.66604405E-10 0
49.0499992 4.99992371E-2 6.39333678E-7 6.38194706E-7 0 0 8.77343309E-10 0 2.61629607E-10 0
49.1500015 5.00011444E-2 6.37200515E-7 6.360832E-7 0 0 8.60683025E-10 0 2.56660582E-10 0
49.25 4.99992371E-2 6.35078607E-7 6.33982893E-7 0 0 8.44031844E-10 0 2.51694332E-10 0
49.3499985 4.99992371E-2 6.32968067E-7 6.31893897E-7 0 0 8.27425517E-10 0 2.46741433E-10 0
49.4499969 5.00011444E-2 6.3086884E-7 6.29815759E-7 0 0 8.11178402E-10 0 2.41895753E-10 0
49.5499992 4.99992371E-2 6.28784562E-7 6.27748761E-7 0 0 7.97893918E-10 0 2.37933534E-10 0
49.6500015 5.00011444E-2 6.26711142E-7 6.25692564E-7 0 0 7.84615983E-10 0 2.33973313E-10 0
49.75 4.99992371E-2 6.24648521E-7 6.23647168E-7 0 0 7.71339714E-10 0 2.30013619E-10 0
49.8499985 4.99992371E-2 6.22596758E-7 6.21612685E-7 0 0 7.58068497E-10 0 2.26055466E-10 0
49.9499969 5.00011444E-2 6.20556079E-7 6.19588718E-7 0 0 7.45125239E-10 0 2.22195123E-10 0
50.0499992 4.99992371E-2 6.17575438E-7 6.17575438E-7 0 0 0 0 0 0
50.1500015 5.00011444E-2 6.15572617E-7 6.15572617E-7 0 0 0 0 0 0
50.25 4.99992371E-2 6.13580369E-7 6.13580369E-7 0 0 0 0 0 0
50.3499985 4.99992371E-2 6.11598409E-7 6.11598409E-7 0 0 0 0 0 0
50.4499969 5.00011444E-2 6.09626738E-7 6.09626738E-7 0 0 0 0 0 0
50.5499992 4.99992371E-2 6.07665299E-7 6.07665299E-7 0 0 0 0 0 0
50.6500015 5.00011444E-2 6.05713979E-7 6.05713979E-7 0 0 0 0 0 0
50.75 4.99992371E-2 6.03772833E-7 6.03772833E-7 0 0 0 0 0 0
50.8499985 4.99992371E-2 6.01841577E-7 6.01841577E-7 0 0 0 0 0 0
50.9499969 5.00011444E-2 5.9992027E-7 5.9992027E-7 0 0 0 0 0 0
51.0499992 4.99992371E-2 5.98008967E-7 5.98008967E-7 0 0 0 0 0 0
51.1500015 5.00011444E-2 5.96107327E-7 5.96107327E-7 0 0 0 0 0 0
51.25 4.99992371E-2 5.94215464E-7 5.94215464E-7 0 0 0 0 0 0
51.3499985 4.99992371E-2 5.92333208E-7 5.92333208E-7 0 0 0 0 0 0
51.4499969 5.00011444E-2 5.90460559E-7 5.90460559E-7 0 0 0 0 0 0
51.5499992 4.99992371E-2 5.88597516E-7 5.88597516E-7 0 0 0 0 0 0
51.6500015 5.00011444E-2 5.86743852E-7 5.86743852E-7 0 0 0 0 0 0
51.75 4.99992371E-2 5.84899567E-7 5.84899567E-7 0 0 0 0 0 0
51.8499985 4.99992371E-2 5.83064661E-7 5.83064661E-7 0 0 0 0 0 0
51.9499969 5.00011444E-2 5.81239021E-7 5.81239021E-7 0 0 0 0 0 0
52.0499992 4.99992371E-2 5.79422476E-7 5.79422476E-7 0 0 0 0 0 0
52.1500015 5.00011444E-2 5.77615083E-7 5.77615083E-7 0 0 0 0 0 0
52.25 4.99992371E-2 5.75816841E-7 5.75816841E-7 0 0 0 0 0 0
52.3499985 4.99992371E-2 5.74027581E-7 5.74027581E-7 0 0 0 0 0 0
52.4499969 5.00011444E-2 5.72247245E-7 5.72247245E-7 0 0 0 0 0 0
52.5499992 4.99992371E-2 5.70475777E-7 5.70475777E-7 0 0 0 0 0 0
52.6500015 5.00011444E-2 5.68713176E-7 5.68713176E-7 0 0 0 0 0 0
52.75 4.99992371E-2 5.66959329E-7 5.66959329E-7 0 0 0 0 0 0
52.8499985 4.99992371E-2 5.65214179E-7 5.65214179E-7 0 0 0 0 0 0
52.9499969 5.00011444E-2 5.63477613E-7 5.63477613E-7 0 0 0 0 0 0
53.0499992 4.99992371E-2 5.61749687E-7 5.61749687E-7 0 0 0 0 0 0
53.1500015 5.00011444E-2 5.6003023E-7 5.6003023E-7 0 0 0 0 0 0
53.25 4.99992371E-2 5.58319357E-7 5.58319357E-7 0 0 0 0 0 0
53.3499985 4.99992371E-2 5.5661684E-7 5.5661684E-7 0 0 0 0 0 0
53.4499969 5.00011444E-2 5.54922622E-7 5.54922622E-7 0 0 0 0 0 0
53.5499992 4.99992371E-2 5.5323676E-7 5.5323676E-7 0 0 0 0 0 0
53.6500015 5.00011444E-2 5.51559083E-7 5.51559083E-7 0 0 0 0 0 0
53.75 4.99992371E-2 5.49889535E-7 5.49889535E-7 0 0 0 0 0 0
53.8499985 4.99992371E-2 5.48228229E-7 5.48228229E-7 0 0 0 0 0 0
53.9499969 5.00011444E-2 5.46574995E-7 5.46574995E-7 0 0 0 0 0 0
54.0499992 4.99992371E-2 5.44929776E-7 5.44929776E-7 0 0 0 0 0 0
54.1500015 5.00011444E-2 5.43292515E-7 5.43292515E-7 0 0 0 0 0 0
54.25 4.99992371E-2 5.41663155E-7 5.41663155E-7 0 0 0 0 0 0
54.3499985 4.99992371E-2 5.40041697E-7 5.40041697E-7 0 0 0 0 0 0
54.4499969 5.00011444E-2 5.38427969E-7 5.38427969E-7 0 0 0 0 0 0
54.5499992 4.99992371E-2 5.36822085E-7 5.36822085E-7 0 0 0 0 0 0
54.6500015 5.00011444E-2 5.35223819E-7 5.35223819E-7 0 0 0 0 0 0
54.75 4.99992371E-2 5.33633283E-7 5.33633283E-7 0 0 0 0 0 0
54.8499985 4.99992371E-2 5.32050308E-7 5.32050308E-7 0 0 0 0 0 0
54.9499969 5.00011444E-2 5.30475006E-7 5.30475006E-7 0 0 0 0 0 0
55.0499992 4.99992371E-2 5.28907037E-7 5.28907037E-7 0 0 0 0 0 0
55.1500015 5.00011444E-2 5.27346629E-7 5.27346629E-7 0 0 0 0 0 0
55.25 4.99992371E-2 5.25793553E-7 5.25793553E-7 0 0 0 0 0 0
55.3499985 4.99992371E-2 5.24247923E-7 5.24247923E-7 0 0 0 0 0 0
55.4499969 5.00011444E-2 5.22709627E-7 5.22709627E-7 0 0 0 0 0 0
55.5499992 4.99992371E-2 5.21178492E-7 5.21178492E-7 0 0 0 0 0 0
55.6500015 5.00011444E-2 5.19654634E-7 5.19654634E-7 0 0 0 0 0 0
55.75 4.99992371E-2 5.18137881E-7 5.18137881E-7 0 0 0 0 0 0
55.8499985 4.99992371E-2 5.1662829E-7 5.1662829E-7 0 0 0 0 0 0
55.9499969 5.00011444E-2 5.15125805E-7 5.15125805E-7 0 0 0 0 0 0
56.0499992 4.99992371E-2 5.13630255E-7 5.13630255E-7 0 0 0 0 0 0
56.1500015 5.00011444E-2 5.12141867E-7 5.12141867E-7 0 0 0 0 0 0
56.25 4.99992371E-2 5.10660243E-7 5.10660243E-7 0 0 0 0 0 0
56.3499985 4.99992371E-2 5.09185668E-7 5.09185668E-7 0 0 0 0 0 0
56.4499969 5.00011444E-2 5.07717857E-7 5.07717857E-7 0 0 0 0 0 0
56.5499992 4.99992371E-2 5.06256868E-7 5.06256868E-7 0 0 0 0 0 0
56.6500015 5.00011444E-2 5.04802642E-7 5.04802642E-7 0 0 0 0 0 0
56.75 4.99992371E-2 5.03355068E-7 5.03355068E-7 0 0 0 0 0 0
56.8499985 4.99992371E-2 5.01914315E-7 5.01914315E-7 0 0 0 0 0 0
56.9499969 5.00011444E-2 5.00480155E-7 5.00480155E-7 0 0 0 0 0 0
57.0499992 4.99992371E-2 4.99052533E-7 4.99052533E-7 0 0 0 0 0 0
57.1500015 5.00011444E-2 4.97631561E-7 4.97631561E-7 0 0 0 0 0 0
57.25 4.99992371E-2 4.96217069E-7 4.96217069E-7 0 0 0 0 0 0
57.3499985 4.99992371E-2 4.94808944E-7 4.94808944E-7 0 0 0 0 0 0
57.4499969 5.00011444E-2 4.93407356E-7 4.93407356E-7 0 0 0 0 0 0
57.5499992 4.99992371E-2 4.92012134E-7 4.92012134E-7 0 0 0 0 0 0
57.6500015 5.00011444E-2 4.90623279E-7 4.90623279E-7 0 0 0 0 0 0
57.75 4.99992371E-2 4.89240676E-7 4.89240676E-7 0 0 0 0 0 0
57.8499985 4.99992371E-2 4.87864384E-7 4.87864384E-7 0 0 0 0 0 0
57.9499969 5.00011444E-2 4.86494343E-7 4.86494343E-7 0 0 0 0 0 0
58.0499992 4.99992371E-2 4.85130442E-7 4.85130442E-7 0 0 0 0 0 0
58.1500015 5.00011444E-2 4.83772681E-7 4.83772681E-7 0 0 0 0 0 0
58.25 4.99992371E-2 4.82421115E-7 4.82421115E-7 0 0 0 0 0 0
58.3499985 4.99992371E-2 4.81075574E-7 4.81075574E-7 0 0 0 0 0 0
58.4499969 5.00011444E-2 4.79736116E-7 4.79736116E-7 0 0 0 0 0 0
58.5499992 4.99992371E-2 4.78402569E-7 4.78402569E-7 0 0 0 0 0 0
58.6500015 5.00011444E-2 4.77075048E-7 4.77075048E-7 0 0 0 0 0 0
58.75 4.99992371E-2 4.7575341E-7 4.7575341E-7 0 0 0 0 0 0
58.8499985 4.99992371E-2 4.74437797E-7 4.74437797E-7 0 0 0 0 0 0
58.9499969 5.00011444E-2 4.73127926E-7 4.73127926E-7 0 0 0 0 0 0
59.0499992 4.99992371E-2 4.7182391E-7 4.7182391E-7 0 0 0 0 0 0
59.1500015 5.00011444E-2 4.70525663E-7 4.70525663E-7 0 0 0 0 0 0
59.25 4.99992371E-2 4.69233186E-7 4.69233186E-7 0 0 0 0 0 0
59.3499985 4.99992371E-2 4.67946393E-7 4.67946393E-7 0 0 0 0 0 0
59.4499969 5.00011444E-2 4.66665369E-7 4.66665369E-7 0 0 0 0 0 0
59.5499992 4.99992371E-2 4.65389803E-7 4.65389803E-7 0 0 0 0 0 0
59.6500015 5.00011444E-2 4.64120035E-7 4.64120035E-7 0 0 0 0 0 0
59.75 4.99992371E-2 4.62855752E-7 4.62855752E-7 0 0 0 0 0 0
59.8499985 4.99992371E-2 4.61597068E-7 4.61597068E-7 0 0 0 0 0 0
59.9499969 5.00011444E-2 4.60343898E-7 4.60343898E-7 0 0 0 0 0 0
60.0499992 4.99992371E-2 4.59096128E-7 4.59096128E-7 0 0 0 0 0 0
60.1500015 5.00011444E-2 4.57853844E-7 4.57853844E-7 0 0 0 0 0 0
60.25 4.99992371E-2 4.56616959E-7 4.56616959E-7 0 0 0 0 0 0
60.3499985 4.99992371E-2 4.55385504E-7 4.55385504E-7 0 0 0 0 0 0
60.4499969 5.00011444E-2 4.54159334E-7 4.54159334E-7 0 0 0 0 0 0
60.5499992 4.99992371E-2 4.52938451E-7 4.52938451E-7 0 0 0 0 0 0
60.6500015 5.00011444E-2 4.51722997E-7 4.51722997E-7 0 0 0 0 0 0
60.75 4.99992371E-2 4.50512601E-7 4.50512601E-7 0 0 0 0 0 0
60.8499985 4.99992371E-2 4.49307549E-7 4.49307549E-7 0 0 0 0 0 0
60.9499969 5.00011444E-2 4.4810767E-7 4.4810767E-7 0 0 0 0 0 0
61.0499992 4.99992371E-2 4.46912935E-7 4.46912935E-7 0 0 0 0 0 0
61.1500015 5.00011444E-2 4.45723316E-7 4.45723316E-7 0 0 0 0 0 0
61.25 4.99992371E-2 4.44538813E-7 4.44538813E-7 0 0 0 0 0 0
61.3499985 4.99992371E-2 4.4335934E-7 4.4335934E-7 0 0 0 0 0 0
61.4499969 5.00011444E-2 4.42184984E-7 4.42184984E-7 0 0 0 0 0 0
61.5499992 4.99992371E-2 4.41015544E-7 4.41015544E-7 0 0 0 0 0 0
61.6500015 5.00011444E-2 4.39851163E-7 4.39851163E-7 0 0 0 0 0 0
61.75 4.99992371E-2 4.38691671E-7 4.38691671E-7 0 0 0 0 0 0
61.8499985 4.99992371E-2 4.37537153E-7 4.37537153E-7 0 0 0 0 0 0
61.9499969 5.00011444E-2 4.36387467E-7 4.36387467E-7 0 0 0 0 0 0
62.0499992 4.99992371E-2 4.35242697E-7 4.35242697E-7 0 0 0 0 0 0
62.1500015 5.00011444E-2 4.34102702E-7 4.34102702E-7 0 0 0 0 0 0
62.25 4.99992371E-2 4.32967568E-7 4.32967568E-7 0 0 0 0 0 0
62.3499985 4.99992371E-2 4.31837208E-7 4.31837208E-7 0 0 0 0 0 0
62.4499969 5.00011444E-2 4.30711623E-7 4.30711623E-7 0 0 0 0 0 0
62.5499992 4.99992371E-2 4.29590642E-7 4.29590642E-7 0 0 0 0 0 0
62.6500015 5.00011444E-2 4.28474465E-7 4.28474465E-7 0 0 0 0 0 0
62.75 4.99992371E-2 4.27362949E-7 4.27362949E-7 0 0 0 0 0 0
62.8499985 4.99992371E-2 4.26256065E-7 4.26256065E-7 0 0 0 0 0 0
62.9499969 5.00011444E-2 4.25153786E-7 4.25153786E-7 0 0 0 0 0 0
63.0499992 4.99992371E-2 4.24056054E-7 4.24056054E-7 0 0 0 0 0 0
63.1500015 5.00011444E-2 4.22962984E-7 4.22962984E-7 0 0 0 0 0 0
63.25 4.99992371E-2 4.21874347E-7 4.21874347E-7 0 0 0 0 0 0
63.3499985 4.99992371E-2 4.20790286E-7 4.20790286E-7 0 0 0 0 0 0
63.4499969 5.00011444E-2 4.19710773E-7 4.19710773E-7 0 0 0 0 0 0
63.5499992 4.99992371E-2 4.18635551E-7 4.18635551E-7 0 0 0 0 0 0
63.6500015 5.00011444E-2 4.17564905E-7 4.17564905E-7 0 0 0 0 0 0
63.75 4.99992371E-2 4.16498523E-7 4.16498523E-7 0 0 0 0 0 0
63.8499985 4.99992371E-2 4.15436688E-7 4.15436688E-7 0 0 0 0 0 0
63.9499969 5.00011444E-2 4.14379173E-7 4.14379173E-7 0 0 0 0 0 0
64.0500031 4.99992371E-2 4.13325893E-7 4.13325893E-7 0 0 0 0 0 0
64.1499939 4.99992371E-2 4.12277018E-7 4.12277018E-7 0 0 0 0 0 0
64.25 5.00030518E-2 4.11232378E-7 4.11232378E-7 0 0 0 0 0 0
64.3500061 4.99992371E-2 4.1019203E-7 4.1019203E-7 0 0 0 0 0 0
64.4499969 4.99992371E-2 4.09155888E-7 4.09155888E-7 0 0 0 0 0 0
64.5500031 4.99992371E-2 4.08124009E-7 4.08124009E-7 0 0 0 0 0 0
64.6499939 4.99992371E-2 4.07096337E-7 4.07096337E-7 0 0 0 0 0 0
64.75 5.00030518E-2 4.06072758E-7 4.06072758E-7 0 0 0 0 0 0
64.8500061 4.99992371E-2 4.05053328E-7 4.05053328E-7 0 0 0 0 0 0
64.9499969 4.99992371E-2 4.04038047E-7 4.04038047E-7 0 0 0 0 0 0
65.0500031 4.99992371E-2 4.03026888E-7 4.03026888E-7 0 0 0 0 0 0
65.1499939 4.99992371E-2 4.02019822E-7 4.02019822E-7 0 0 0 0 0 0
65.25 5.00030518E-2 4.01016678E-7 4.01016678E-7 0 0 0 0 0 0
65.3500061 4.99992371E-2 4.00017655E-7 4.00017655E-7 0 0 0 0 0 0
65.4499969 4.99992371E-2 3.99022639E-7 3.99022639E-7 0 0 0 0 0 0
65.5500031 4.99992371E-2 3.98031631E-7 3.98031631E-7 0 0 0 0 0 0
65.6499939 4.99992371E-2 3.97044545E-7 3.97044545E-7 0 0 0 0 0 0
65.75 5.00030518E-2 3.96061409E-7 3.96061409E-7 0 0 0 0 0 0
65.8500061 4.99992371E-2 3.95082196E-7 3.95082196E-7 0 0 0 0 0 0
65.9499969 4.99992371E-2 3.94106848E-7 3.94106848E-7 0 0 0 0 0 0
66.0500031 4.99992371E-2 3.93135451E-7 3.93135451E-7 0 0 0 0 0 0
66.1499939 4.99992371E-2 3.92167863E-7 3.92167863E-7 0 0 0 0 0 0
66.25 5.00030518E-2 3.91204139E-7 3.91204139E-7 0 0 0 0 0 0
66.3500061 4.99992371E-2 3.90244168E-7 3.90244168E-7 0 0 0 0 0 0
66.4499969 4.99992371E-2 3.89288004E-7 3.89288004E-7 0 0 0 0 0 0
66.5500031 4.99992371E-2 3.88335678E-7 3.88335678E-7 0 0 0 0 0 0
66.6499939 4.99992371E-2 3.87387104E-7 3.87387104E-7 0 0 0 0 0 0
66.75 5.00030518E-2 3.86442167E-7 3.86442167E-7 0 0 0 0 0 0
66.8500061 4.99992371E-2 3.85500982E-7 3.85500982E-7 0 0 0 0 0 0
66.9499969 4.99992371E-2 3.84563492E-7 3.84563492E-7 0 0 0 0 0 0
67.0500031 4.99992371E-2 3.83629697E-7 3.83629697E-7 0 0 0 0 0 0
67.1499939 4.99992371E-2 3.82699568E-7 3.82699568E-7 0 0 0 0 0 0
67.25 5.00030518E-2 3.81772992E-7 3.81772992E-7 0 0 0 0 0 0
67.3500061 4.99992371E-2 3.80850054E-7 3.80850054E-7 0 0 0 0 0 0
67.4499969 4.99992371E-2 3.79930754E-7 3.79930754E-7 0 0 0 0 0 0
67.5500031 4.99992371E-2 3.79015006E-7 3.79015006E-7 0 0 0 0 0 0
67.6499939 4.99992371E-2 3.7810284E-7 3.7810284E-7 0 0 0 0 0 0
67.75 5.00030518E-2 3.77194198E-7 3.77194198E-7 0 0 0 0 0 0
67.8500061 4.99992371E-2 3.76288995E-7 3.76288995E-7 0 0 0 0 0 0
67.9499969 4.99992371E-2 3.75387373E-7 3.75387373E-7 0 0 0 0 0 0
68.0500031 4.99992371E-2 3.74489218E-7 3.74489218E-7 0 0 0 0 0 0
68.1499939 4.99992371E-2 3.73594531E-7 3.73594531E-7 0 0 0 0 0 0
68.25 5.00030518E-2 3.72703227E-7 3.72703227E-7 0 0 0 0 0 0
68.3500061 4.99992371E-2 3.71815389E-7 3.71815389E-7 0 0 0 0 0 0
68.4499969 4.99992371E-2 3.70930962E-7 3.70930962E-7 0 0 0 0 0 0
68.5500031 4.99992371E-2 3.70049861E-7 3.70049861E-7 0 0 0 0 0 0
68.6499939 4.99992371E-2 3.69172284E-7 3.69172284E-7 0 0 0 0 0 0
68.75 5.00030518E-2 3.6829789E-7 3.6829789E-7 0 0 0 0 0 0
68.8500061 4.99992371E-2 3.67426907E-7 3.67426907E-7 0 0 0 0 0 0
68.9499969 4.99992371E-2 3.66559249E-7 3.66559249E-7 0 0 0 0 0 0
69.0500031 4.99992371E-2 3.65694859E-7 3.65694859E-7 0 0 0 0 0 0
69.1499939 4.99992371E-2 3.64833795E-7 3.64833795E-7 0 0 0 0 0 0
69.25 5.00030518E-2 3.63975943E-7 3.63975943E-7 0 0 0 0 0 0
69.3500061 4.99992371E-2 3.63121387E-7 3.63121387E-7 0 0 0 0 0 0
69.4499969 4.99992371E-2 3.62270043E-7 3.62270043E-7 0 0 0 0 0 0
69.5500031 4.99992371E-2 3.61421911E-7 3.61421911E-7 0 0 0 0 0 0
69.6499939 4.99992371E-2 3.6057699E-7 3.6057699E-7 0 0 0 0 0 0
69.75 5.00030518E-2 3.59735196E-7 3.59735196E-7 0 0 0 0 0 0
69.8500061 4.99992371E-2 3.58896614E-7 3.58896614E-7 0 0 0 0 0 0
69.9499969 4.99992371E-2 3.58061214E-7 3.58061214E-7 0 0 0 0 0 0
70.0500031 4.99992371E-2 3.57228885E-7 3.57228885E-7 0 0 0 0 0 0
70.1499939 4.99992371E-2 3.5639971E-7 3.5639971E-7 0 0 0 0 0 0
70.25 5.00030518E-2 3.55573604E-7 3.55573604E-7 0 0 0 0 0 0
70.3500061 4.99992371E-2 3.5475054E-7 3.5475054E-7 0 0 0 0 0 0
70.4499969 4.99992371E-2 3.53930631E-7 3.53930631E-7 0 0 0 0 0 0
70.5500031 4.99992371E-2 3.53113762E-7 3.53113762E-7 0 0 0 0 0 0
70.6499939 4.99992371E-2 3.52299907E-7 3.52299907E-7 0 0 0 0 0 0
70.75 5.00030518E-2 3.51489064E-7 3.51489064E-7 0 0 0 0 0 0
70.8500061 4.99992371E-2 3.50681233E-7 3.50681233E-7 0 0 0 0 0 0
70.9499969 4.99992371E-2 3.49876416E-7 3.49876416E-7 0 0 0 0 0 0
71.0500031 4.99992371E-2 3.49074554E-7 3.49074554E-7 0 0 0 0 0 0
71.1499939 4.99992371E-2 3.48275677E-7 3.48275677E-7 0 0 0 0 0 0
71.25 5.00030518E-2 3.47479698E-7 3.47479698E-7 0 0 0 0 0 0
71.3500061 4.99992371E-2 3.46686619E-7 3.46686619E-7 0 0 0 0 0 0
71.4499969 4.99992371E-2 3.45896552E-7 3.45896552E-7 0 0 0 0 0 0
71.5500031 4.99992371E-2 3.45109356E-7 3.45109356E-7 0 0 0 0 0 0
71.6499939 4.99992371E-2 3.44325031E-7 3.44325031E-7 0 0 0 0 0 0
71.75 5.00030518E-2 3.43543547E-7 3.43543547E-7 0 0 0 0 0 0
71.8500061 4.99992371E-2 3.42764963E-7 3.42764963E-7 0 0 0 0 0 0
71.9499969 4.99992371E-2 3.41989221E-7 3.41989221E-7 0 0 0 0 0 0
72.0500031 4.99992371E-2 3.41216293E-7 3.41216293E-7 0 0 0 0 0 0
72.1499939 4.99992371E-2 3.40446149E-7 3.40446149E-7 0 0 0 0 0 0
72.25 5.00030518E-2 3.39678849E-7 3.39678849E-7 0 0 0 0 0 0
72.3500061 4.99992371E-2 3.38914305E-7 3.38914305E-7 0 0 0 0 0 0
72.4499969 4.99992371E-2 3.38152546E-7 3.38152546E-7 0 0 0 0 0 0
72.5500031 4.99992371E-2 3.37393544E-7 3.37393544E-7 0 0 0 0 0 0
72.6499939 4.99992371E-2 3.36637356E-7 3.36637356E-7 0 0 0 0 0 0
72.75 5.00030518E-2 3.35883755E-7 3.35883755E-7 0 0 0 0 0 0
72.8500061 4.99992371E-2 3.35132938E-7 3.35132938E-7 0 0 0 0 0 0
72.9499969 4.99992371E-2 3.3438485E-7 3.3438485E-7 0 0 0 0 0 0
73.0500031 4.99992371E-2 3.33639434E-7 3.33639434E-7 0 0 0 0 0 0
73.1499939 4.99992371E-2 3.3289669E-7 3.3289669E-7 0 0 0 0 0 0
73.25 5.00030518E-2 3.32156645E-7 3.32156645E-7 0 0 0 0 0 0
73.3500061 4.99992371E-2 3.31419187E-7 3.31419187E-7 0 0 0 0 0 0
73.4499969 4.99992371E-2 3.30684401E-7 3.30684401E-7 0 0 0 0 0 0
73.5500031 4.99992371E-2 3.29952229E-7 3.29952229E-7 0 0 0 0 0 0
73.6499939 4.99992371E-2 3.29222644E-7 3.29222644E-7 0 0 0 0 0 0
73.75 5.00030518E-2 3.2849573E-7 3.2849573E-7 0 0 0 0 0 0
73.8500061 4.99992371E-2 3.27771346E-7 3.27771346E-7 0 0 0 0 0 0
73.9499969 4.99992371E-2 3.2704952E-7 3.2704952E-7 0 0 0 0 0 0
74.0500031 4.99992371E-2 3.26330309E-7 3.26330309E-7 0 0 0 0 0 0
74.1499939 4.99992371E-2 3.25613627E-7 3.25613627E-7 0 0 0 0 0 0
74.25 5.00030518E-2 3.24899474E-7 3.24899474E-7 0 0 0 0 0 0
74.3500061 4.99992371E-2 3.24187823E-7 3.24187823E-7 0 0 0 0 0 0
74.4499969 4.99992371E-2 3.23478702E-7 3.23478702E-7 0 0 0 0 0 0
74.5500031 4.99992371E-2 3.22772081E-7 3.22772081E-7 0 0 0 0 0 0
74.6499939 4.99992371E-2 3.22067962E-7 3.22067962E-7 0 0 0 0 0 0
74.75 5.00030518E-2 3.21366286E-7 3.21366286E-7 0 0 0 0 0 0
74.8500061 4.99992371E-2 3.20667056E-7 3.20667056E-7 0 0 0 0 0 0
74.9499969 4.99992371E-2 3.19970297E-7 3.19970297E-7 0 0 0 0 0 0
75.0500031 4.99992371E-2 3.19276012E-7 3.19276012E-7 0 0 0 0 0 0
75.1499939 4.99992371E-2 3.18584114E-7 3.18584114E-7 0 0 0 0 0 0
75.25 5.00030518E-2 3.1789466E-7 3.1789466E-7 0 0 0 0 0 0
75.3500061 4.99992371E-2 3.17207565E-7 3.17207565E-7 0 0 0 0 0 0
75.4499969 4.99992371E-2 3.16522886E-7 3.16522886E-7 0 0 0 0 0 0
75.5500031 4.99992371E-2 3.15840623E-7 3.15840623E-7 0 0 0 0 0 0
75.6499939 4.99992371E-2 3.1516069E-7 3.1516069E-7 0 0 0 0 0 0
75.75 5.00030518E-2 3.14483117E-7 3.14483117E-7 0 0 0 0 0 0
75.8500061 4.99992371E-2 3.13807874E-7 3.13807874E-7 0 0 0 0 0 0
75.9499969 4.99992371E-2 3.13134962E-7 3.13134962E-7 0 0 0 0 0 0
76.0500031 4.99992371E-2 3.12464465E-7 3.12464465E-7 0 0 0 0 0 0
76.1499939 4.99992371E-2 3.11796185E-7 3.11796185E-7 0 0 0 0 0 0
76.25 5.00030518E-2 3.11130265E-7 3.11130265E-7 0 0 0 0 0 0
76.3500061 4.99992371E-2 3.10466561E-7 3.10466561E-7 0 0 0 0 0 0
76.4499969 4.99992371E-2 3.09805216E-7 3.09805216E-7 0 0 0 0 0 0
76.5500031 4.99992371E-2 3.09146117E-7 3.09146117E-7 0 0 0 0 0 0
76.6499939 4.99992371E-2 3.08489291E-7 3.08489291E-7 0 0 0 0 0 0
76.75 5.00030518E-2 3.07834654E-7 3.07834654E-7 0 0 0 0 0 0
76.8500061 4.99992371E-2 3.07182319E-7 3.07182319E-7 0 0 0 0 0 0
76.9499969 4.99992371E-2 3.06532144E-7 3.06532144E-7 0 0 0 0 0 0
77.0500031 4.99992371E-2 3.05884242E-7 3.05884242E-7 0 0 0 0 0 0
77.1499939 4.99992371E-2 3.05238558E-7 3.05238558E-7 0 0 0 0 0 0
77.25 5.00030518E-2 3.04595034E-7 3.04595034E-7 0 0 0 0 0 0
77.3500061 4.99992371E-2 3.03953669E-7 3.03953669E-7 0 0 0 0 0 0
77.4499969 4.99992371E-2 3.03314522E-7 3.03314522E-7 0 0 0 0 0 0
77.5500031 4.99992371E-2 3.02677591E-7 3.02677591E-7 0 0 0 0 0 0
77.6499939 4.99992371E-2 3.02042707E-7 3.02042707E-7 0 0 0 0 0 0
77.75 5.00030518E-2 3.01410012E-7 3.01410012E-7 0 0 0 0 0 0
77.8500061 4.99992371E-2 3.00779476E-7 3.00779476E-7 0 0 0 0 0 0
77.9499969 4.99992371E-2 3.00151015E-7 3.00151015E-7 0 0 0 0 0 0
78.0500031 4.99992371E-2 2.99524714E-7 2.99524714E-7 0 0 0 0 0 0
78.1499939 4.99992371E-2 2.98900545E-7 2.98900545E-7 0 0 0 0 0 0
78.25 5.00030518E-2 2.98278394E-7 2.98278394E-7 0 0 0 0 0 0
78.3500061 4.99992371E-2 2.97658346E-7 2.97658346E-7 0 0 0 0 0 0
78.4499969 4.99992371E-2 2.97040401E-7 2.97040401E-7 0 0 0 0 0 0
78.5500031 4.99992371E-2 2.96424531E-7 2.96424531E-7 0 0 0 0 0 0
78.6499939 4.99992371E-2 2.95810736E-7 2.95810736E-7 0 0 0 0 0 0
78.75 5.00030518E-2 2.95198902E-7 2.95198902E-7 0 0 0 0 0 0
78.8500061 4.99992371E-2 2.94589171E-7 2.94589171E-7 0 0 0 0 0 0
78.9499969 4.99992371E-2 2.93981429E-7 2.93981429E-7 0 0 0 0 0 0
79.0500031 4.99992371E-2 2.93375763E-7 2.93375763E-7 0 0 0 0 0 0
79.1499939 4.99992371E-2 2.92772086E-7 2.92772086E-7 0 0 0 0 0 0
79.25 5.00030518E-2 2.92170427E-7 2.92170427E-7 0 0 0 0 0 0
79.3500061 4.99992371E-2 2.915707E-7 2.915707E-7 0 0 0 0 0 0
79.4499969 4.99992371E-2 2.90972991E-7 2.90972991E-7 0 0 0 0 0 0
79.5500031 4.99992371E-2 2.90377272E-7 2.90377272E-7 0 0 0 0 0 0
79.6499939 4.99992371E-2 2.89783486E-7 2.89783486E-7 0 0 0 0 0 0
79.75 5.00030518E-2 2.89191718E-7 2.89191718E-7 0 0 0 0 0 0
79.8500061 4.99992371E-2 2.88601768E-7 2.88601768E-7 0 0 0 0 0 0
79.9499969 4.99992371E-2 2.88013894E-7 2.88013894E-7 0 0 0 0 0 0
80.0500031 4.99992371E-2 2.87427895E-7 2.87427895E-7 0 0 0 0 0 0
80.1499939 4.99992371E-2 2.86843829E-7 2.86843829E-7 0 0 0 0 0 0
80.25 5.00030518E-2 2.86261667E-7 2.86261667E-7 0 0 0 0 0 0
80.3500061 4.99992371E-2 2.85681352E-7 2.85681352E-7 0 0 0 0 0 0
80.4499969 4.99992371E-2 2.85103027E-7 2.85103027E-7 0 0 0 0 0 0
80.5500031 4.99992371E-2 2.8452655E-7 2.8452655E-7 0 0 0 0 0 0
80.6499939 4.99992371E-2 2.8395192E-7 2.8395192E-7 0 0 0 0 0 0
80.75 5.00030518E-2 2.83379194E-7 2.83379194E-7 0 0 0 0 0 0
80.8500061 4.99992371E-2 2.82808344E-7 2.82808344E-7 0 0 0 0 0 0
80.9499969 4.99992371E-2 2.82239284E-7 2.82239284E-7 0 0 0 0 0 0
81.0500031 4.99992371E-2 2.81672101E-7 2.81672101E-7 0 0 0 0 0 0
81.1499939 4.99992371E-2 2.81106821E-7 2.81106821E-7 0 0 0 0 0 0
81.25 5.00030518E-2 2.80543304E-7 2.80543304E-7 0 0 0 0 0 0
81.3500061 4.99992371E-2 2.79981606E-7 2.79981606E-7 0 0 0 0 0 0
81.4499969 4.99992371E-2 2.79421698E-7 2.79421698E-7 0 0 0 0 0 0
81.5500031 4.99992371E-2 2.78863638E-7 2.78863638E-7 0 0 0 0 0 0
81.6499939 4.99992371E-2 2.78307368E-7 2.78307368E-7 0 0 0 0 0 0
81.75 5.00030518E-2 2.77752889E-7 2.77752889E-7 0 0 0 0 0 0
81.8500061 4.99992371E-2 2.77200115E-7 2.77200115E-7 0 0 0 0 0 0
81.9499969 4.99992371E-2 2.76649217E-7 2.76649217E-7 0 0 0 0 0 0
82.0500031 4.99992371E-2 2.76100025E-7 2.76100025E-7 0 0 0 0 0 0
82.1499939 4.99992371E-2 2.75552651E-7 2.75552651E-7 0 0 0 0 0 0
82.25 5.00030518E-2 2.75006954E-7 2.75006954E-7 0 0 0 0 0 0
82.3500061 4.99992371E-2 2.74462991E-7 2.74462991E-7 0 0 0 0 0 0
82.4499969 4.99992371E-2 2.73920818E-7 2.73920818E-7 0 0 0 0 0 0
82.5500031 4.99992371E-2 2.73380351E-7 2.73380351E-7 0 0 0 0 0 0
82.6499939 4.99992371E-2 2.72841618E-7 2.72841618E-7 0 0 0 0 0 0
82.75 5.00030518E-2 2.72304561E-7 2.72304561E-7 0 0 0 0 0 0
82.8500061 4.99992371E-2 2.7176921E-7 2.7176921E-7 0 0 0 0 0 0
82.9499969 4.99992371E-2 2.71235564E-7 2.71235564E-7 0 0 0 0 0 0
83.0500031 4.99992371E-2 2.70703623E-7 2.70703623E-7 0 0 0 0 0 0
83.1499939 4.99992371E-2 2.70173359E-7 2.70173359E-7 0 0 0 0 0 0
83.25 5.00030518E-2 2.69644715E-7 2.69644715E-7 0 0 0 0 0 0
83.3500061 4.99992371E-2 2.69117805E-7 2.69117805E-7 0 0 0 0 0 0
83.4499969 4.99992371E-2 2.68592515E-7 2.68592515E-7 0 0 0 0 0 0
83.5500031 4.99992371E-2 2.68068902E-7 2.68068902E-7 0 0 0 0 0 0
83.6499939 4.99992371E-2 2.67546909E-7 2.67546909E-7 0 0 0 0 0 0
83.75 5.00030518E-2 2.67026593E-7 2.67026593E-7 0 0 0 0 0 0
83.8500061 4.99992371E-2 2.6650784E-7 2.6650784E-7 0 0 0 0 0 0
83.9499969 4.99992371E-2 2.65990764E-7 2.65990764E-7 0 0 0 0 0 0
84.0500031 4.99992371E-2 2.65475308E-7 2.65475308E-7 0 0 0 0 0 0
84.1499939 4.99992371E-2 2.64961471E-7 2.64961471E-7 0 0 0 0 0 0
84.25 5.00030518E-2 2.64449199E-7 2.64449199E-7 0 0 0 0 0 0
84.3500061 4.99992371E-2 2.63938489E-7 2.63938489E-7 0 0 0 0 0 0
84.4499969 4.99992371E-2 2.63429456E-7 2.63429456E-7 0 0 0 0 0 0
84.5500031 4.99992371E-2 2.62921958E-7 2.62921958E-7 0 0 0 0 0 0
84.6499939 4.99992371E-2 2.62416052E-7 2.62416052E-7 0 0 0 0 0 0
84.75 5.00030518E-2 2.61911708E-7 2.61911708E-7 0 0 0 0 0 0
84.8500061 4.99992371E-2 2.61408871E-7 2.61408871E-7 0 0 0 0 0 0
84.9499969 4.99992371E-2 2.60907655E-7 2.60907655E-7 0 0 0 0 0 0
85.0500031 4.99992371E-2 2.60407973E-7 2.60407973E-7 0 0 0 0 0 0
85.1499939 4.99992371E-2 2.59909854E-7 2.59909854E-7 0 0 0 0 0 0
85.25 5.00030518E-2 2.59413241E-7 2.59413241E-7 0 0 0 0 0 0
85.3500061 4.99992371E-2 2.58918107E-7 2.58918107E-7 0 0 0 0 0 0
85.4499969 4.99992371E-2 2.58424592E-7 2.58424592E-7 0 0 0 0 0 0
85.5500031 4.99992371E-2 2.57932555E-7 2.57932555E-7 0 0 0 0 0 0
85.6499939 4.99992371E-2 2.57442053E-7 2.57442053E-7 0 0 0 0 0 0
85.75 5.00030518E-2 2.5695303E-7 2.5695303E-7 0 0 0 0 0 0
85.8500061 4.99992371E-2 2.56465455E-7 2.56465455E-7 0 0 0 0 0 0
85.9499969 4.99992371E-2 2.55979415E-7 2.55979415E-7 0 0 0 0 0 0
86.0500031 4.99992371E-2 2.55494882E-7 2.55494882E-7 0 0 0 0 0 0
86.1499939 4.99992371E-2 2.55011798E-7 2.55011798E-7 0 0 0 0 0 0
86.25 5.00030518E-2 2.54530192E-7 2.54530192E-7 0 0 0 0 0 0
86.3500061 4.99992371E-2 2.54050065E-7 2.54050065E-7 0 0 0 0 0 0
86.4499969 4.99992371E-2 2.53571358E-7 2.53571358E-7 0 0 0 0 0 0
86.5500031 4.99992371E-2 2.53094157E-7 2.53094157E-7 0 0 0 0 0 0
86.6499939 4.99992371E-2 2.52618349E-7 2.52618349E-7 0 0 0 0 0 0
86.75 5.00030518E-2 2.52144019E-7 2.52144019E-7 0 0 0 0 0 0
86.8500061 4.99992371E-2 2.51671111E-7 2.51671111E-7 0 0 0 0 0 0
86.9499969 4.99992371E-2 2.51199623E-7 2.51199623E-7 0 0 0 0 0 0
87.0500031 4.99992371E-2 2.50729585E-7 2.50729585E-7 0 0 0 0 0 0
87.1499939 4.99992371E-2 2.50260968E-7 2.50260968E-7 0 0 0 0 0 0
87.25 5.00030518E-2 2.49793743E-7 2.49793743E-7 0 0 0 0 0 0
87.3500061 4.99992371E-2 2.49327883E-7 2.49327883E-7 0 0 0 0 0 0
87.4499969 4.99992371E-2 2.48863472E-7 2.48863472E-7 0 0 0 0 0 0
87.5500031 4.99992371E-2 2.48400482E-7 2.48400482E-7 0 0 0 0 0 0
87.6499939 4.99992371E-2 2.47938829E-7 2.47938829E-7 0 0 0 0 0 0
87.75 5.00030518E-2 2.47478596E-7 2.47478596E-7 0 0 0 0 0 0
87.8500061 4.99992371E-2 2.4701967E-7 2.4701967E-7 0 0 0 0 0 0
87.9499969 4.99992371E-2 2.46562166E-7 2.46562166E-7 0 0 0 0 0 0
88.0500031 4.99992371E-2 2.46106026E-7 2.46106026E-7 0 0 0 0 0 0
88.1499939 4.99992371E-2 2.4565125E-7 2.4565125E-7 0 0 0 0 0 0
88.25 5.00030518E-2 2.45197839E-7 2.45197839E-7 0 0 0 0 0 0
88.3500061 4.99992371E-2 2.44745735E-7 2.44745735E-7 0 0 0 0 0 0
88.4499969 4.99992371E-2 2.44294995E-7 2.44294995E-7 0 0 0 0 0 0
88.5500031 4.99992371E-2 2.43845591E-7 2.43845591E-7 0 0 0 0 0 0
88.6499939 4.99992371E-2 2.43397551E-7 2.43397551E-7 0 0 0 0 0 0
88.75 5.00030518E-2 2.42950819E-7 2.42950819E-7 0 0 0 0 0 0
88.8500061 4.99992371E-2 2.42505365E-7 2.42505365E-7 0 0 0 0 0 0
88.9499969 4.99992371E-2 2.42061304E-7 2.42061304E-7 0 0 0 0 0 0
89.0500031 4.99992371E-2 2.41618494E-7 2.41618494E-7 0 0 0 0 0 0
89.1499939 4.99992371E-2 2.4117702E-7 2.4117702E-7 0 0 0 0 0 0
89.25 5.00030518E-2 2.40736824E-7 2.40736824E-7 0 0 0 0 0 0
89.3500061 4.99992371E-2 2.40297908E-7 2.40297908E-7 0 0 0 0 0 0
89.4499969 4.99992371E-2 2.39860299E-7 2.39860299E-7 0 0 0 0 0 0
89.5500031 4.99992371E-2 2.39423997E-7 2.39423997E-7 0 0 0 0 0 0
89.6499939 4.99992371E-2 2.38988946E-7 2.38988946E-7 0 0 0 0 0 0
89.75 5.00030518E-2 2.38555231E-7 2.38555231E-7 0 0 0 0 0 0
89.8500061 4.99992371E-2 2.38122695E-7 2.38122695E-7 0 0 0 0 0 0
89.9499969 4.99992371E-2 2.37691481E-7 2.37691481E-7 0 0 0 0 0 0
90.0500031 4.99992371E-2 2.37261474E-7 2.37261474E-7 0 0 0 0 0 0
90.1499939 4.99992371E-2 2.3683279E-7 2.3683279E-7 0 0 0 0 0 0
90.25 5.00030518E-2 2.36405285E-7 2.36405285E-7 0 0 0 0 0 0
90.3500061 4.99992371E-2 2.35979044E-7 2.35979044E-7 0 0 0 0 0 0
90.4499969 4.99992371E-2 2.35554069E-7 2.35554069E-7 0 0 0 0 0 0
90.5500031 4.99992371E-2 2.35130315E-7 2.35130315E-7 0 0 0 0 0 0
90.6499939 4.99992371E-2 2.34707784E-7 2.34707784E-7 0 0 0 0 0 0
90.75 5.00030518E-2 2.34286489E-7 2.34286489E-7 0 0 0 0 0 0
90.8500061 4.99992371E-2 2.33866373E-7 2.33866373E-7 0 0 0 0 0 0
90.9499969 4.99992371E-2 2.3344748E-7 2.3344748E-7 0 0 0 0 0 0
91.0500031 4.99992371E-2 2.33029837E-7 2.33029837E-7 0 0 0 0 0 0
91.1499939 4.99992371E-2 2.32613374E-7 2.32613374E-7 0 0 0 0 0 0
91.25 5.00030518E-2 2.32198119E-7 2.32198119E-7 0 0 0 0 0 0
91.3500061 4.99992371E-2 2.31784028E-7 2.31784028E-7 0 0 0 0 0 0
91.4499969 4.99992371E-2 2.31371175E-7 2.31371175E-7 0 0 0 0 0 0
91.5500031 4.99992371E-2 2.30959486E-7 2.30959486E-7 0 0 0 0 0 0
91.6499939 4.99992371E-2 2.30548963E-7 2.30548963E-7 0 0 0 0 0 0
91.75 5.00030518E-2 2.30139619E-7 2.30139619E-7 0 0 0 0 0 0
91.8500061 4.99992371E-2 2.29731427E-7 2.29731427E-7 0 0 0 0 0 0
91.9499969 4.99992371E-2 2.29324442E-7 2.29324442E-7 0 0 0 0 0 0
92.0500031 4.99992371E-2 2.28918623E-7 2.28918623E-7 0 0 0 0 0 0
92.1499939 4.99992371E-2 2.2851394E-7 2.2851394E-7 0 0 0 0 0 0
92.25 5.00030518E-2 2.28110409E-7 2.28110409E-7 0 0 0 0 0 0
92.3500061 4.99992371E-2 2.27708014E-7 2.27708014E-7 0 0 0 0 0 0
92.4499969 4.99992371E-2 2.27306785E-7 2.27306785E-7 0 0 0 0 0 0
92.5500031 4.99992371E-2 2.26906721E-7 2.26906721E-7 0 0 0 0 0 0
92.6499939 4.99992371E-2 2.26507737E-7 2.26507737E-7 0 0 0 0 0 0
92.75 5.00030518E-2 2.26109918E-7 2.26109918E-7 0 0 0 0 0 0
92.8500061 4.99992371E-2 2.25713208E-7 2.25713208E-7 0 0 0 0 0 0
92.9499969 4.99992371E-2 2.25317621E-7 2.25317621E-7 0 0 0 0 0 0
93.0500031 4.99992371E-2 2.24923156E-7 2.24923156E-7 0 0 0 0 0 0
93.1499939 4.99992371E-2 2.24529813E-7 2.24529813E-7 0 0 0 0 0 0
93.25 5.00030518E-2 2.24137551E-7 2.24137551E-7 0 0 0 0 0 0
93.3500061 4.99992371E-2 2.23746397E-7 2.23746397E-7 0 0 0 0 0 0
93.4499969 4.99992371E-2 2.23356366E-7 2.23356366E-7 0 0 0 0 0 0
93.5500031 4.99992371E-2 2.22967429E-7 2.22967429E-7 0 0 0 0 0 0
93.6499939 4.99992371E-2 2.22579587E-7 2.22579587E-7 0 0 0 0 0 0
93.75 5.00030518E-2 2.2219281E-7 2.2219281E-7 0 0 0 0 0 0
93.8500061 4.99992371E-2 2.21807127E-7 2.21807127E-7 0 0 0 0 0 0
93.9499969 4.99992371E-2 2.21422525E-7 2.21422525E-7 0 0 0 0 0 0
94.0500031 4.99992371E-2 2.21039016E-7 2.21039016E-7 0 0 0 0 0 0
94.1499939 4.99992371E-2 2.20656531E-7 2.20656531E-7 0 0 0 0 0 0
94.25 5.00030518E-2 2.2027514E-7 2.2027514E-7 0 0 0 0 0 0
94.3500061 4.99992371E-2 2.19894801E-7 2.19894801E-7 0 0 0 0 0 0
94.4499969 4.99992371E-2 2.19515542E-7 2.19515542E-7 0 0 0 0 0 0
94.5500031 4.99992371E-2 2.19137334E-7 2.19137334E-7 0 0 0 0 0 0
94.6499939 4.99992371E-2 2.1876015E-7 2.1876015E-7 0 0 0 0 0 0
94.75 5.00030518E-2 2.18384059E-7 2.18384059E-7 0 0 0 0 0 0
94.8500061 4.99992371E-2 2.1800895E-7 2.1800895E-7 0 0 0 0 0 0
94.9499969 4.99992371E-2 2.1763492E-7 2.1763492E-7 0 0 0 0 0 0
95.0500031 4.99992371E-2 2.17261913E-7 2.17261913E-7 0 0 0 0 0 0
95.1499939 4.99992371E-2 2.1688993E-7 2.1688993E-7 0 0 0 0 0 0
95.25 5.00030518E-2 2.16518984E-7 2.16518984E-7 0 0 0 0 0 0
95.3500061 4.99992371E-2 2.16149061E-7 2.16149061E-7 0 0 0 0 0 0
95.4499969 4.99992371E-2 2.15780148E-7 2.15780148E-7 0 0 0 0 0 0
95.5500031 4.99992371E-2 2.15412243E-7 2.15412243E-7 0 0 0 0 0 0
95.6499939 4.99992371E-2 2.15045361E-7 2.15045361E-7 0 0 0 0 0 0
95.75 5.00030518E-2 2.14679474E-7 2.14679474E-7 0 0 0 0 0 0
95.8500061 4.99992371E-2 2.14314611E-7 2.14314611E-7 0 0 0 0 0 0
95.9499969 4.99992371E-2 2.13950713E-7 2.13950713E-7 0 0 0 0 0 0
96.0500031 4.99992371E-2 2.13587867E-7 2.13587867E-7 0 0 0 0 0 0
96.1499939 4.99992371E-2 2.13225974E-7 2.13225974E-7 0 0 0 0 0 0
96.25 5.00030518E-2 2.12865075E-7 2.12865075E-7 0 0 0 0 0 0
96.3500061 4.99992371E-2 2.12505128E-7 2.12505128E-7 0 0 0 0 0 0
96.4499969 4.99992371E-2 2.12146233E-7 2.12146233E-7 0 0 0 0 0 0
96.5500031 4.99992371E-2 2.11788276E-7 2.11788276E-7 0 0 0 0 0 0
96.6499939 4.99992371E-2 2.11431257E-7 2.11431257E-7 0 0 0 0 0 0
96.75 5.00030518E-2 2.11075289E-7 2.11075289E-7 0 0 0 0 0 0
96.8500061 4.99992371E-2 2.10720216E-7 2.10720216E-7 0 0 0 0 0 0
96.9499969 4.99992371E-2 2.10366139E-7 2.10366139E-7 0 0 0 0 0 0
97.0500031 4.99992371E-2 2.10012999E-7 2.10012999E-7 0 0 0 0 0 0
97.1499939 4.99992371E-2 2.0966084E-7 2.0966084E-7 0 0 0 0 0 0
97.25 5.00030518E-2 2.09309633E-7 2.09309633E-7 0 0 0 0 0 0
97.3500061 4.99992371E-2 2.08959349E-7 2.08959349E-7 0 0 0 0 0 0
97.4499969 4.99992371E-2 2.08610004E-7 2.08610004E-7 0 0 0 0 0 0
97.5500031 4.99992371E-2 2.08261639E-7 2.08261639E-7 0 0 0 0 0 0
97.6499939 4.99992371E-2 2.07914198E-7 2.07914198E-7 0 0 0 0 0 0
97.75 5.00030518E-2 2.0756768E-7 2.0756768E-7 0 0 0 0 0 0
97.8500061 4.99992371E-2 2.07222087E-7 2.07222087E-7 0 0 0 0 0 0
97.9499969 4.99992371E-2 2.06877431E-7 2.06877431E-7 0 0 0 0 0 0
98.0500031 4.99992371E-2 2.06533699E-7 2.06533699E-7 0 0 0 0 0 0
98.1499939 4.99992371E-2 2.0619089E-7 2.0619089E-7 0 0 0 0 0 0
98.25 5.00030518E-2 2.05849005E-7 2.05849005E-7 0 0 0 0 0 0
98.3500061 4.99992371E-2 2.05508002E-7 2.05508002E-7 0 0 0 0 0 0
98.4499969 4.99992371E-2 2.0516795E-7 2.0516795E-7 0 0 0 0 0 0
98.5500031 4.99992371E-2 2.0482878E-7 2.0482878E-7 0 0 0 0 0 0
98.6499939 4.99992371E-2 2.04490519E-7 2.04490519E-7 0 0 0 0 0 0
98.75 5.00030518E-2 2.04153153E-7 2.04153153E-7 0 0 0 0 0 0
98.8500061 4.99992371E-2 2.03816697E-7 2.03816697E-7 0 0 0 0 0 0
98.9499969 4.99992371E-2 2.03481108E-7 2.03481108E-7 0 0 0 0 0 0
99.0500031 4.99992371E-2 2.03146442E-7 2.03146442E-7 0 0 0 0 0 0
99.1499939 4.99992371E-2 2.02812686E-7 2.02812686E-7 0 0 0 0 0 0
99.25 5.00030518E-2 2.02479754E-7 2.02479754E-7 0 0 0 0 0 0
99.3500061 4.99992371E-2 2.02147703E-7 2.02147703E-7 0 0 0 0 0 0
99.4499969 4.99992371E-2 2.0181659E-7 2.0181659E-7 0 0 0 0 0 0
99.5500031 4.99992371E-2 2.01486301E-7 2.01486301E-7 0 0 0 0 0 0
99.6499939 4.99992371E-2 2.01156908E-7 2.01156908E-7 0 0 0 0 0 0
99.75 5.00030518E-2 2.00828367E-7 2.00828367E-7 0 0 0 0 0 0
99.8500061 4.99992371E-2 2.00500693E-7 2.00500693E-7 0 0 0 0 0 0
99.9499969 4.99992371E-2 2.00173858E-7 2.00173858E-7 0 0 0 0 0 0
