0.150000006 5.00000007E-2 0 0 0 0 0 0 0 0
0.25 5.00000045E-2 0 0 0 0 0 0 0 0
0.350000024 4.9999997E-2 0 0 0 0 0 0 0 0
0.449999988 4.9999997E-2 0 0 0 0 0 0 0 0
0.550000012 5.00000119E-2 8.3029939E-23 0 0 0 0 0 1.29217136E-23 7.0108227E-23
0.650000036 5.00000119E-2 2.27832465E-18 0 0 0 0 0 2.22516677E-19 2.0558079E-18
0.75 4.99999821E-2 1.31877321E-14 5.2459994E-36 0 0 2.25298157E-36 6.89210188E-35 4.16702702E-16 1.27710291E-14
0.850000024 5.00000119E-2 2.14245462E-12 1.86218524E-30 0 0 8.28413657E-31 4.49920888E-29 3.86641131E-14 2.10379045E-12
0.950000048 4.99999821E-2 2.14696469E-10 6.81507388E-25 0 0 3.14521037E-25 1.74666947E-23 3.79072121E-12 2.10905737E-10
1.04999995 5.00000119E-2 4.96374231E-9 2.39685938E-20 0 0 1.27859965E-20 3.45683431E-19 1.76731865E-10 4.78701034E-9
1.1500001 5.00000119E-2 3.30535386E-8 4.43445935E-17 0 0 2.9491209E-17 2.82038334E-16 3.123791E-9 2.99297476E-8
1.25 5.00000119E-2 1.45800954E-7 1.1735085E-14 0 0 6.21476925E-15 4.48417413E-14 1.77184809E-8 1.28082419E-7
1.35000014 5.00000119E-2 4.22171354E-7 1.81085561E-13 0 0 9.37389475E-14 7.97987869E-13 4.43052279E-8 3.77865035E-7
1.45000005 4.99999523E-2 1.11279121E-6 5.68417015E-12 0 0 3.26197554E-12 1.90639067E-11 1.62325563E-7 9.50437709E-7
1.54999995 5.00000119E-2 1.51897893E-6 8.49370366E-11 0 0 4.7196521E-11 1.32742026E-10 3.97802381E-7 1.12091163E-6
1.6500001 5.00000119E-2 2.49731715E-6 7.36133654E-10 0 0 4.01615241E-10 8.34040725E-10 8.10026847E-7 1.68531858E-6
1.75 5.00000119E-2 5.13382838E-6 4.20425961E-9 0 0 2.38305575E-9 5.74643089E-9 1.49933351E-6 3.6221611E-6
1.85000014 5.00000119E-2 1.63162786E-5 8.96318397E-9 0 0 5.05347098E-9 3.86528001E-8 1.87737248E-6 1.43862362E-5
1.95000005 4.99999523E-2 6.50776474E-6 2.29846346E-8 0 0 1.27603217E-8 2.09634283E-8 2.43812315E-6 4.012933E-6
2.04999995 4.99999523E-2 1.47407391E-5 6.54570087E-8 0 0 4.30335767E-8 1.12591721E-7 4.00959607E-6 1.05100607E-5
2.1500001 5.00000715E-2 1.30109083E-5 1.55948058E-7 0 0 8.64796448E-8 1.60529737E-7 4.40880876E-6 8.19914203E-6
2.25 4.99999523E-2 1.36477283E-5 3.21866764E-7 0 0 1.80254645E-7 2.4081308E-7 5.51854646E-6 7.38624794E-6
2.3499999 4.99999523E-2 1.7772787E-5 5.91345554E-7 0 0 3.46518817E-7 4.77357332E-7 6.87253032E-6 9.48503566E-6
2.44999981 5.00000715E-2 3.78357472E-5 8.75434694E-7 0 0 4.9970555E-7 1.83828593E-6 7.38914059E-6 2.72331799E-5
2.54999995 4.99999523E-2 1.7454764E-5 1.06256516E-6 0 0 6.08540574E-7 6.0501759E-7 7.60431385E-6 7.57432645E-6
2.6500001 5.00000715E-2 2.16389471E-5 1.59595095E-6 0 0 1.0848986E-6 8.69245127E-7 1.0034255E-5 8.05459695E-6
2.75 4.99999523E-2 2.05893175E-5 2.25310509E-6 0 0 1.2804386E-6 9.72942416E-7 9.13142685E-6 6.95140488E-6
2.8499999 4.99999523E-2 2.49141594E-5 3.02114609E-6 0 0 1.72113243E-6 1.54895952E-6 9.79310425E-6 8.82981749E-6
2.94999981 5.00000715E-2 2.42819515E-5 3.88017952E-6 0 0 2.21024811E-6 1.38450559E-6 1.03264756E-5 6.48054265E-6
3.04999995 4.99999523E-2 2.66887346E-5 4.80617791E-6 0 0 2.71322301E-6 1.72227465E-6 1.06647931E-5 6.78226706E-6
3.1500001 5.00000715E-2 3.51339004E-5 5.77369292E-6 0 0 3.44812656E-6 3.25671635E-6 1.1640569E-5 1.10147967E-5
3.25 4.99999523E-2 2.83609897E-5 6.44166721E-6 0 0 3.68923315E-6 1.73013518E-6 1.12256848E-5 5.27426937E-6
3.3499999 4.99999523E-2 3.10555915E-5 7.3688293E-6 0 0 4.60307911E-6 1.7935497E-6 1.2435682E-5 4.85445116E-6
3.44999981 5.00000715E-2 3.06460461E-5 8.31151738E-6 0 0 4.70518808E-6 1.81762596E-6 1.13997758E-5 4.41193788E-6
3.54999995 4.99999523E-2 3.17551239E-5 9.21896753E-6 0 0 5.19595915E-6 1.84836347E-6 1.1421359E-5 4.07047401E-6
3.6500001 5.00000715E-2 3.3077642E-5 1.00786565E-5 0 0 5.64914808E-6 1.97790814E-6 1.13800797E-5 3.99184819E-6
3.75 4.99999523E-2 3.33697171E-5 1.08813783E-5 0 0 6.06899266E-6 1.78507025E-6 1.13034293E-5 3.3308454E-6
3.8499999 4.99999523E-2 3.60534941E-5 1.16209321E-5 0 0 6.54990845E-6 2.37963559E-6 1.13659926E-5 4.13702492E-6
3.94999981 5.00000715E-2 3.62636092E-5 1.2293699E-5 0 0 7.16597742E-6 1.95354278E-6 1.1664567E-5 3.18582329E-6
4.05000019 4.99999523E-2 3.45989647E-5 1.27121784E-5 0 0 7.03992282E-6 1.5400143E-6 1.09147641E-5 2.39208566E-6
4.14999962 4.99999523E-2 3.68243818E-5 1.31807647E-5 0 0 8.07233118E-6 1.47891262E-6 1.19068909E-5 2.18548325E-6
4.25 5.00001907E-2 3.50839946E-5 1.37106772E-5 0 0 7.51929974E-6 1.37962024E-6 1.05374302E-5 1.93696792E-6
4.35000038 4.99999523E-2 3.52209754E-5 1.41729488E-5 0 0 7.72459589E-6 1.2783604E-6 1.03320262E-5 1.7130443E-6
4.44999981 4.99999523E-2 3.51744311E-5 1.45703207E-5 0 0 7.84055101E-6 1.18776597E-6 1.00504276E-5 1.52536711E-6
4.55000019 4.99999523E-2 3.54715266E-5 1.49062171E-5 0 0 8.04629326E-6 1.16237436E-6 9.92081095E-6 1.4358294E-6
4.64999962 4.99999523E-2 3.51963026E-5 1.5184497E-5 0 0 8.12593771E-6 1.01158321E-6 9.66844345E-6 1.2058415E-6
4.75 5.00001907E-2 3.51427079E-5 1.54092631E-5 0 0 8.24541985E-6 9.25343784E-7 9.49511286E-6 1.06756909E-6
4.85000038 4.99999523E-2 3.52957177E-5 1.55847156E-5 0 0 8.46215335E-6 8.45771353E-7 9.45619922E-6 9.46878401E-7
4.94999981 4.99999523E-2 3.4720666E-5 1.5715048E-5 0 0 8.33487957E-6 7.71201655E-7 9.05971046E-6 8.39824338E-7
5.05000019 4.99999523E-2 3.42435742E-5 1.58043476E-5 0 0 8.2538927E-6 6.98436736E-7 8.74548823E-6 7.41408996E-7
5.14999962 4.99999523E-2 3.39759026E-5 1.58565363E-5 0 0 8.2708475E-6 6.33071124E-7 8.55909639E-6 6.56350721E-7
5.25 5.00001907E-2 3.34418037E-5 1.58753519E-5 0 0 8.15540261E-6 5.72740419E-7 8.2573315E-6 5.80975268E-7
5.35000038 4.99999523E-2 3.29886352E-5 1.58642943E-5 0 0 8.07973083E-6 5.15434522E-7 8.01680471E-6 5.12369695E-7
5.44999981 4.99999523E-2 3.28196402E-5 1.58266357E-5 0 0 8.13982479E-6 4.69264222E-7 7.92612445E-6 4.57792652E-7
5.55000019 4.99999523E-2 3.20948166E-5 1.57654013E-5 0 0 7.92683204E-6 4.17357995E-7 7.58511806E-6 4.00107751E-7
5.64999962 4.99999523E-2 3.23203276E-5 1.56833685E-5 0 0 8.1951157E-6 3.73821621E-7 7.71543E-6 3.52594071E-7
5.75 5.00001907E-2 3.10977193E-5 1.55830894E-5 0 0 7.71412215E-6 3.35439722E-7 7.15343231E-6 3.11636256E-7
5.85000038 4.99999523E-2 3.05872818E-5 1.54668851E-5 0 0 7.5984276E-6 2.99940041E-7 6.94728215E-6 2.74745872E-7
5.94999981 4.99999523E-2 3.0491703E-5 1.5336871E-5 0 0 7.69857979E-6 2.67704536E-7 6.94654591E-6 2.42002358E-7
6.05000019 4.99999523E-2 2.94594138E-5 1.51949498E-5 0 0 7.30264219E-6 2.39519267E-7 6.5084364E-6 2.13866457E-7
6.14999962 4.99999523E-2 2.92815257E-5 1.50428514E-5 0 0 7.35602362E-6 2.1352362E-7 6.48066361E-6 1.88463744E-7
6.25 5.00001907E-2 2.82621349E-5 1.48821237E-5 0 0 6.95906283E-6 1.9009876E-7 6.06486901E-6 1.65979898E-7
6.35000038 4.99999523E-2 1.43189391E-4 1.47141618E-5 1.15483279E-4 0 6.80507401E-6 1.69607546E-7 5.87067552E-6 1.46590537E-7
6.44999981 4.99999523E-2 1.44724996E-4 1.45402109E-5 1.1722678E-4 0 6.76880427E-6 2.18368115E-7 5.7838879E-6 1.86940184E-7
6.55000019 4.99999523E-2 2.77680065E-5 1.43613852E-5 0 0 6.78950119E-6 4.69265501E-7 5.74971682E-6 3.98137217E-7
6.64999962 4.99999523E-2 7.79555266E-5 1.41786804E-5 0 0 3.44374384E-5 2.28810308E-7 2.89180989E-5 1.92495264E-7
6.75 5.00001907E-2 7.96225941E-5 1.39929771E-5 0 0 3.56928322E-5 1.10165985E-7 2.97346705E-5 9.19465037E-8
6.85000038 4.99999523E-2 2.52613736E-5 1.38050618E-5 0 0 6.17678234E-6 9.42372438E-8 5.10722793E-6 7.80640477E-8
6.94999981 4.99999523E-2 5.65311675E-5 1.36156314E-5 0 0 2.34831296E-5 8.37147027E-8 1.92798361E-5 6.88580428E-8
7.05000019 4.99999523E-2 5.55885854E-5 1.34252941E-5 0 3.15330362E-5 5.78066511E-6 7.44368691E-8 4.71433532E-6 6.08185857E-8
7.14999962 4.99999523E-2 1.99877522E-5 1.10095198E-5 0 0 4.6429268E-6 5.48643158E-8 4.23035863E-6 5.0081912E-8
7.25 5.00001907E-2 1.93933611E-5 1.06672687E-5 0 0 4.50702873E-6 4.78743658E-8 4.12726786E-6 4.39218795E-8
7.35000038 4.99999523E-2 1.8966266E-5 1.05858162E-5 0 0 4.35281936E-6 4.28469811E-8 3.9458705E-6 3.89132921E-8
7.44999981 4.99999523E-2 1.87078076E-5 1.04998999E-5 0 0 4.28667772E-6 3.81786549E-8 3.84870918E-6 3.43415891E-8
7.55000019 4.99999523E-2 1.84628279E-5 1.04100855E-5 0 0 4.22738003E-6 3.40658204E-8 3.76093226E-6 3.03632746E-8
7.64999962 4.99999523E-2 1.81976466E-5 1.03168823E-5 0 0 4.15701743E-6 3.04839958E-8 3.66632594E-6 2.69356004E-8
7.75 5.00001907E-2 2.04453972E-5 1.02207632E-5 0 0 5.42684984E-6 2.71496319E-8 4.74684339E-6 2.37917632E-8
7.85000038 4.99999523E-2 2.83913232E-5 1.0122154E-5 0 0 9.75672174E-6 2.41931613E-8 8.46721923E-6 2.10346371E-8
7.94999981 4.99999523E-2 1.73357748E-5 1.00214465E-5 0 0 3.90796959E-6 2.16009006E-8 3.3661172E-6 1.86404101E-8
8.05000019 5.00001907E-2 1.72504224E-5 9.91899742E-6 0 0 3.93258097E-6 1.92128145E-8 3.36316975E-6 1.64614349E-8
8.15000057 5.00001907E-2 1.77215934E-5 9.81513222E-6 0 0 4.25810549E-6 1.70529919E-8 3.6167919E-6 1.45115315E-8
8.25 4.99997139E-2 2.30140067E-5 9.71014288E-6 0 0 7.19989657E-6 1.52581237E-8 6.07580887E-6 1.28998456E-8
8.35000038 5.00001907E-2 1.67307116E-5 9.55106771E-6 0 0 3.88489752E-6 1.36473917E-8 3.26959184E-6 1.15071872E-8
8.45000076 5.00001907E-2 1.71074516E-5 9.42507359E-6 0 0 4.16834064E-6 1.1935092E-8 3.49208494E-6 1.00173523E-8
8.55000114 4.99997139E-2 1.55625276E-5 9.32316652E-6 0 0 3.39363578E-6 1.06726148E-8 2.82614792E-6 8.90442831E-9
8.65000057 5.00001907E-2 1.70290368E-5 9.22074923E-6 0 0 4.26187853E-6 9.512374E-9 3.52900497E-6 7.89124766E-9
8.75 4.99997139E-2 1.64421472E-5 9.11801544E-6 0 0 4.00803356E-6 8.41457037E-9 3.3007409E-6 6.942527E-9
8.85000038 5.00001907E-2 1.50124579E-5 9.01514795E-6 0 0 3.28907322E-6 7.52460316E-9 2.69453608E-6 6.17589091E-9
8.95000076 5.00001907E-2 1.5291931E-5 8.91230593E-6 0 0 3.50795017E-6 6.70167211E-9 2.85950091E-6 5.47300072E-9
9.05000114 4.99997139E-2 1.51207896E-5 8.80963671E-6 0 0 3.47848436E-6 5.93151483E-9 2.82191627E-6 4.82086815E-9
9.15000057 5.00001907E-2 1.48163772E-5 8.70726763E-6 0 0 3.37451456E-6 5.29625499E-9 2.72501461E-6 4.28481384E-9
9.25 4.99997139E-2 1.41528926E-5 8.60531782E-6 0 0 3.07047003E-6 4.72098316E-9 2.46858144E-6 3.80259957E-9
9.35000038 5.00001907E-2 1.3906284E-5 8.50389097E-6 0 0 2.99618455E-6 4.17358104E-9 2.39868791E-6 3.34749228E-9
9.45000076 5.00001907E-2 1.36581002E-5 8.40308167E-6 0 0 2.92005257E-6 3.72692277E-9 2.3282621E-6 2.97712544E-9
9.55000114 4.99997139E-2 1.34875336E-5 8.30297176E-6 0 0 2.88624619E-6 3.32332339E-9 2.29234729E-6 2.64438826E-9
9.65000057 5.00001907E-2 1.32842179E-5 8.20363675E-6 0 0 2.83337545E-6 2.938779E-9 2.24193695E-6 2.32965558E-9
9.75 4.99997139E-2 1.29684604E-5 8.10514121E-6 0 0 2.71672502E-6 2.61977995E-9 2.14190482E-6 2.06930673E-9
9.85000038 5.00001907E-2 1.28029988E-5 8.0075406E-6 0 0 2.68315694E-6 2.33817699E-9 2.10812232E-6 1.84048665E-9
9.95000076 5.00001907E-2 1.25639817E-5 7.91088678E-6 0 0 2.60751972E-6 2.07200723E-9 2.04187722E-6 1.62554448E-9
10.0500011 4.99997139E-2 1.24042481E-5 7.81707058E-6 0 0 2.57457714E-6 1.84077797E-9 2.00932027E-6 1.43929646E-9
10.1500006 5.00001907E-2 1.21892372E-5 7.72595104E-6 0 0 2.50890184E-6 1.64621439E-9 1.95145503E-6 1.28282329E-9
10.25 4.99997139E-2 1.19803344E-5 7.63560274E-6 0 0 2.44587659E-6 1.46113155E-9 1.89625973E-6 1.13490151E-9
10.3500004 5.00001907E-2 1.17923219E-5 7.54607345E-6 0 0 2.39383075E-6 1.29686739E-9 1.85011686E-6 1.00416908E-9
10.4500008 5.00001907E-2 1.15980101E-5 7.45740454E-6 0 0 2.33744208E-6 1.15855225E-9 1.80111078E-6 8.94377294E-10
10.5500011 4.99997139E-2 1.14033846E-5 7.36963148E-6 0 0 2.28008844E-6 1.03146702E-9 1.75183914E-6 7.93968724E-10
10.6500006 5.00001907E-2 1.12087791E-5 7.28278701E-6 0 0 2.22195513E-6 9.12956488E-10 1.70242333E-6 7.00789982E-10
10.75 4.99997139E-2 1.10163282E-5 7.19689797E-6 0 0 2.16423382E-6 8.17513668E-10 1.65375332E-6 6.25845487E-10
10.8500004 5.00001907E-2 1.08224822E-5 7.11198618E-6 0 0 2.10493022E-6 7.26953109E-10 1.60428363E-6 5.55079815E-10
10.9500008 5.00001907E-2 1.06479147E-5 7.02806983E-6 0 0 2.05578476E-6 6.4336575E-10 1.56292708E-6 4.90032126E-10
11.0500011 4.99997139E-2 1.04834926E-5 6.9451653E-6 0 0 2.01162766E-6 5.76313774E-10 1.52568555E-6 4.37907127E-10
11.1500006 5.00001907E-2 1.03227067E-5 6.86328713E-6 0 0 1.9687825E-6 5.13725562E-10 1.4897339E-6 3.89446364E-10
11.25 4.99997139E-2 1.01687674E-5 6.78244214E-6 0 0 1.92908965E-6 4.5320403E-10 1.45643912E-6 3.42798762E-10
11.3500004 5.00001907E-2 1.0016066E-5 6.70263944E-6 0 0 1.88935087E-6 4.0649728E-10 1.42336216E-6 3.06807524E-10
11.4500008 5.00001907E-2 9.86393115E-6 6.62388402E-6 0 0 1.8491977E-6 3.62867236E-10 1.39021347E-6 2.7330746E-10
11.5500011 4.99997139E-2 9.71236022E-6 6.54617679E-6 0 0 1.80863503E-6 3.20739324E-10 1.35698656E-6 2.41091758E-10
11.6500006 5.00001907E-2 9.56137137E-6 6.46952049E-6 0 0 1.76767139E-6 2.86623308E-10 1.32367779E-6 2.15029383E-10
11.75 4.99997139E-2 9.41093731E-6 6.3939151E-6 0 0 1.7263003E-6 2.56289268E-10 1.29027342E-6 1.91911667E-10
11.8500004 5.00001907E-2 9.26128087E-6 6.319357E-6 0 0 1.68465942E-6 2.27278391E-10 1.25686745E-6 1.69879527E-10
11.9500008 5.00001907E-2 9.11224561E-6 6.24584391E-6 0 0 1.64266214E-6 2.02547867E-10 1.22338645E-6 1.5112929E-10
12.0500011 4.99997139E-2 8.96385518E-6 6.173369E-6 0 0 1.60033085E-6 1.81080789E-10 1.18983951E-6 1.34882785E-10
12.1500006 5.00001907E-2 8.81783399E-6 6.10192865E-6 0 0 1.55866474E-6 1.60941177E-10 1.15696037E-6 1.19684665E-10
12.25 4.99997139E-2 8.67453946E-6 6.03151375E-6 0 0 1.51787788E-6 1.43305506E-10 1.12489761E-6 1.06400722E-10
12.3500004 5.00001907E-2 8.5388574E-6 5.96211703E-6 0 0 1.48079084E-6 1.28168809E-10 1.09572693E-6 9.50159465E-11
12.4500008 5.00001907E-2 8.41156452E-6 5.89373121E-6 0 0 1.44786486E-6 1.14088544E-10 1.06977006E-6 8.44520009E-11
12.5500011 4.99997139E-2 8.28628072E-6 5.82634675E-6 0 0 1.41544626E-6 1.01318412E-10 1.04431126E-6 7.48911488E-11
12.6500006 5.00001907E-2 8.16778174E-6 5.75995182E-6 0 0 1.3862948E-6 9.09039718E-11 1.02137687E-6 6.70994232E-11
12.75 4.99997139E-2 8.05112268E-6 5.69453778E-6 0 0 1.35757705E-6 8.0971771E-11 9.98866767E-7 5.96873453E-11
12.8500004 5.00001907E-2 7.93560957E-6 5.63009371E-6 0 0 1.32890261E-6 7.18104048E-11 9.76488423E-7 5.2864834E-11
12.9500008 5.00001907E-2 7.82098414E-6 5.5666078E-6 0 0 1.30013052E-6 6.44276785E-11 9.54133611E-7 4.73696568E-11
13.0500011 4.99997139E-2 7.70713632E-6 5.50406912E-6 0 0 1.27120768E-6 5.76369855E-11 9.31759359E-7 4.23247166E-11
13.1500006 5.00001907E-2 7.59399609E-6 5.4424645E-6 0 0 1.24210328E-6 5.10589418E-11 9.09339803E-7 3.74494845E-11
13.25 4.99997139E-2 7.48154935E-6 5.38178301E-6 0 0 1.21281641E-6 4.56977164E-11 8.8687068E-7 3.34784457E-11
13.3500004 5.00001907E-2 7.36980928E-6 5.32201148E-6 0 0 1.1833647E-6 4.09603705E-11 8.6436188E-7 2.99741169E-11
13.4500008 5.00001907E-2 7.26001053E-6 5.26313761E-6 0 0 1.15447187E-6 3.64310457E-11 8.42338125E-7 2.66305589E-11
13.5500011 4.99997139E-2 7.15206761E-6 5.20514914E-6 0 0 1.12609723E-6 3.24864545E-11 8.20765308E-7 2.3721981E-11
13.6500006 5.00001907E-2 7.04489548E-6 5.14803151E-6 0 0 1.09762379E-6 2.91144019E-11 7.99190104E-7 2.1237824E-11
13.75 4.99997139E-2 6.93913125E-6 5.09177607E-6 0 0 1.06942753E-6 2.59637416E-11 7.77882747E-7 1.89206307E-11
13.8500004 5.00001907E-2 6.84020051E-6 5.03636511E-6 0 0 1.04466278E-6 2.31637921E-11 7.59132661E-7 1.68638523E-11
13.9500008 5.00001907E-2 6.74494913E-6 4.98178815E-6 0 0 1.02151341E-6 2.07479815E-11 7.41611416E-7 1.50908504E-11
14.0500011 4.99997139E-2 6.65113657E-6 4.92803247E-6 0 0 9.98692258E-7 1.85061255E-11 7.24379788E-7 1.34479372E-11
14.1500006 5.00001907E-2 6.56141083E-6 4.87508578E-6 0 0 9.77742843E-7 1.65078489E-11 7.08553614E-7 1.19851681E-11
14.25 4.99997139E-2 6.47280012E-6 4.82293444E-6 0 0 9.56952476E-7 1.48301042E-11 6.92887511E-7 1.07577653E-11
14.3500004 5.00001907E-2 6.38507345E-6 4.77156482E-6 0 0 9.361965E-7 1.32320708E-11 6.77288938E-7 9.59047945E-12
14.4500008 5.00001907E-2 6.29873466E-6 4.72096644E-6 0 0 9.1577482E-7 1.17793483E-11 6.61973047E-7 8.53057815E-12
14.5500011 4.99997139E-2 6.21393019E-6 4.67112523E-6 0 0 8.95781341E-7 1.05919171E-11 6.47005606E-7 7.66454174E-12
14.6500006 5.00001907E-2 6.1297801E-6 4.62202888E-6 0 0 8.75713454E-7 9.48865552E-12 6.32021454E-7 6.86088296E-12
14.75 4.99997139E-2 6.04630259E-6 4.57366605E-6 0 0 8.55589519E-7 8.44043065E-12 6.17032526E-7 6.09835533E-12
14.8500004 5.00001907E-2 5.96489099E-6 4.52602353E-6 0 0 8.36227343E-7 7.55509631E-12 6.02626926E-7 5.45468531E-12
14.9500008 5.00001907E-2 5.88412377E-6 4.47908997E-6 0 0 8.16808836E-7 6.79846544E-12 5.88213027E-7 4.90490547E-12
15.0500011 4.99997139E-2 5.80397682E-6 4.43285262E-6 0 0 7.97328255E-7 6.06942274E-12 5.73785485E-7 4.37587943E-12
15.1500006 5.00001907E-2 5.7249581E-6 4.38730149E-6 0 0 7.78087099E-7 5.41396745E-12 5.59560135E-7 3.90067492E-12
15.25 4.99997139E-2 5.64680931E-6 4.34242293E-6 0 0 7.58944168E-7 4.86201964E-12 5.45433977E-7 3.50069756E-12
15.3500004 5.00001907E-2 5.56944951E-6 4.29820602E-6 0 0 7.39859161E-7 4.36031723E-12 5.31376827E-7 3.13745275E-12
15.4500008 5.00001907E-2 5.49836341E-6 4.25463986E-6 0 0 7.24032134E-7 3.89362761E-12 5.19684477E-7 2.79989573E-12
15.5500011 4.99997139E-2 5.428039E-6 4.21171308E-6 0 0 7.08263428E-7 3.49329571E-12 5.0805653E-7 2.51048791E-12
15.6500006 5.00001907E-2 5.3583567E-6 4.16941521E-6 0 0 6.92489721E-7 3.12476737E-12 4.96446717E-7 2.24430825E-12
15.75 4.99997139E-2 5.29181034E-6 4.12773443E-6 0 0 6.7817092E-7 2.80194769E-12 4.85900102E-7 2.01128393E-12
15.8500004 5.00001907E-2 5.2261089E-6 4.08666074E-6 0 0 6.6397979E-7 2.51756753E-12 4.75463906E-7 1.80613142E-12
15.9500008 4.99997139E-2 5.16102227E-6 4.04618322E-6 0 0 6.49788888E-7 2.25219344E-12 4.65046043E-7 1.61486005E-12
16.0499992 5.00001907E-2 5.09661322E-6 4.00629278E-6 0 0 6.35640674E-7 2.01240522E-12 4.54676183E-7 1.44215358E-12
16.1500015 5.00001907E-2 5.03282854E-6 3.96697669E-6 0 0 6.2151156E-7 1.81300808E-12 4.44336877E-7 1.29857919E-12
16.25 5.00001907E-2 4.97053225E-6 3.92822722E-6 0 0 6.07910806E-7 1.62826783E-12 4.34391438E-7 1.1656624E-12
16.3500023 5.00001907E-2 4.90913817E-6 3.8900339E-6 0 0 5.94502808E-7 1.45419083E-12 4.24598852E-7 1.04052346E-12
16.4500008 4.99992371E-2 4.84876091E-6 3.85238718E-6 0 0 5.81360723E-7 1.30288347E-12 4.15010845E-7 9.31804655E-13
16.5499992 5.00001907E-2 4.78909942E-6 3.81527752E-6 0 0 5.6831459E-7 1.17649608E-12 4.05505233E-7 8.41014866E-13
16.6500015 5.00001907E-2 4.73012233E-6 3.7786956E-6 0 0 5.55352301E-7 1.05421759E-12 3.96072778E-7 7.53255314E-13
16.75 5.00001907E-2 4.671645E-6 3.74263095E-6 0 0 5.42371993E-7 9.4113248E-13 3.86640437E-7 6.72150215E-13
16.8500023 5.00001907E-2 4.61365835E-6 3.70707653E-6 0 0 5.2937304E-7 8.47365526E-13 3.77207243E-7 6.04915315E-13
16.9500008 4.99992371E-2 4.55638292E-6 3.67202256E-6 0 0 5.16490218E-7 7.6322336E-13 3.67868864E-7 5.44613128E-13
17.0499992 5.00001907E-2 4.50193875E-6 3.63746062E-6 0 0 5.04966863E-7 6.83362926E-13 3.59509954E-7 4.87421843E-13
17.1500015 5.00001907E-2 4.44947045E-6 3.60338186E-6 0 0 4.94309802E-7 6.13259985E-13 3.51777913E-7 4.37239681E-13
17.25 5.00001907E-2 4.39746736E-6 3.56977716E-6 0 0 4.83641713E-7 5.50898194E-13 3.44047635E-7 3.92619395E-13
17.3500023 5.00001907E-2 4.34632375E-6 3.5366395E-6 0 0 4.73197616E-7 4.95853304E-13 3.36485869E-7 3.53250686E-13
17.4500008 4.99992371E-2 4.29700958E-6 3.50396135E-6 0 0 4.63549014E-7 4.45644715E-13 3.29498363E-7 3.17359799E-13
17.5499992 5.00001907E-2 4.2482111E-6 3.47173341E-6 0 0 4.53934064E-7 3.99818254E-13 3.22542917E-7 2.84618358E-13
17.6500015 5.00001907E-2 4.20020388E-6 3.43994839E-6 0 0 4.44518236E-7 3.58897862E-13 3.15736713E-7 2.55394718E-13
17.75 5.00001907E-2 4.15299519E-6 3.40859856E-6 0 0 4.35310568E-7 3.2348069E-13 3.09085777E-7 2.30109063E-13
17.8500023 5.00001907E-2 4.10629127E-6 3.37767619E-6 0 0 4.261436E-7 2.91328132E-13 3.02470909E-7 2.07164648E-13
17.9500008 4.99992371E-2 4.06000891E-6 3.34717447E-6 0 0 4.16973364E-7 2.61084936E-13 2.95860616E-7 1.85594961E-13
18.0499992 5.00001907E-2 4.01433726E-6 3.31708657E-6 0 0 4.07914314E-7 2.34185203E-13 2.89335844E-7 1.66417227E-13
18.1500015 5.00001907E-2 3.96911264E-6 3.28740384E-6 0 0 3.98876125E-7 2.11934704E-13 2.82832332E-7 1.5055619E-13
18.25 5.00001907E-2 3.92429138E-6 3.25812061E-6 0 0 3.89836543E-7 1.90600831E-13 2.76333992E-7 1.35357437E-13
18.3500023 5.00001907E-2 3.88033141E-6 3.22922983E-6 0 0 3.81067622E-7 1.70695706E-13 2.70033468E-7 1.21183554E-13
18.4500008 4.99992371E-2 3.83686438E-6 3.20072513E-6 0 0 3.72358329E-7 1.53701013E-13 2.63780862E-7 1.09084874E-13
18.5499992 5.00001907E-2 3.79380731E-6 3.17259946E-6 0 0 3.63663503E-7 1.38916426E-13 2.57544059E-7 9.85623258E-14
18.6500015 5.00001907E-2 3.75119748E-6 3.14484623E-6 0 0 3.55009604E-7 1.24843752E-13 2.51341561E-7 8.85516297E-14
18.75 5.00001907E-2 3.71035367E-6 3.11745953E-6 0 0 3.4717192E-7 1.12145326E-13 2.45721878E-7 7.9521757E-14
18.8500023 5.00001907E-2 3.6710403E-6 3.09043321E-6 0 0 3.40016953E-7 1.009539E-13 2.40589969E-7 7.15658137E-14
18.9500008 4.99992371E-2 3.63208255E-6 3.06376091E-6 0 0 3.3286031E-7 9.120535E-14 2.35461144E-7 6.46372807E-14
19.0499992 5.00001907E-2 3.59347223E-6 3.03743695E-6 0 0 3.25700825E-7 8.20426626E-14 2.30334436E-7 5.81279951E-14
19.1500015 5.00001907E-2 3.5563844E-6 3.01145519E-6 0 0 3.19230224E-7 7.38649525E-14 2.25698784E-7 5.23201748E-14
19.25 5.00001907E-2 3.52006123E-6 2.9858104E-6 0 0 3.13008201E-7 6.6417439E-14 2.21242487E-7 4.70327648E-14
19.3500023 5.00001907E-2 3.48407116E-6 2.96049643E-6 0 0 3.06785523E-7 5.9962804E-14 2.16789161E-7 4.24512212E-14
19.4500008 4.99992371E-2 3.44842056E-6 2.93550829E-6 0 0 3.005689E-7 5.41360746E-14 2.12343465E-7 3.83166162E-14
19.5499992 5.00001907E-2 3.413272E-6 2.91084007E-6 0 0 2.94456868E-7 4.87081553E-14 2.07974907E-7 3.44664415E-14
19.6500015 5.00001907E-2 3.3785293E-6 2.88648744E-6 0 0 2.88396137E-7 4.37411744E-14 2.03645641E-7 3.09443701E-14
19.75 5.00001907E-2 3.34411061E-6 2.86244358E-6 0 0 2.82342484E-7 3.96018125E-14 1.99324404E-7 2.80094687E-14
19.8500023 5.00001907E-2 3.30998773E-6 2.83870418E-6 0 0 2.76282123E-7 3.57540569E-14 1.95001363E-7 2.52822513E-14
19.9500008 4.99992371E-2 3.27616499E-6 2.81526513E-6 0 0 2.70219857E-7 3.2150379E-14 1.90679813E-7 2.27289365E-14
20.0499992 5.00001907E-2 3.24266512E-6 2.79212054E-6 0 0 2.64172797E-7 2.89099629E-14 1.8637175E-7 2.04336094E-14
20.1500015 5.00001907E-2 3.2094747E-6 2.76926585E-6 0 0 2.58135543E-7 2.61885867E-14 1.82073265E-7 1.85061469E-14
20.25 5.00001907E-2 3.17657486E-6 2.74669628E-6 0 0 2.52099966E-7 2.36464545E-14 1.77778574E-7 1.67062206E-14
20.3500023 5.00001907E-2 3.14428553E-6 2.7244073E-6 0 0 2.46256462E-7 2.12726446E-14 1.73621814E-7 1.50260104E-14
20.4500008 4.99992371E-2 3.11239501E-6 2.7023948E-6 0 0 2.40483246E-7 1.91555637E-14 1.69516994E-7 1.35278539E-14
20.5499992 5.00001907E-2 3.08218341E-6 2.6806531E-6 0 0 2.35534657E-7 1.73446937E-14 1.65995672E-7 1.22465607E-14
20.6500015 5.00001907E-2 3.05260983E-6 2.65917856E-6 0 0 2.30802442E-7 1.56559844E-14 1.62628822E-7 1.10520554E-14
20.75 5.00001907E-2 3.02349122E-6 2.6379671E-6 0 0 2.26181683E-7 1.41221077E-14 1.59342406E-7 9.967334E-15
20.8500023 5.00001907E-2 2.99465182E-6 2.61701462E-6 0 0 2.2157181E-7 1.27080226E-14 1.56065454E-7 8.96759118E-15
20.9500008 4.99992371E-2 2.96667349E-6 2.59631679E-6 0 0 2.17316682E-7 1.14991067E-14 1.53040119E-7 8.11300778E-15
21.0499992 5.00001907E-2 2.93906328E-6 2.5758693E-6 0 0 2.13129553E-7 1.04012317E-14 1.50064281E-7 7.33709256E-15
21.1500015 5.00001907E-2 2.91184233E-6 2.55566852E-6 0 0 2.09025302E-7 9.38682251E-15 1.4714837E-7 6.62034726E-15
21.25 5.00001907E-2 2.88487126E-6 2.53571011E-6 0 0 2.04924518E-7 8.43750186E-15 1.44236424E-7 5.94977372E-15
21.3500023 5.00001907E-2 2.85815531E-6 2.5159909E-6 0 0 2.00832389E-7 7.64312811E-15 1.41332009E-7 5.38869317E-15
21.4500008 4.99992371E-2 2.83170152E-6 2.49650702E-6 0 0 1.9675511E-7 6.92116127E-15 1.38439475E-7 4.87886065E-15
21.5499992 5.00001907E-2 2.80552808E-6 2.47725438E-6 0 0 1.92705755E-7 6.2466071E-15 1.35567973E-7 4.40262993E-15
21.6500015 5.00001907E-2 2.77960703E-6 2.45822935E-6 0 0 1.88670143E-7 5.61162165E-15 1.32707498E-7 3.95445082E-15
21.75 5.00001907E-2 2.75391881E-6 2.43942873E-6 0 0 1.84638708E-7 5.09220877E-15 1.29851244E-7 3.58785665E-15
21.8500023 5.00001907E-2 2.72844909E-6 2.42084889E-6 0 0 1.80605241E-7 4.61189873E-15 1.26994834E-7 3.24893505E-15
21.9500008 4.99992371E-2 2.70319742E-6 2.40248687E-6 0 0 1.76571334E-7 4.16009814E-15 1.24139348E-7 2.93020799E-15
22.0499992 5.00001907E-2 2.67818109E-6 2.38433859E-6 0 0 1.72549136E-7 3.7427739E-15 1.21293326E-7 2.63586552E-15
22.1500015 5.00001907E-2 2.6534135E-6 2.36640108E-6 0 0 1.68548638E-7 3.39676623E-15 1.18463696E-7 2.39183512E-15
22.25 5.00001907E-2 2.62900676E-6 2.34867093E-6 0 0 1.64637584E-7 3.07452398E-15 1.15698079E-7 2.16461451E-15
22.3500023 5.00001907E-2 2.60554702E-6 2.33114542E-6 0 0 1.61162092E-7 2.77721055E-15 1.13239587E-7 1.95501324E-15
22.4500008 4.99992371E-2 2.58292903E-6 2.31382137E-6 0 0 1.58061852E-7 2.4998837E-15 1.11045708E-7 1.75954366E-15
22.5499992 5.00001907E-2 2.56051749E-6 2.29669581E-6 0 0 1.54965846E-7 2.2674712E-15 1.0885568E-7 1.59574093E-15
22.6500015 5.00001907E-2 2.53835947E-6 2.27976489E-6 0 0 1.51904004E-7 2.05328791E-15 1.066905E-7 1.44481396E-15
22.75 5.00001907E-2 2.51666211E-6 2.26302632E-6 0 0 1.4899932E-7 1.8572559E-15 1.0463652E-7 1.3067011E-15
22.8500023 5.00001907E-2 2.49533264E-6 2.24647692E-6 0 0 1.46199113E-7 1.67205034E-15 1.02656685E-7 1.17624384E-15
22.9500008 4.99992371E-2 2.47425896E-6 2.23011466E-6 0 0 1.43438712E-7 1.51503267E-15 1.00705535E-7 1.06564972E-15
23.0499992 5.00001907E-2 2.45340175E-6 2.21393634E-6 0 0 1.40697168E-7 1.37400147E-15 9.8768318E-8 9.66329173E-16
23.1500015 5.00001907E-2 2.4327253E-6 2.19793856E-6 0 0 1.37955226E-7 1.24350366E-15 9.68315348E-8 8.74442616E-16
23.25 5.00001907E-2 2.41224939E-6 2.18211926E-6 0 0 1.35225875E-7 1.11954685E-15 9.49042658E-8 7.87179535E-16
23.3500023 5.00001907E-2 2.39197743E-6 2.16647572E-6 0 0 1.32512724E-7 1.01456685E-15 9.29890263E-8 7.13280463E-16
23.4500008 4.99992371E-2 2.37189943E-6 2.15100567E-6 0 0 1.29811241E-7 9.20570865E-16 9.10826117E-8 6.47121684E-16
23.5499992 5.00001907E-2 2.3520156E-6 2.13570593E-6 0 0 1.27123272E-7 8.331658E-16 8.9186301E-8 5.85612163E-16
23.6500015 5.00001907E-2 2.33229889E-6 2.12057444E-6 0 0 1.24434422E-7 7.50982005E-16 8.7289969E-8 5.27787288E-16
23.75 5.00001907E-2 2.31274703E-6 2.10560847E-6 0 0 1.21744819E-7 6.80500976E-16 8.53937152E-8 4.78200127E-16
23.8500023 5.00001907E-2 2.29349826E-6 2.09080576E-6 0 0 1.19137134E-7 6.17207868E-16 8.35554843E-8 4.33675416E-16
23.9500008 4.99992371E-2 2.27443388E-6 2.07616404E-6 0 0 1.16542665E-7 5.58841422E-16 8.17270731E-8 3.92622456E-16
24.0499992 5.00001907E-2 2.25552776E-6 2.06168124E-6 0 0 1.13947735E-7 5.04521887E-16 7.9898868E-8 3.54421852E-16
24.1500015 5.00001907E-2 2.23678353E-6 2.04735443E-6 0 0 1.11355845E-7 4.56887189E-16 7.80733203E-8 3.20925484E-16
24.25 5.00001907E-2 2.21882647E-6 2.03318132E-6 0 0 1.09135911E-7 4.14204987E-16 7.65090462E-8 2.90914922E-16
24.3500023 5.00001907E-2 2.20115408E-6 2.01916032E-6 0 0 1.06993831E-7 3.75430281E-16 7.49997895E-8 2.63655072E-16
24.4500008 4.99992371E-2 2.18366426E-6 2.00528939E-6 0 0 1.04870608E-7 3.39320313E-16 7.35041681E-8 2.38272327E-16
24.5499992 5.00001907E-2 2.1664664E-6 1.9915658E-6 0 0 1.02832225E-7 3.0689658E-16 7.20684312E-8 2.15483197E-16
24.6500015 5.00001907E-2 2.14959368E-6 1.97798749E-6 0 0 1.00899264E-7 2.78423886E-16 7.07069532E-8 1.95472731E-16
24.75 5.00001907E-2 2.13297403E-6 1.96455267E-6 0 0 9.90305367E-8 2.52494778E-16 6.93908504E-8 1.77251941E-16
24.8500023 5.00001907E-2 2.11649945E-6 1.95125926E-6 0 0 9.71637704E-8 2.28322681E-16 6.80764742E-8 1.60268163E-16
24.9500008 4.99992371E-2 2.10023609E-6 1.93810524E-6 0 0 9.53389971E-8 2.06408218E-16 6.67918556E-8 1.44872333E-16
25.0499992 5.00001907E-2 2.08411643E-6 1.92508901E-6 0 0 9.35175493E-8 1.87365117E-16 6.55099015E-8 1.31494665E-16
25.1500015 5.00001907E-2 2.06813434E-6 1.91220806E-6 0 0 9.16973022E-8 1.69933484E-16 6.42291127E-8 1.19250407E-16
25.25 5.00001907E-2 2.05230367E-6 1.8994607E-6 0 0 8.98872443E-8 1.53726501E-16 6.29557633E-8 1.0786778E-16
25.3500023 5.00001907E-2 2.03660738E-6 1.88684533E-6 0 0 8.8078508E-8 1.38994891E-16 6.16836573E-8 9.75224369E-17
25.4500008 4.99992371E-2 2.02110823E-6 1.8743599E-6 0 0 8.63090719E-8 1.26213521E-16 6.0439362E-8 8.85472096E-17
25.5499992 5.00001907E-2 2.00578597E-6 1.86200282E-6 0 0 8.45679864E-8 1.14405061E-16 5.92152141E-8 8.02561071E-17
25.6500015 5.00001907E-2 1.9906106E-6 1.84977193E-6 0 0 8.28389446E-8 1.0361934E-16 5.79997774E-8 7.2683884E-17
25.75 5.00001907E-2 1.97556051E-6 1.83766565E-6 0 0 8.11101373E-8 9.36855762E-17 5.67847742E-8 6.57105396E-17
25.8500023 5.00001907E-2 1.96064207E-6 1.8256826E-6 0 0 7.93861261E-8 8.50450063E-17 5.55733912E-8 5.96453536E-17
25.9500008 4.99992371E-2 1.9458696E-6 1.8138212E-6 0 0 7.76763187E-8 7.7122469E-17 5.43722045E-8 5.40847477E-17
26.0499992 5.00001907E-2 1.9312165E-6 1.80207917E-6 0 0 7.59662697E-8 6.99099106E-17 5.31711031E-8 4.90229219E-17
26.1500015 5.00001907E-2 1.91697791E-6 1.79045549E-6 0 0 7.44303392E-8 6.31810213E-17 5.2092112E-8 4.43010672E-17
26.25 5.00001907E-2 1.90303354E-6 1.77894822E-6 0 0 7.29989154E-8 5.73534016E-17 5.10864737E-8 4.02118701E-17
26.3500023 5.00001907E-2 1.88920706E-6 1.76755566E-6 0 0 7.15691968E-8 5.20371018E-17 5.00822424E-8 3.64818017E-17
26.4500008 4.99992371E-2 1.87549517E-6 1.75627667E-6 0 0 7.01399614E-8 4.72049873E-17 4.9078551E-8 3.30917442E-17
26.5499992 5.00001907E-2 1.86193802E-6 1.74510967E-6 0 0 6.87357939E-8 4.26568439E-17 4.80925912E-8 2.9901259E-17
26.6500015 5.00001907E-2 1.84873738E-6 1.73405294E-6 0 0 6.74763143E-8 3.87278617E-17 4.72080472E-8 2.71452454E-17
26.75 5.00001907E-2 1.83567636E-6 1.72310524E-6 0 0 6.6234854E-8 3.5138328E-17 4.63362859E-8 2.46275541E-17
26.8500023 5.00001907E-2 1.82272515E-6 1.71226498E-6 0 0 6.49946017E-8 3.18912669E-17 4.54655371E-8 2.23502481E-17
26.9500008 4.99992371E-2 1.80992481E-6 1.701531E-6 0 0 6.37805684E-8 2.88293024E-17 4.46132873E-8 2.02029848E-17
27.0499992 5.00001907E-2 1.79724304E-6 1.69090185E-6 0 0 6.25744576E-8 2.61758327E-17 4.3766736E-8 1.83422735E-17
27.1500015 5.00001907E-2 1.78470646E-6 1.6803757E-6 0 0 6.13931164E-8 2.37497566E-17 4.29376641E-8 1.6641155E-17
27.25 5.00001907E-2 1.77228549E-6 1.66995153E-6 0 0 6.02196693E-8 2.15484355E-17 4.21142659E-8 1.50977469E-17
27.3500023 5.00001907E-2 1.75997025E-6 1.65962831E-6 0 0 5.90490536E-8 1.94389462E-17 4.1292985E-8 1.36188869E-17
27.4500008 4.99992371E-2 1.74777756E-6 1.64940423E-6 0 0 5.78919845E-8 1.76517431E-17 4.04813214E-8 1.23660052E-17
27.5499992 5.00001907E-2 1.73570777E-6 1.63927837E-6 0 0 5.67494212E-8 1.60118228E-17 3.96799393E-8 1.12164616E-17
27.6500015 5.00001907E-2 1.72374087E-6 1.62924914E-6 0 0 5.561051E-8 1.45401874E-17 3.88812396E-8 1.01849475E-17
27.75 5.00001907E-2 1.7118698E-6 1.61931575E-6 0 0 5.44715313E-8 1.31573218E-17 3.80826215E-8 9.21574163E-18
27.8500023 5.00001907E-2 1.70009298E-6 1.6094765E-6 0 0 5.33324851E-8 1.19444955E-17 3.72840887E-8 8.36575316E-18
27.9500008 4.99992371E-2 1.68840927E-6 1.59973035E-6 0 0 5.21933039E-8 1.08372572E-17 3.64855808E-8 7.58981887E-18
28.0499992 5.00001907E-2 1.67681708E-6 1.59007618E-6 0 0 5.10538527E-8 9.84361473E-18 3.56870089E-8 6.89353215E-18
28.1500015 5.00001907E-2 1.66561756E-6 1.58051307E-6 0 0 5.00919271E-8 8.91309692E-18 3.50126435E-8 6.24153391E-18
28.25 5.00001907E-2 1.65451945E-6 1.57103943E-6 0 0 4.91368333E-8 8.0848021E-18 3.43431523E-8 5.66119227E-18
28.3500023 5.00001907E-2 1.64351582E-6 1.56165424E-6 0 0 4.8185278E-8 7.33960749E-18 3.36762334E-8 5.13910606E-18
28.4500008 4.99992371E-2 1.63260393E-6 1.55235671E-6 0 0 4.72361137E-8 6.66573405E-18 3.30110872E-8 4.66701505E-18
28.5499992 5.00001907E-2 1.62182675E-6 1.54314546E-6 0 0 4.63153604E-8 6.0397159E-18 3.23658895E-8 4.22848277E-18
28.6500015 5.00001907E-2 1.61121113E-6 1.53401925E-6 0 0 4.5439652E-8 5.47771782E-18 3.17522648E-8 3.83481925E-18
28.75 5.00001907E-2 1.60070567E-6 1.52497739E-6 0 0 4.45790214E-8 4.9737601E-18 3.11492592E-8 3.48182985E-18
28.8500023 5.00001907E-2 1.59037631E-6 1.51601853E-6 0 0 4.37731345E-8 4.51430883E-18 3.05845838E-8 3.16003425E-18
28.9500008 4.99992371E-2 1.58014689E-6 1.50714197E-6 0 0 4.29776676E-8 4.09506598E-18 3.00272731E-8 2.86641802E-18
29.0499992 5.00001907E-2 1.57001307E-6 1.49834636E-6 0 0 4.21906954E-8 3.71218103E-18 2.94759719E-8 2.59828142E-18
29.1500015 5.00001907E-2 1.55996656E-6 1.48963102E-6 0 0 4.14079189E-8 3.37284611E-18 2.8927678E-8 2.36065353E-18
29.25 5.00001907E-2 1.55001896E-6 1.48099468E-6 0 0 4.06367491E-8 3.0580129E-18 2.83875607E-8 2.14019811E-18
29.3500023 5.00001907E-2 1.5401572E-6 1.47243634E-6 0 0 3.98701623E-8 2.77858095E-18 2.78507191E-8 1.94454073E-18
29.4500008 4.99992371E-2 1.53037354E-6 1.46395541E-6 0 0 3.91039769E-8 2.51827465E-18 2.73142255E-8 1.762287E-18
29.5499992 5.00001907E-2 1.52067082E-6 1.45555066E-6 0 0 3.83404597E-8 2.28760665E-18 2.67796629E-8 1.60079125E-18
29.6500015 5.00001907E-2 1.51104655E-6 1.44722128E-6 0 0 3.7578765E-8 2.07490688E-18 2.62464415E-8 1.45188458E-18
29.75 5.00001907E-2 1.50150106E-6 1.43896625E-6 0 0 3.68196673E-8 1.88609856E-18 2.57150958E-8 1.31970907E-18
29.8500023 5.00001907E-2 1.4920289E-6 1.43078489E-6 0 0 3.60604027E-8 1.70918221E-18 2.51836969E-8 1.1958669E-18
29.9500008 4.99992371E-2 1.48262939E-6 1.42267606E-6 0 0 3.53010243E-8 1.55293844E-18 2.4652282E-8 1.08649967E-18
30.0499992 5.00001907E-2 1.47330297E-6 1.41463931E-6 0 0 3.45422819E-8 1.40874948E-18 2.4121368E-8 9.85576187E-19
30.1500015 5.00001907E-2 1.4642394E-6 1.40667316E-6 0 0 3.38966721E-8 1.28035182E-18 2.36695161E-8 8.95709528E-19
30.25 5.00001907E-2 1.45526485E-6 1.39877704E-6 0 0 3.32622321E-8 1.16021852E-18 2.3225514E-8 8.11632254E-19
30.3500023 5.00001907E-2 1.44635999E-6 1.39095039E-6 0 0 3.26279448E-8 1.05459562E-18 2.27816699E-8 7.37712809E-19
30.4500008 4.99992371E-2 1.43753732E-6 1.38319217E-6 0 0 3.20017293E-8 9.5661587E-19 2.23435102E-8 6.69146309E-19
30.5499992 5.00001907E-2 1.4288139E-6 1.3755016E-6 0 0 3.13940376E-8 8.6920511E-19 2.1918332E-8 6.07978371E-19
30.6500015 5.00001907E-2 1.42022077E-6 1.36787776E-6 0 0 3.08237382E-8 7.87997015E-19 2.15193019E-8 5.51154009E-19
30.75 5.00001907E-2 1.41169483E-6 1.36031997E-6 0 0 3.02540926E-8 7.16294001E-19 2.11207745E-8 5.00982507E-19
30.8500023 5.00001907E-2 1.40324414E-6 1.35282744E-6 0 0 2.96902734E-8 6.49628827E-19 2.0726354E-8 4.54338464E-19
30.9500008 4.99992371E-2 1.39486588E-6 1.34539948E-6 0 0 2.9131149E-8 5.90273914E-19 2.03352535E-8 4.12810869E-19
31.0499992 5.00001907E-2 1.38661608E-6 1.3380353E-6 0 0 2.86100406E-8 5.35271159E-19 1.99707273E-8 3.74330143E-19
31.1500015 5.00001907E-2 1.37843938E-6 1.33073411E-6 0 0 2.80948935E-8 4.86532127E-19 1.96104022E-8 3.40232828E-19
31.25 5.00001907E-2 1.37032646E-6 1.32349544E-6 0 0 2.75804357E-8 4.41466551E-19 1.92505922E-8 3.08706855E-19
31.3500023 5.00001907E-2 1.36227789E-6 1.31631793E-6 0 0 2.70678306E-8 4.0096678E-19 1.8892111E-8 2.803761E-19
31.4500008 4.99992371E-2 1.35429309E-6 1.30920171E-6 0 0 2.6556723E-8 3.63805226E-19 1.85347115E-8 2.54381691E-19
31.5499992 5.00001907E-2 1.34636878E-6 1.30214539E-6 0 0 2.60458943E-8 3.30478016E-19 1.81775395E-8 2.31070216E-19
31.6500015 5.00001907E-2 1.33850688E-6 1.29514876E-6 0 0 2.55366128E-8 3.0023531E-19 1.78214812E-8 2.09917101E-19
31.75 5.00001907E-2 1.33070591E-6 1.28821091E-6 0 0 2.50286423E-8 2.72396133E-19 1.74663697E-8 1.90445993E-19
31.8500023 5.00001907E-2 1.32296657E-6 1.28133104E-6 0 0 2.45227412E-8 2.47436966E-19 1.71127361E-8 1.72989845E-19
31.9500008 4.99992371E-2 1.31528702E-6 1.27450892E-6 0 0 2.40181013E-8 2.24600655E-19 1.6760012E-8 1.57019004E-19
32.0499992 4.99992371E-2 1.30766523E-6 1.26774364E-6 0 0 2.35139428E-8 2.04257415E-19 1.64076557E-8 1.42792195E-19
32.1500015 5.00011444E-2 1.30017281E-6 1.2610343E-6 0 0 2.30530173E-8 1.85167896E-19 1.60854974E-8 1.29442819E-19
32.25 4.99992371E-2 1.29281671E-6 1.25438066E-6 0 0 2.26395223E-8 1.68333529E-19 1.57964593E-8 1.17670798E-19
32.3499985 4.99992371E-2 1.28551574E-6 1.24778205E-6 0 0 2.22261214E-8 1.52839325E-19 1.55075135E-8 1.06836373E-19
32.4499969 5.00011444E-2 1.27826945E-6 1.24123778E-6 0 0 2.18129692E-8 1.38993252E-19 1.52187631E-8 9.71547023E-20
32.5499992 4.99992371E-2 1.27108001E-6 1.23474717E-6 0 0 2.14016076E-8 1.25966566E-19 1.493129E-8 8.80464292E-20
32.6500015 5.00011444E-2 1.26398822E-6 1.22830977E-6 0 0 2.10164313E-8 1.14549703E-19 1.46621071E-8 8.00639359E-20
32.75 4.99992371E-2 1.25696442E-6 1.22192478E-6 0 0 2.06403481E-8 1.04009819E-19 1.43992889E-8 7.26948941E-20
32.8499985 4.99992371E-2 1.24999303E-6 1.21559185E-6 0 0 2.02645154E-8 9.45757923E-20 1.41366687E-8 6.60992273E-20
32.9499969 5.00011444E-2 1.2430786E-6 1.20931031E-6 0 0 1.98919494E-8 8.57137669E-20 1.38763481E-8 5.99037414E-20
33.0499992 4.99992371E-2 1.23621828E-6 1.20307959E-6 0 0 1.95212486E-8 7.79494749E-20 1.36173472E-8 5.44758081E-20
33.1500015 5.00011444E-2 1.22941697E-6 1.19689912E-6 0 0 1.91558112E-8 7.0770775E-20 1.33620395E-8 4.94574487E-20
33.25 4.99992371E-2 1.22269103E-6 1.19076844E-6 0 0 1.88053573E-8 6.43530361E-20 1.31172024E-8 4.49711733E-20
33.3499985 4.99992371E-2 1.21602648E-6 1.18468711E-6 0 0 1.84620035E-8 5.83602999E-20 1.28773356E-8 4.07821626E-20
33.4499969 5.00011444E-2 1.20941297E-6 1.1786542E-6 0 0 1.81202573E-8 5.30425044E-20 1.26386093E-8 3.70650424E-20
33.5499992 4.99992371E-2 1.20284835E-6 1.17266939E-6 0 0 1.77788557E-8 4.815725E-20 1.24001405E-8 3.36503859E-20
33.6500015 5.00011444E-2 1.19633432E-6 1.16673232E-6 0 0 1.74391204E-8 4.37982441E-20 1.21628512E-8 3.06036406E-20
33.75 4.99992371E-2 1.18986804E-6 1.16084232E-6 0 0 1.70998398E-8 3.97601454E-20 1.19258967E-8 2.77812971E-20
33.8499985 4.99992371E-2 1.18345167E-6 1.15499881E-6 0 0 1.67625096E-8 3.60932118E-20 1.1690318E-8 2.52184476E-20
33.9499969 5.00011444E-2 1.17709101E-6 1.14920158E-6 0 0 1.64308016E-8 3.27889871E-20 1.14586767E-8 2.29091661E-20
34.0499992 4.99992371E-2 1.17077889E-6 1.14344994E-6 0 0 1.61007367E-8 2.993555E-20 1.1228197E-8 2.09149613E-20
34.1500015 5.00011444E-2 1.16451201E-6 1.1377432E-6 0 0 1.57709739E-8 2.72115603E-20 1.0997943E-8 1.90113069E-20
34.25 4.99992371E-2 1.15836042E-6 1.13208125E-6 0 0 1.54825948E-8 2.45191956E-20 1.07965636E-8 1.71298507E-20
34.3499985 4.99992371E-2 1.15227806E-6 1.12646353E-6 0 0 1.52089754E-8 2.04596177E-20 1.06054889E-8 1.42933433E-20
34.4499969 5.00011444E-2 1.14624049E-6 1.12088946E-6 0 0 1.49360666E-8 1.87709075E-20 1.04149223E-8 1.31132587E-20
34.5499992 4.99992371E-2 1.14024681E-6 1.11535849E-6 0 0 1.46636259E-8 1.70953756E-20 1.02246975E-8 1.19424459E-20
34.6500015 5.00011444E-2 1.13432009E-6 1.10987048E-6 0 0 1.44053169E-8 1.54301561E-20 1.0044336E-8 1.07788952E-20
34.75 4.99992371E-2 1.12844896E-6 1.10442488E-6 0 0 1.41546925E-8 1.39186709E-20 9.86934356E-9 9.72279563E-21
34.8499985 4.99992371E-2 1.1226216E-6 1.09902089E-6 0 0 1.39054217E-8 1.2770461E-20 9.69530856E-9 8.92050798E-21
34.9499969 5.00011444E-2 1.11683607E-6 1.09365862E-6 0 0 1.36561749E-8 1.16488404E-20 9.52129842E-9 8.13683271E-21
35.0499992 4.99992371E-2 1.11109148E-6 1.08833729E-6 0 0 1.3406896E-8 1.05301829E-20 9.34727851E-9 7.35526658E-21
35.1500015 5.00011444E-2 1.10538872E-6 1.08305653E-6 0 0 1.31583642E-8 9.46818556E-21 9.17378973E-9 6.61331506E-21
35.25 4.99992371E-2 1.09972859E-6 1.07781591E-6 0 0 1.29113502E-8 8.68767683E-21 9.00137032E-9 6.06800835E-21
35.3499985 4.99992371E-2 1.09411633E-6 1.07261519E-6 0 0 1.2668969E-8 7.93777298E-21 8.8321892E-9 5.54410333E-21
35.4499969 5.00011444E-2 1.08854579E-6 1.06745358E-6 0 0 1.24280932E-8 7.1884871E-21 8.66406946E-9 5.02065593E-21
35.5499992 4.99992371E-2 1.08303652E-6 1.06233119E-6 0 0 1.22002515E-8 6.46350893E-21 8.50504378E-9 4.51420895E-21
35.6500015 5.00011444E-2 1.07756864E-6 1.05724723E-6 0 0 1.19741266E-8 5.90767506E-21 8.34722425E-9 4.12591631E-21
35.75 4.99992371E-2 1.07214453E-6 1.05220147E-6 0 0 1.17512986E-8 5.40592015E-21 8.19171309E-9 3.77540903E-21
35.8499985 4.99992371E-2 1.06675873E-6 1.04719356E-6 0 0 1.15287735E-8 4.90120588E-21 8.03642131E-9 3.42285156E-21
35.9499969 5.00011444E-2 1.06141147E-6 1.04222295E-6 0 0 1.13069136E-8 4.40407397E-21 7.88160204E-9 3.07560494E-21
36.0499992 4.99992371E-2 1.05610263E-6 1.03728939E-6 0 0 1.1085894E-8 4.00880805E-21 7.72737518E-9 2.79951039E-21
36.1500015 5.00011444E-2 1.05083348E-6 1.03239245E-6 0 0 1.08666285E-8 3.67381041E-21 7.57438112E-9 2.56551541E-21
36.25 4.99992371E-2 1.04560149E-6 1.02753177E-6 0 0 1.06479554E-8 3.33607616E-21 7.42180628E-9 2.32961909E-21
36.3499985 4.99992371E-2 1.04045648E-6 1.02270712E-6 0 0 1.04592628E-8 3.00192427E-21 7.29013605E-9 2.0962344E-21
36.4499969 5.00011444E-2 1.03535751E-6 1.01791795E-6 0 0 1.0276775E-8 2.72011276E-21 7.1627988E-9 1.89940823E-21
36.5499992 4.99992371E-2 1.03029356E-6 1.0131638E-6 0 0 1.00942916E-8 2.49659669E-21 7.03547087E-9 1.74329647E-21
36.6500015 5.00011444E-2 1.02526656E-6 1.00844477E-6 0 0 9.91291138E-9 2.27295358E-21 6.90891788E-9 1.58710221E-21
36.75 4.99992371E-2 1.02028719E-6 1.00376019E-6 0 0 9.73923875E-9 2.05195641E-21 6.78774237E-9 1.43276184E-21
36.8499985 4.99992371E-2 1.01535397E-6 9.99109602E-7 0 0 9.5727426E-9 1.8515818E-21 6.67157529E-9 1.29282726E-21
36.9499969 5.00011444E-2 1.01045453E-6 9.94492893E-7 0 0 9.40622868E-9 1.70127262E-21 6.555402E-9 1.18785458E-21
37.0499992 4.99992371E-2 1.00558907E-6 9.89909836E-7 0 0 9.23994659E-9 1.55152234E-21 6.43939524E-9 1.08327621E-21
37.1500015 5.00011444E-2 1.00075681E-6 9.85359748E-7 0 0 9.0736787E-9 1.4023572E-21 6.32340447E-9 9.79110629E-22
37.25 4.99992371E-2 9.95958089E-7 9.80842515E-7 0 0 8.90780072E-9 1.26161957E-21 6.20769081E-9 8.80832949E-22
37.3499985 4.99992371E-2 9.91192564E-7 9.76357796E-7 0 0 8.74242101E-9 1.15909562E-21 6.09233064E-9 8.09238508E-22
37.4499969 5.00011444E-2 9.86465807E-7 9.71905479E-7 0 0 8.58078764E-9 1.05877967E-21 5.97958483E-9 7.39188164E-22
37.5499992 4.99992371E-2 9.81776452E-7 9.67484766E-7 0 0 8.42246983E-9 9.58453631E-22 5.86915583E-9 6.6913358E-22
37.6500015 5.00011444E-2 9.77119498E-7 9.63095886E-7 0 0 8.26458102E-9 8.61923208E-22 5.75903014E-9 6.01731285E-22
37.75 4.99992371E-2 9.72497332E-7 9.58737814E-7 0 0 8.10898548E-9 7.89551013E-22 5.65050851E-9 5.5119688E-22
37.8499985 4.99992371E-2 9.67918368E-7 9.54411234E-7 0 0 7.96032484E-9 7.22351878E-22 5.54682211E-9 5.04275434E-22
37.9499969 5.00011444E-2 9.63372145E-7 9.50115066E-7 0 0 7.81298226E-9 6.55148906E-22 5.44405987E-9 4.57353078E-22
38.0499992 4.99992371E-2 9.58856617E-7 9.45849308E-7 0 0 7.66588482E-9 5.9003721E-22 5.3414726E-9 4.11892299E-22
38.1500015 5.00011444E-2 9.54372013E-7 9.41613507E-7 0 0 7.51927587E-9 5.37821384E-22 5.23923038E-9 3.75435288E-22
38.25 4.99992371E-2 9.4991799E-7 9.37407663E-7 0 0 7.37305017E-9 4.92798404E-22 5.13725951E-9 3.44000557E-22
38.3499985 4.99992371E-2 9.45493355E-7 9.33231206E-7 0 0 7.22683868E-9 4.47772798E-22 5.03530284E-9 3.12565093E-22
38.4499969 5.00011444E-2 9.41117719E-7 9.29084081E-7 0 0 7.09219661E-9 4.0370054E-22 4.94141084E-9 2.81796161E-22
38.5499992 4.99992371E-2 9.36794038E-7 9.24965832E-7 0 0 6.9712156E-9 3.66194634E-22 4.85704099E-9 2.55611734E-22
38.6500015 5.00011444E-2 9.32499404E-7 9.20876289E-7 0 0 6.85037627E-9 3.36038893E-22 4.77277329E-9 2.34558639E-22
38.75 4.99992371E-2 9.28233192E-7 9.16815168E-7 0 0 6.72954714E-9 3.05882798E-22 4.6885158E-9 2.13506024E-22
38.8499985 4.99992371E-2 9.2399597E-7 9.12782184E-7 0 0 6.60918031E-9 2.76206355E-22 4.60458427E-9 1.92788909E-22
38.9499969 5.00011444E-2 9.19802119E-7 9.0877694E-7 0 0 6.49806209E-9 2.49370014E-22 4.5270987E-9 1.74054762E-22
39.0499992 4.99992371E-2 9.15636349E-7 9.04799435E-7 0 0 6.38717657E-9 2.29166365E-22 4.44977966E-9 1.59950649E-22
39.1500015 5.00011444E-2 9.11498148E-7 9.00849216E-7 0 0 6.27637364E-9 2.08961946E-22 4.37251968E-9 1.45846409E-22
39.25 4.99992371E-2 9.07389506E-7 8.9692611E-7 0 0 6.1670673E-9 1.88923339E-22 4.29630598E-9 1.31858365E-22
39.3499985 4.99992371E-2 9.03308944E-7 8.93029949E-7 0 0 6.05843331E-9 1.70013813E-22 4.2205639E-9 1.18658779E-22
39.4499969 5.00011444E-2 8.99254815E-7 8.89160219E-7 0 0 5.94979044E-9 1.56255536E-22 4.14481827E-9 1.09054795E-22
39.5499992 4.99992371E-2 8.95227345E-7 8.85316922E-7 0 0 5.84124171E-9 1.42716777E-22 4.06914014E-9 9.96042979E-23
39.6500015 5.00011444E-2 8.91228808E-7 8.81499716E-7 0 0 5.73440628E-9 1.29074355E-22 3.99465927E-9 9.00817496E-23
39.75 4.99992371E-2 8.87259489E-7 8.7770843E-7 0 0 5.6295284E-9 1.16163971E-22 3.92154442E-9 8.10703706E-23
39.8499985 4.99992371E-2 8.83316659E-7 8.73942781E-7 0 0 5.5251177E-9 1.0642814E-22 3.84875776E-9 7.42747252E-23
39.9499969 5.00011444E-2 8.79399295E-7 8.70202427E-7 0 0 5.4208189E-9 9.71372585E-23 3.77605147E-9 6.77898089E-23
40.0499992 4.99992371E-2 8.75509102E-7 8.66487255E-7 0 0 5.31770228E-9 8.80964834E-23 3.70417164E-9 6.14796222E-23
40.1500015 5.00011444E-2 8.71651821E-7 8.62796981E-7 0 0 5.21929788E-9 7.936982E-23 3.63557606E-9 5.53888145E-23
40.25 4.99992371E-2 8.67819779E-7 8.59131376E-7 0 0 5.12117371E-9 7.23693548E-23 3.56717833E-9 5.0502812E-23
40.3499985 4.99992371E-2 8.64012748E-7 8.55490441E-7 0 0 5.02333197E-9 6.63128594E-23 3.49897933E-9 4.6275682E-23
40.4499969 5.00011444E-2 8.60231239E-7 8.51873608E-7 0 0 4.92628871E-9 6.02561621E-23 3.43133921E-9 4.20485266E-23
40.5499992 4.99992371E-2 8.56473889E-7 8.4828082E-7 0 0 4.82934093E-9 5.4364526E-23 3.36376771E-9 3.79366743E-23
40.6500015 5.00011444E-2 8.52763435E-7 8.44711849E-7 0 0 4.74593298E-9 4.93184447E-23 3.30562888E-9 3.44149721E-23
40.75 4.99992371E-2 8.49081175E-7 8.41166525E-7 0 0 4.66525307E-9 4.51453358E-23 3.24939209E-9 3.15025229E-23
40.8499985 4.99992371E-2 8.45422676E-7 8.37644677E-7 0 0 4.58472105E-9 4.09824915E-23 3.1932601E-9 2.85973154E-23
40.9499969 5.00011444E-2 8.41787369E-7 8.34145851E-7 0 0 4.50428406E-9 3.7022293E-23 3.13719672E-9 2.58335933E-23
41.0499992 4.99992371E-2 8.38179915E-7 8.3066999E-7 0 0 4.42674652E-9 3.34263905E-23 3.08315395E-9 2.33241352E-23
41.1500015 5.00011444E-2 8.34603554E-7 8.27216979E-7 0 0 4.35409575E-9 3.07193102E-23 3.03251646E-9 2.14349364E-23
41.25 4.99992371E-2 8.31049874E-7 8.23786479E-7 0 0 4.28146896E-9 2.80154453E-23 2.98189762E-9 1.95480285E-23
41.3499985 4.99992371E-2 8.27518591E-7 8.20378489E-7 0 0 4.2088506E-9 2.53401355E-23 2.93128566E-9 1.76810945E-23
41.4499969 5.00011444E-2 8.24009589E-7 8.16992554E-7 0 0 4.13633261E-9 2.28090595E-23 2.88074542E-9 1.59148428E-23
41.5499992 4.99992371E-2 8.20523439E-7 8.1362856E-7 0 0 4.06430756E-9 2.09576093E-23 2.83055024E-9 1.46228353E-23
41.6500015 5.00011444E-2 8.17059231E-7 8.10286394E-7 0 0 3.99239175E-9 1.91460533E-23 2.78043255E-9 1.33586936E-23
41.75 4.99992371E-2 8.13616566E-7 8.06965772E-7 0 0 3.92048038E-9 1.73392132E-23 2.7303193E-9 1.20978746E-23
41.8499985 4.99992371E-2 8.10196411E-7 8.03666637E-7 0 0 3.84914323E-9 1.56165287E-23 2.68060729E-9 1.08958013E-23
41.9499969 5.00011444E-2 8.06799676E-7 8.00388648E-7 0 0 3.77915077E-9 1.4185169E-23 2.63183364E-9 9.897015E-24
42.0499992 4.99992371E-2 8.03424371E-7 7.9713169E-7 0 0 3.70941877E-9 1.28570562E-23 2.58324229E-9 8.97028724E-24
42.1500015 5.00011444E-2 8.00070154E-7 7.93895595E-7 0 0 3.63981489E-9 1.15527891E-23 2.53474175E-9 8.06021864E-24
42.25 4.99992371E-2 7.96736686E-7 7.90680133E-7 0 0 3.57025542E-9 1.03030527E-23 2.48627363E-9 7.18821574E-24
42.3499985 4.99992371E-2 7.93424363E-7 7.87485249E-7 0 0 3.50107721E-9 9.38950607E-24 2.43807197E-9 6.55078182E-24
42.4499969 5.00011444E-2 7.9013887E-7 7.843106E-7 0 0 3.43571926E-9 8.60470622E-24 2.39253195E-9 6.00318416E-24
42.5499992 4.99992371E-2 7.86873841E-7 7.81156018E-7 0 0 3.37063422E-9 7.81984799E-24 2.34718334E-9 5.45555928E-24
42.6500015 5.00011444E-2 7.83629559E-7 7.78021501E-7 0 0 3.30594596E-9 6.94588556E-24 2.30211206E-9 4.84578243E-24
42.75 4.99992371E-2 7.8040523E-7 7.74906709E-7 0 0 3.24138338E-9 6.29719025E-24 2.25713004E-9 4.39317545E-24
42.8499985 4.99992371E-2 7.77218929E-7 7.71811585E-7 0 0 3.18764348E-9 5.78063585E-24 2.2196851E-9 4.03276384E-24
42.9499969 5.00011444E-2 7.74053092E-7 7.68735788E-7 0 0 3.13458393E-9 5.26406488E-24 2.1827149E-9 3.67234828E-24
43.0499992 4.99992371E-2 7.70907093E-7 7.65679374E-7 0 0 3.08178971E-9 4.75816719E-24 2.14593032E-9 3.31938667E-24
43.1500015 5.00011444E-2 7.67780193E-7 7.62642003E-7 0 0 3.02900061E-9 4.29610415E-24 2.10915041E-9 2.99701235E-24
43.25 4.99992371E-2 7.64674496E-7 7.5962356E-7 0 0 2.97760416E-9 3.94645417E-24 2.0733415E-9 2.753065E-24
43.3499985 4.99992371E-2 7.61593299E-7 7.56624104E-7 0 0 2.92943914E-9 3.60037222E-24 2.03978301E-9 2.51161124E-24
43.4499969 5.00011444E-2 7.58530689E-7 7.53643121E-7 0 0 2.88131896E-9 3.25834264E-24 2.00625672E-9 2.27298969E-24
43.5499992 4.99992371E-2 7.55486553E-7 7.50680613E-7 0 0 2.83322921E-9 2.9348223E-24 1.97275263E-9 2.04728495E-24
43.6500015 5.00011444E-2 7.52460892E-7 7.47736465E-7 0 0 2.78514367E-9 2.69360323E-24 1.93925209E-9 1.87899588E-24
43.75 4.99992371E-2 7.4945325E-7 7.44810393E-7 0 0 2.73706968E-9 2.46174103E-24 1.90576066E-9 1.71723778E-24
43.8499985 4.99992371E-2 7.46463911E-7 7.41902568E-7 0 0 2.68905431E-9 2.23049415E-24 1.87231075E-9 1.55591178E-24
43.9499969 5.00011444E-2 7.43492365E-7 7.39012421E-7 0 0 2.64106359E-9 2.01210827E-24 1.8388786E-9 1.40356035E-24
44.0499992 4.99992371E-2 7.40538553E-7 7.36140009E-7 0 0 2.59307598E-9 1.84161195E-24 1.80544979E-9 1.28461758E-24
44.1500015 5.00011444E-2 7.37604012E-7 7.33285162E-7 0 0 2.54612798E-9 1.68282333E-24 1.77274528E-9 1.17384357E-24
44.25 4.99992371E-2 7.34687774E-7 7.30447766E-7 0 0 2.49964471E-9 1.52403628E-24 1.7403653E-9 1.0630727E-24
44.3499985 4.99992371E-2 7.31789214E-7 7.27627651E-7 0 0 2.45340437E-9 1.03535272E-24 1.70815506E-9 7.22190917E-25
44.4499969 5.00011444E-2 7.28907821E-7 7.24824645E-7 0 0 2.40720999E-9 9.4479435E-25 1.67597747E-9 6.59017654E-25
44.5499992 4.99992371E-2 7.26043538E-7 7.22038635E-7 0 0 2.36106557E-9 8.64730392E-25 1.64383562E-9 6.03165661E-25
44.6500015 5.00011444E-2 7.23196479E-7 7.19269508E-7 0 0 2.31514274E-9 7.85032267E-25 1.61184854E-9 5.47569851E-25
44.75 4.99992371E-2 7.20369428E-7 7.16517036E-7 0 0 2.27119523E-9 4.78560644E-25 1.5812377E-9 3.33799146E-25
44.8499985 4.99992371E-2 7.17561193E-7 7.13781219E-7 0 0 2.22849872E-9 3.1588796E-25 1.55149804E-9 2.20331957E-25
44.9499969 5.00011444E-2 7.14769669E-7 7.11061773E-7 0 0 2.18601026E-9 2.872955E-25 1.52190416E-9 2.00386965E-25
45.0499992 4.99992371E-2 7.12004919E-7 7.08358641E-7 0 0 2.14968887E-9 1.51882841E-25 1.49660417E-9 1.05936501E-25
45.1500015 5.00011444E-2 7.09258131E-7 7.0567171E-7 0 0 2.11439954E-9 1.37918598E-25 1.47202339E-9 9.61957819E-26
45.25 4.99992371E-2 7.06527544E-7 7.03000751E-7 0 0 2.07923279E-9 1.24055847E-25 1.44752843E-9 8.65260297E-26
45.3499985 4.99992371E-2 7.03813214E-7 7.00345822E-7 0 0 2.04424144E-9 0 1.42315626E-9 0
45.4499969 5.00011444E-2 7.01115141E-7 6.97706582E-7 0 0 2.00958361E-9 0 1.39901657E-9 0
45.5499992 4.99992371E-2 6.98437191E-7 6.95083031E-7 0 0 1.97747285E-9 0 1.37665057E-9 0
45.6500015 5.00011444E-2 6.95774645E-7 6.92474941E-7 0 0 1.9453672E-9 0 1.35428879E-9 0
45.75 4.99992371E-2 6.93127504E-7 6.89882313E-7 0 0 1.91326643E-9 0 1.33193079E-9 0
45.8499985 4.99992371E-2 6.9049571E-7 6.87304976E-7 0 0 1.88116678E-9 0 1.30957412E-9 0
45.9499969 5.00011444E-2 6.87879208E-7 6.84742929E-7 0 0 1.84907267E-9 0 1.28722133E-9 0
46.0499992 4.99992371E-2 6.85277541E-7 6.82195662E-7 0 0 1.81699167E-9 0 1.26487842E-9 0
46.1500015 5.00011444E-2 6.82690995E-7 6.79663458E-7 0 0 1.78498294E-9 0 1.24258626E-9 0
46.25 4.99992371E-2 6.80119456E-7 6.7714592E-7 0 0 1.7531151E-9 0 1.22039268E-9 0
46.3499985 4.99992371E-2 6.77562866E-7 6.74643218E-7 0 0 1.7213494E-9 0 1.19827048E-9 0
46.4499969 5.00011444E-2 6.75022079E-7 6.72155011E-7 0 0 1.69036873E-9 0 1.17669519E-9 0
46.5499992 4.99992371E-2 6.72496526E-7 6.69681242E-7 0 0 1.65983616E-9 0 1.15543231E-9 0
46.6500015 5.00011444E-2 6.69985411E-7 6.67221798E-7 0 0 1.62939251E-9 0 1.1342316E-9 0
46.75 4.99992371E-2 6.67488735E-7 6.64776678E-7 0 0 1.59899216E-9 0 1.11306131E-9 0
46.8499985 4.99992371E-2 6.65006155E-7 6.62345599E-7 0 0 1.56861757E-9 0 1.09190956E-9 0
46.9499969 5.00011444E-2 6.62537445E-7 6.59928389E-7 0 0 1.53827151E-9 0 1.07077802E-9 0
47.0499992 4.99992371E-2 6.60083288E-7 6.5752522E-7 0 0 1.50819035E-9 0 1.04983122E-9 0
47.1500015 5.00011444E-2 6.57645671E-7 6.5513575E-7 0 0 1.47982104E-9 0 1.03007636E-9 0
47.25 4.99992371E-2 6.55226529E-7 6.52760036E-7 0 0 1.45423007E-9 0 1.01225583E-9 0
47.3499985 4.99992371E-2 6.52824554E-7 6.50397908E-7 0 0 1.43075796E-9 0 9.95910354E-10 0
47.4499969 5.00011444E-2 6.50435993E-7 6.48049138E-7 0 0 1.40728651E-9 0 9.79565762E-10 0
47.5499992 4.99992371E-2 6.48060734E-7 6.45713726E-7 0 0 1.38381639E-9 0 9.63222391E-10 0
47.6500015 5.00011444E-2 6.45698947E-7 6.43391559E-7 0 0 1.36045952E-9 0 9.46958068E-10 0
47.75 4.99992371E-2 6.43352621E-7 6.41082579E-7 0 0 1.33842037E-9 0 9.31611233E-10 0
47.8499985 4.99992371E-2 6.41020392E-7 6.3878673E-7 0 0 1.3169883E-9 0 9.16687115E-10 0
47.9499969 5.00011444E-2 6.38701067E-7 6.36503728E-7 0 0 1.29556177E-9 0 9.01767105E-10 0
48.0499992 4.99992371E-2 6.36394532E-7 6.34233572E-7 0 0 1.27413446E-9 0 8.86846985E-10 0
48.1500015 5.00011444E-2 6.34100957E-7 6.3197615E-7 0 0 1.25279886E-9 0 8.71990924E-10 0
48.25 4.99992371E-2 6.31820058E-7 6.2973146E-7 0 0 1.23147947E-9 0 8.57146243E-10 0
48.3499985 4.99992371E-2 6.29551948E-7 6.27499332E-7 0 0 1.21026655E-9 0 8.42376002E-10 0
48.4499969 5.00011444E-2 6.27296629E-7 6.25279597E-7 0 0 1.18925636E-9 0 8.27747038E-10 0
48.5499992 4.99992371E-2 6.25053588E-7 6.23072197E-7 0 0 1.16826793E-9 0 8.13133449E-10 0
48.6500015 5.00011444E-2 6.22823165E-7 6.20877131E-7 0 0 1.14741583E-9 0 7.98615063E-10 0
48.75 4.99992371E-2 6.20605533E-7 6.1869423E-7 0 0 1.1269583E-9 0 7.84371512E-10 0
48.8499985 4.99992371E-2 6.18400293E-7 6.16523437E-7 0 0 1.10662501E-9 0 7.7021467E-10 0
48.9499969 5.00011444E-2 6.16207103E-7 6.14364637E-7 0 0 1.08634202E-9 0 7.56092855E-10 0
49.0499992 4.99992371E-2 6.14025794E-7 6.12217775E-7 0 0 1.06607867E-9 0 7.41985084E-10 0
49.1500015 5.00011444E-2 6.11856365E-7 6.10082623E-7 0 0 1.04583842E-9 0 7.27893579E-10 0
49.25 4.99992371E-2 6.09698702E-7 6.07959294E-7 0 0 1.02560904E-9 0 7.13809789E-10 0
49.3499985 4.99992371E-2 6.07552806E-7 6.05847617E-7 0 0 1.00543374E-9 0 6.99763969E-10 0
49.4499969 5.00011444E-2 6.05419075E-7 6.03747367E-7 0 0 9.8569497E-10 0 6.86022128E-10 0
49.5499992 4.99992371E-2 6.03303022E-7 6.01658712E-7 0 0 9.69556102E-10 0 6.74785783E-10 0
49.6500015 5.00011444E-2 6.01198337E-7 5.99581369E-7 0 0 9.53424895E-10 0 6.63555044E-10 0
49.75 4.99992371E-2 5.99105022E-7 5.97515395E-7 0 0 9.37295797E-10 0 6.52325916E-10 0
49.8499985 4.99992371E-2 5.97022847E-7 5.95460563E-7 0 0 9.21172527E-10 0 6.41101006E-10 0
49.9499969 5.00011444E-2 5.94952496E-7 5.93416871E-7 0 0 9.05447606E-10 0 6.30153485E-10 0
50.0499992 4.99992371E-2 5.91384264E-7 5.91384264E-7 0 0 0 0 0 0
50.1500015 5.00011444E-2 5.89362571E-7 5.89362571E-7 0 0 0 0 0 0
50.25 4.99992371E-2 5.87351792E-7 5.87351792E-7 0 0 0 0 0 0
50.3499985 4.99992371E-2 5.8535187E-7 5.8535187E-7 0 0 0 0 0 0
50.4499969 5.00011444E-2 5.83362578E-7 5.83362578E-7 0 0 0 0 0 0
50.5499992 4.99992371E-2 5.81384029E-7 5.81384029E-7 0 0 0 0 0 0
50.6500015 5.00011444E-2 5.79415939E-7 5.79415939E-7 0 0 0 0 0 0
50.75 4.99992371E-2 5.77458536E-7 5.77458536E-7 0 0 0 0 0 0
50.8499985 4.99992371E-2 5.75511422E-7 5.75511422E-7 0 0 0 0 0 0
50.9499969 5.00011444E-2 5.73574596E-7 5.73574596E-7 0 0 0 0 0 0
51.0499992 4.99992371E-2 5.71648172E-7 5.71648172E-7 0 0 0 0 0 0
51.1500015 5.00011444E-2 5.69731867E-7 5.69731867E-7 0 0 0 0 0 0
51.25 4.99992371E-2 5.6782568E-7 5.6782568E-7 0 0 0 0 0 0
51.3499985 4.99992371E-2 5.65929554E-7 5.65929554E-7 0 0 0 0 0 0
51.4499969 5.00011444E-2 5.64043319E-7 5.64043319E-7 0 0 0 0 0 0
51.5499992 4.99992371E-2 5.62167145E-7 5.62167145E-7 0 0 0 0 0 0
51.6500015 5.00011444E-2 5.60300748E-7 5.60300748E-7 0 0 0 0 0 0
51.75 4.99992371E-2 5.58444071E-7 5.58444071E-7 0 0 0 0 0 0
51.8499985 4.99992371E-2 5.56597115E-7 5.56597115E-7 0 0 0 0 0 0
51.9499969 5.00011444E-2 5.54759822E-7 5.54759822E-7 0 0 0 0 0 0
52.0499992 4.99992371E-2 5.52931965E-7 5.52931965E-7 0 0 0 0 0 0
52.1500015 5.00011444E-2 5.51113772E-7 5.51113772E-7 0 0 0 0 0 0
52.25 4.99992371E-2 5.493049E-7 5.493049E-7 0 0 0 0 0 0
52.3499985 4.99992371E-2 5.47505408E-7 5.47505408E-7 0 0 0 0 0 0
52.4499969 5.00011444E-2 5.45715181E-7 5.45715181E-7 0 0 0 0 0 0
52.5499992 4.99992371E-2 5.43934107E-7 5.43934107E-7 0 0 0 0 0 0
52.6500015 5.00011444E-2 5.42162354E-7 5.42162354E-7 0 0 0 0 0 0
52.75 4.99992371E-2 5.40399583E-7 5.40399583E-7 0 0 0 0 0 0
52.8499985 4.99992371E-2 5.3864585E-7 5.3864585E-7 0 0 0 0 0 0
52.9499969 5.00011444E-2 5.36901211E-7 5.36901211E-7 0 0 0 0 0 0
53.0499992 4.99992371E-2 5.35165327E-7 5.35165327E-7 0 0 0 0 0 0
53.1500015 5.00011444E-2 5.33438367E-7 5.33438367E-7 0 0 0 0 0 0
53.25 4.99992371E-2 5.31720161E-7 5.31720161E-7 0 0 0 0 0 0
53.3499985 4.99992371E-2 5.30010652E-7 5.30010652E-7 0 0 0 0 0 0
53.4499969 5.00011444E-2 5.2830984E-7 5.2830984E-7 0 0 0 0 0 0
53.5499992 4.99992371E-2 5.26617669E-7 5.26617669E-7 0 0 0 0 0 0
53.6500015 5.00011444E-2 5.2493391E-7 5.2493391E-7 0 0 0 0 0 0
53.75 4.99992371E-2 5.23258791E-7 5.23258791E-7 0 0 0 0 0 0
53.8499985 4.99992371E-2 5.21592028E-7 5.21592028E-7 0 0 0 0 0 0
53.9499969 5.00011444E-2 5.19933565E-7 5.19933565E-7 0 0 0 0 0 0
54.0499992 4.99992371E-2 5.18283571E-7 5.18283571E-7 0 0 0 0 0 0
54.1500015 5.00011444E-2 5.16641705E-7 5.16641705E-7 0 0 0 0 0 0
54.25 4.99992371E-2 5.15008026E-7 5.15008026E-7 0 0 0 0 0 0
54.3499985 4.99992371E-2 5.13382474E-7 5.13382474E-7 0 0 0 0 0 0
54.4499969 5.00011444E-2 5.11765109E-7 5.11765109E-7 0 0 0 0 0 0
54.5499992 4.99992371E-2 5.10155758E-7 5.10155758E-7 0 0 0 0 0 0
54.6500015 5.00011444E-2 5.08554365E-7 5.08554365E-7 0 0 0 0 0 0
54.75 4.99992371E-2 5.06960873E-7 5.06960873E-7 0 0 0 0 0 0
54.8499985 4.99992371E-2 5.05375283E-7 5.05375283E-7 0 0 0 0 0 0
54.9499969 5.00011444E-2 5.0379748E-7 5.0379748E-7 0 0 0 0 0 0
55.0499992 4.99992371E-2 5.02227465E-7 5.02227465E-7 0 0 0 0 0 0
55.1500015 5.00011444E-2 5.0066518E-7 5.0066518E-7 0 0 0 0 0 0
55.25 4.99992371E-2 4.99110513E-7 4.99110513E-7 0 0 0 0 0 0
55.3499985 4.99992371E-2 4.97563462E-7 4.97563462E-7 0 0 0 0 0 0
55.4499969 5.00011444E-2 4.96024029E-7 4.96024029E-7 0 0 0 0 0 0
55.5499992 4.99992371E-2 4.94491985E-7 4.94491985E-7 0 0 0 0 0 0
55.6500015 5.00011444E-2 4.92967501E-7 4.92967501E-7 0 0 0 0 0 0
55.75 4.99992371E-2 4.91450351E-7 4.91450351E-7 0 0 0 0 0 0
55.8499985 4.99992371E-2 4.89940646E-7 4.89940646E-7 0 0 0 0 0 0
55.9499969 5.00011444E-2 4.88438218E-7 4.88438218E-7 0 0 0 0 0 0
56.0499992 4.99992371E-2 4.86943065E-7 4.86943065E-7 0 0 0 0 0 0
56.1500015 5.00011444E-2 4.85455075E-7 4.85455075E-7 0 0 0 0 0 0
56.25 4.99992371E-2 4.83974304E-7 4.83974304E-7 0 0 0 0 0 0
56.3499985 4.99992371E-2 4.82500639E-7 4.82500639E-7 0 0 0 0 0 0
56.4499969 5.00011444E-2 4.81034078E-7 4.81034078E-7 0 0 0 0 0 0
56.5499992 4.99992371E-2 4.79574453E-7 4.79574453E-7 0 0 0 0 0 0
56.6500015 5.00011444E-2 4.78121876E-7 4.78121876E-7 0 0 0 0 0 0
56.75 4.99992371E-2 4.76676234E-7 4.76676234E-7 0 0 0 0 0 0
56.8499985 4.99992371E-2 4.75237499E-7 4.75237499E-7 0 0 0 0 0 0
56.9499969 5.00011444E-2 4.73805585E-7 4.73805585E-7 0 0 0 0 0 0
57.0499992 4.99992371E-2 4.72380492E-7 4.72380492E-7 0 0 0 0 0 0
57.1500015 5.00011444E-2 4.70962163E-7 4.70962163E-7 0 0 0 0 0 0
57.25 4.99992371E-2 4.69550514E-7 4.69550514E-7 0 0 0 0 0 0
57.3499985 4.99992371E-2 4.68145544E-7 4.68145544E-7 0 0 0 0 0 0
57.4499969 5.00011444E-2 4.66747224E-7 4.66747224E-7 0 0 0 0 0 0
57.5499992 4.99992371E-2 4.65355441E-7 4.65355441E-7 0 0 0 0 0 0
57.6500015 5.00011444E-2 4.63970196E-7 4.63970196E-7 0 0 0 0 0 0
57.75 4.99992371E-2 4.62591544E-7 4.62591544E-7 0 0 0 0 0 0
57.8499985 4.99992371E-2 4.61219344E-7 4.61219344E-7 0 0 0 0 0 0
57.9499969 5.00011444E-2 4.5985351E-7 4.5985351E-7 0 0 0 0 0 0
58.0499992 4.99992371E-2 4.58494014E-7 4.58494014E-7 0 0 0 0 0 0
58.1500015 5.00011444E-2 4.57140914E-7 4.57140914E-7 0 0 0 0 0 0
58.25 4.99992371E-2 4.55794066E-7 4.55794066E-7 0 0 0 0 0 0
58.3499985 4.99992371E-2 4.54453556E-7 4.54453556E-7 0 0 0 0 0 0
58.4499969 5.00011444E-2 4.53119156E-7 4.53119156E-7 0 0 0 0 0 0
58.5499992 4.99992371E-2 4.51791067E-7 4.51791067E-7 0 0 0 0 0 0
58.6500015 5.00011444E-2 4.50468974E-7 4.50468974E-7 0 0 0 0 0 0
58.75 4.99992371E-2 4.49153049E-7 4.49153049E-7 0 0 0 0 0 0
58.8499985 4.99992371E-2 4.47843206E-7 4.47843206E-7 0 0 0 0 0 0
58.9499969 5.00011444E-2 4.4653936E-7 4.4653936E-7 0 0 0 0 0 0
59.0499992 4.99992371E-2 4.4524154E-7 4.4524154E-7 0 0 0 0 0 0
59.1500015 5.00011444E-2 4.43949659E-7 4.43949659E-7 0 0 0 0 0 0
59.25 4.99992371E-2 4.42663634E-7 4.42663634E-7 0 0 0 0 0 0
59.3499985 4.99992371E-2 4.4138352E-7 4.4138352E-7 0 0 0 0 0 0
59.4499969 5.00011444E-2 4.40109233E-7 4.40109233E-7 0 0 0 0 0 0
59.5499992 4.99992371E-2 4.38840772E-7 4.38840772E-7 0 0 0 0 0 0
59.6500015 5.00011444E-2 4.37577995E-7 4.37577995E-7 0 0 0 0 0 0
59.75 4.99992371E-2 4.36321017E-7 4.36321017E-7 0 0 0 0 0 0
59.8499985 4.99992371E-2 4.35069751E-7 4.35069751E-7 0 0 0 0 0 0
59.9499969 5.00011444E-2 4.33824113E-7 4.33824113E-7 0 0 0 0 0 0
60.0499992 4.99992371E-2 4.3258413E-7 4.3258413E-7 0 0 0 0 0 0
60.1500015 5.00011444E-2 4.31349747E-7 4.31349747E-7 0 0 0 0 0 0
60.25 4.99992371E-2 4.30120821E-7 4.30120821E-7 0 0 0 0 0 0
60.3499985 4.99992371E-2 4.28897494E-7 4.28897494E-7 0 0 0 0 0 0
60.4499969 5.00011444E-2 4.27679652E-7 4.27679652E-7 0 0 0 0 0 0
60.5499992 4.99992371E-2 4.26467238E-7 4.26467238E-7 0 0 0 0 0 0
60.6500015 5.00011444E-2 4.25260282E-7 4.25260282E-7 0 0 0 0 0 0
60.75 4.99992371E-2 4.24058641E-7 4.24058641E-7 0 0 0 0 0 0
60.8499985 4.99992371E-2 4.22862428E-7 4.22862428E-7 0 0 0 0 0 0
60.9499969 5.00011444E-2 4.2167153E-7 4.2167153E-7 0 0 0 0 0 0
61.0499992 4.99992371E-2 4.20485947E-7 4.20485947E-7 0 0 0 0 0 0
61.1500015 5.00011444E-2 4.19305536E-7 4.19305536E-7 0 0 0 0 0 0
61.25 4.99992371E-2 4.18130384E-7 4.18130384E-7 0 0 0 0 0 0
61.3499985 4.99992371E-2 4.16960432E-7 4.16960432E-7 0 0 0 0 0 0
61.4499969 5.00011444E-2 4.15795654E-7 4.15795654E-7 0 0 0 0 0 0
61.5499992 4.99992371E-2 4.14635991E-7 4.14635991E-7 0 0 0 0 0 0
61.6500015 5.00011444E-2 4.13481473E-7 4.13481473E-7 0 0 0 0 0 0
61.75 4.99992371E-2 4.12331985E-7 4.12331985E-7 0 0 0 0 0 0
61.8499985 4.99992371E-2 4.11187557E-7 4.11187557E-7 0 0 0 0 0 0
61.9499969 5.00011444E-2 4.10048131E-7 4.10048131E-7 0 0 0 0 0 0
62.0499992 4.99992371E-2 4.0891365E-7 4.0891365E-7 0 0 0 0 0 0
62.1500015 5.00011444E-2 4.07784142E-7 4.07784142E-7 0 0 0 0 0 0
62.25 4.99992371E-2 4.06659552E-7 4.06659552E-7 0 0 0 0 0 0
62.3499985 4.99992371E-2 4.05539879E-7 4.05539879E-7 0 0 0 0 0 0
62.4499969 5.00011444E-2 4.04425066E-7 4.04425066E-7 0 0 0 0 0 0
62.5499992 4.99992371E-2 4.03315056E-7 4.03315056E-7 0 0 0 0 0 0
62.6500015 5.00011444E-2 4.02209878E-7 4.02209878E-7 0 0 0 0 0 0
62.75 4.99992371E-2 4.01109475E-7 4.01109475E-7 0 0 0 0 0 0
62.8499985 4.99992371E-2 4.00013846E-7 4.00013846E-7 0 0 0 0 0 0
62.9499969 5.00011444E-2 3.98922879E-7 3.98922879E-7 0 0 0 0 0 0
63.0499992 4.99992371E-2 3.97836629E-7 3.97836629E-7 0 0 0 0 0 0
63.1500015 5.00011444E-2 3.9675507E-7 3.9675507E-7 0 0 0 0 0 0
63.25 4.99992371E-2 3.95678086E-7 3.95678086E-7 0 0 0 0 0 0
63.3499985 4.99992371E-2 3.94605792E-7 3.94605792E-7 0 0 0 0 0 0
63.4499969 5.00011444E-2 3.93538045E-7 3.93538045E-7 0 0 0 0 0 0
63.5499992 4.99992371E-2 3.92474846E-7 3.92474846E-7 0 0 0 0 0 0
63.6500015 5.00011444E-2 3.91416222E-7 3.91416222E-7 0 0 0 0 0 0
63.75 4.99992371E-2 3.90362061E-7 3.90362061E-7 0 0 0 0 0 0
63.8499985 4.99992371E-2 3.8931239E-7 3.8931239E-7 0 0 0 0 0 0
63.9499969 5.00011444E-2 3.88267154E-7 3.88267154E-7 0 0 0 0 0 0
64.0500031 4.99992371E-2 3.87226379E-7 3.87226379E-7 0 0 0 0 0 0
64.1499939 4.99992371E-2 3.86189981E-7 3.86189981E-7 0 0 0 0 0 0
64.25 5.00030518E-2 3.85157932E-7 3.85157932E-7 0 0 0 0 0 0
64.3500061 4.99992371E-2 3.8413026E-7 3.8413026E-7 0 0 0 0 0 0
64.4499969 4.99992371E-2 3.83106936E-7 3.83106936E-7 0 0 0 0 0 0
64.5500031 4.99992371E-2 3.82087848E-7 3.82087848E-7 0 0 0 0 0 0
64.6499939 4.99992371E-2 3.81073136E-7 3.81073136E-7 0 0 0 0 0 0
64.75 5.00030518E-2 3.80062602E-7 3.80062602E-7 0 0 0 0 0 0
64.8500061 4.99992371E-2 3.79056303E-7 3.79056303E-7 0 0 0 0 0 0
64.9499969 4.99992371E-2 3.7805421E-7 3.7805421E-7 0 0 0 0 0 0
65.0500031 4.99992371E-2 3.77056381E-7 3.77056381E-7 0 0 0 0 0 0
65.1499939 4.99992371E-2 3.76062587E-7 3.76062587E-7 0 0 0 0 0 0
65.25 5.00030518E-2 3.75072972E-7 3.75072972E-7 0 0 0 0 0 0
65.3500061 4.99992371E-2 3.74087477E-7 3.74087477E-7 0 0 0 0 0 0
65.4499969 4.99992371E-2 3.73106047E-7 3.73106047E-7 0 0 0 0 0 0
65.5500031 4.99992371E-2 3.7212871E-7 3.7212871E-7 0 0 0 0 0 0
65.6499939 4.99992371E-2 3.71155409E-7 3.71155409E-7 0 0 0 0 0 0
65.75 5.00030518E-2 3.70186029E-7 3.70186029E-7 0 0 0 0 0 0
65.8500061 4.99992371E-2 3.69220743E-7 3.69220743E-7 0 0 0 0 0 0
65.9499969 4.99992371E-2 3.68259407E-7 3.68259407E-7 0 0 0 0 0 0
66.0500031 4.99992371E-2 3.6730205E-7 3.6730205E-7 0 0 0 0 0 0
66.1499939 4.99992371E-2 3.66348587E-7 3.66348587E-7 0 0 0 0 0 0
66.25 5.00030518E-2 3.65398989E-7 3.65398989E-7 0 0 0 0 0 0
66.3500061 4.99992371E-2 3.64453314E-7 3.64453314E-7 0 0 0 0 0 0
66.4499969 4.99992371E-2 3.63511532E-7 3.63511532E-7 0 0 0 0 0 0
66.5500031 4.99992371E-2 3.62573559E-7 3.62573559E-7 0 0 0 0 0 0
66.6499939 4.99992371E-2 3.61639422E-7 3.61639422E-7 0 0 0 0 0 0
66.75 5.00030518E-2 3.60709066E-7 3.60709066E-7 0 0 0 0 0 0
66.8500061 4.99992371E-2 3.59782462E-7 3.59782462E-7 0 0 0 0 0 0
66.9499969 4.99992371E-2 3.58859637E-7 3.58859637E-7 0 0 0 0 0 0
67.0500031 4.99992371E-2 3.57940564E-7 3.57940564E-7 0 0 0 0 0 0
67.1499939 4.99992371E-2 3.57025186E-7 3.57025186E-7 0 0 0 0 0 0
67.25 5.00030518E-2 3.56113503E-7 3.56113503E-7 0 0 0 0 0 0
67.3500061 4.99992371E-2 3.55205458E-7 3.55205458E-7 0 0 0 0 0 0
67.4499969 4.99992371E-2 3.54301108E-7 3.54301108E-7 0 0 0 0 0 0
67.5500031 4.99992371E-2 3.53400395E-7 3.53400395E-7 0 0 0 0 0 0
67.6499939 4.99992371E-2 3.52503321E-7 3.52503321E-7 0 0 0 0 0 0
67.75 5.00030518E-2 3.51609771E-7 3.51609771E-7 0 0 0 0 0 0
67.8500061 4.99992371E-2 3.50719802E-7 3.50719802E-7 0 0 0 0 0 0
67.9499969 4.99992371E-2 3.49833442E-7 3.49833442E-7 0 0 0 0 0 0
68.0500031 4.99992371E-2 3.48950579E-7 3.48950579E-7 0 0 0 0 0 0
68.1499939 4.99992371E-2 3.48071268E-7 3.48071268E-7 0 0 0 0 0 0
68.25 5.00030518E-2 3.47195424E-7 3.47195424E-7 0 0 0 0 0 0
68.3500061 4.99992371E-2 3.46322992E-7 3.46322992E-7 0 0 0 0 0 0
68.4499969 4.99992371E-2 3.45454112E-7 3.45454112E-7 0 0 0 0 0 0
68.5500031 4.99992371E-2 3.4458867E-7 3.4458867E-7 0 0 0 0 0 0
68.6499939 4.99992371E-2 3.43726668E-7 3.43726668E-7 0 0 0 0 0 0
68.75 5.00030518E-2 3.42867992E-7 3.42867992E-7 0 0 0 0 0 0
68.8500061 4.99992371E-2 3.42012697E-7 3.42012697E-7 0 0 0 0 0 0
68.9499969 4.99992371E-2 3.41160842E-7 3.41160842E-7 0 0 0 0 0 0
69.0500031 4.99992371E-2 3.40312283E-7 3.40312283E-7 0 0 0 0 0 0
69.1499939 4.99992371E-2 3.39467078E-7 3.39467078E-7 0 0 0 0 0 0
69.25 5.00030518E-2 3.38625199E-7 3.38625199E-7 0 0 0 0 0 0
69.3500061 4.99992371E-2 3.3778656E-7 3.3778656E-7 0 0 0 0 0 0
69.4499969 4.99992371E-2 3.36951217E-7 3.36951217E-7 0 0 0 0 0 0
69.5500031 4.99992371E-2 3.36119172E-7 3.36119172E-7 0 0 0 0 0 0
69.6499939 4.99992371E-2 3.35290395E-7 3.35290395E-7 0 0 0 0 0 0
69.75 5.00030518E-2 3.34464744E-7 3.34464744E-7 0 0 0 0 0 0
69.8500061 4.99992371E-2 3.33642362E-7 3.33642362E-7 0 0 0 0 0 0
69.9499969 4.99992371E-2 3.32823163E-7 3.32823163E-7 0 0 0 0 0 0
70.0500031 4.99992371E-2 3.32007119E-7 3.32007119E-7 0 0 0 0 0 0
70.1499939 4.99992371E-2 3.31194258E-7 3.31194258E-7 0 0 0 0 0 0
70.25 5.00030518E-2 3.30384523E-7 3.30384523E-7 0 0 0 0 0 0
70.3500061 4.99992371E-2 3.29577887E-7 3.29577887E-7 0 0 0 0 0 0
70.4499969 4.99992371E-2 3.28774433E-7 3.28774433E-7 0 0 0 0 0 0
70.5500031 4.99992371E-2 3.27974021E-7 3.27974021E-7 0 0 0 0 0 0
70.6499939 4.99992371E-2 3.27176707E-7 3.27176707E-7 0 0 0 0 0 0
70.75 5.00030518E-2 3.26382434E-7 3.26382434E-7 0 0 0 0 0 0
70.8500061 4.99992371E-2 3.25591145E-7 3.25591145E-7 0 0 0 0 0 0
70.9499969 4.99992371E-2 3.24802983E-7 3.24802983E-7 0 0 0 0 0 0
71.0500031 4.99992371E-2 3.24017805E-7 3.24017805E-7 0 0 0 0 0 0
71.1499939 4.99992371E-2 3.23235611E-7 3.23235611E-7 0 0 0 0 0 0
71.25 5.00030518E-2 3.22456373E-7 3.22456373E-7 0 0 0 0 0 0
71.3500061 4.99992371E-2 3.21680091E-7 3.21680091E-7 0 0 0 0 0 0
71.4499969 4.99992371E-2 3.20906821E-7 3.20906821E-7 0 0 0 0 0 0
71.5500031 4.99992371E-2 3.20136479E-7 3.20136479E-7 0 0 0 0 0 0
71.6499939 4.99992371E-2 3.19369008E-7 3.19369008E-7 0 0 0 0 0 0
71.75 5.00030518E-2 3.18604492E-7 3.18604492E-7 0 0 0 0 0 0
71.8500061 4.99992371E-2 3.17842762E-7 3.17842762E-7 0 0 0 0 0 0
71.9499969 4.99992371E-2 3.17084016E-7 3.17084016E-7 0 0 0 0 0 0
72.0500031 4.99992371E-2 3.16328112E-7 3.16328112E-7 0 0 0 0 0 0
72.1499939 4.99992371E-2 3.15575051E-7 3.15575051E-7 0 0 0 0 0 0
72.25 5.00030518E-2 3.14824746E-7 3.14824746E-7 0 0 0 0 0 0
72.3500061 4.99992371E-2 3.14077312E-7 3.14077312E-7 0 0 0 0 0 0
72.4499969 4.99992371E-2 3.13332663E-7 3.13332663E-7 0 0 0 0 0 0
72.5500031 4.99992371E-2 3.12590856E-7 3.12590856E-7 0 0 0 0 0 0
72.6499939 4.99992371E-2 3.11851778E-7 3.11851778E-7 0 0 0 0 0 0
72.75 5.00030518E-2 3.11115457E-7 3.11115457E-7 0 0 0 0 0 0
72.8500061 4.99992371E-2 3.10381864E-7 3.10381864E-7 0 0 0 0 0 0
72.9499969 4.99992371E-2 3.09651028E-7 3.09651028E-7 0 0 0 0 0 0
73.0500031 4.99992371E-2 3.08922864E-7 3.08922864E-7 0 0 0 0 0 0
73.1499939 4.99992371E-2 3.08197485E-7 3.08197485E-7 0 0 0 0 0 0
73.25 5.00030518E-2 3.07474721E-7 3.07474721E-7 0 0 0 0 0 0
73.3500061 4.99992371E-2 3.06754657E-7 3.06754657E-7 0 0 0 0 0 0
73.4499969 4.99992371E-2 3.06037265E-7 3.06037265E-7 0 0 0 0 0 0
73.5500031 4.99992371E-2 3.05322516E-7 3.05322516E-7 0 0 0 0 0 0
73.6499939 4.99992371E-2 3.04610381E-7 3.04610381E-7 0 0 0 0 0 0
73.75 5.00030518E-2 3.0390089E-7 3.0390089E-7 0 0 0 0 0 0
73.8500061 4.99992371E-2 3.03193957E-7 3.03193957E-7 0 0 0 0 0 0
73.9499969 4.99992371E-2 3.02489696E-7 3.02489696E-7 0 0 0 0 0 0
74.0500031 4.99992371E-2 3.01787992E-7 3.01787992E-7 0 0 0 0 0 0
74.1499939 4.99992371E-2 3.01088846E-7 3.01088846E-7 0 0 0 0 0 0
74.25 5.00030518E-2 3.00392287E-7 3.00392287E-7 0 0 0 0 0 0
74.3500061 4.99992371E-2 2.99698172E-7 2.99698172E-7 0 0 0 0 0 0
74.4499969 4.99992371E-2 2.990067E-7 2.990067E-7 0 0 0 0 0 0
74.5500031 4.99992371E-2 2.98317701E-7 2.98317701E-7 0 0 0 0 0 0
74.6499939 4.99992371E-2 2.9763126E-7 2.9763126E-7 0 0 0 0 0 0
74.75 5.00030518E-2 2.96947235E-7 2.96947235E-7 0 0 0 0 0 0
74.8500061 4.99992371E-2 2.96265682E-7 2.96265682E-7 0 0 0 0 0 0
74.9499969 4.99992371E-2 2.95586659E-7 2.95586659E-7 0 0 0 0 0 0
75.0500031 4.99992371E-2 2.9491008E-7 2.9491008E-7 0 0 0 0 0 0
75.1499939 4.99992371E-2 2.94235946E-7 2.94235946E-7 0 0 0 0 0 0
75.25 5.00030518E-2 2.93564227E-7 2.93564227E-7 0 0 0 0 0 0
75.3500061 4.99992371E-2 2.92894924E-7 2.92894924E-7 0 0 0 0 0 0
75.4499969 4.99992371E-2 2.92228066E-7 2.92228066E-7 0 0 0 0 0 0
75.5500031 4.99992371E-2 2.91563566E-7 2.91563566E-7 0 0 0 0 0 0
75.6499939 4.99992371E-2 2.90901482E-7 2.90901482E-7 0 0 0 0 0 0
75.75 5.00030518E-2 2.90241758E-7 2.90241758E-7 0 0 0 0 0 0
75.8500061 4.99992371E-2 2.89584335E-7 2.89584335E-7 0 0 0 0 0 0
75.9499969 4.99992371E-2 2.88929357E-7 2.88929357E-7 0 0 0 0 0 0
76.0500031 4.99992371E-2 2.88276652E-7 2.88276652E-7 0 0 0 0 0 0
76.1499939 4.99992371E-2 2.87626335E-7 2.87626335E-7 0 0 0 0 0 0
76.25 5.00030518E-2 2.8697832E-7 2.8697832E-7 0 0 0 0 0 0
76.3500061 4.99992371E-2 2.86332551E-7 2.86332551E-7 0 0 0 0 0 0
76.4499969 4.99992371E-2 2.85689111E-7 2.85689111E-7 0 0 0 0 0 0
76.5500031 4.99992371E-2 2.85048003E-7 2.85048003E-7 0 0 0 0 0 0
76.6499939 4.99992371E-2 2.84409111E-7 2.84409111E-7 0 0 0 0 0 0
76.75 5.00030518E-2 2.83772494E-7 2.83772494E-7 0 0 0 0 0 0
76.8500061 4.99992371E-2 2.83138093E-7 2.83138093E-7 0 0 0 0 0 0
76.9499969 4.99992371E-2 2.82505994E-7 2.82505994E-7 0 0 0 0 0 0
77.0500031 4.99992371E-2 2.81876055E-7 2.81876055E-7 0 0 0 0 0 0
77.1499939 4.99992371E-2 2.8124839E-7 2.8124839E-7 0 0 0 0 0 0
77.25 5.00030518E-2 2.80622885E-7 2.80622885E-7 0 0 0 0 0 0
77.3500061 4.99992371E-2 2.79999597E-7 2.79999597E-7 0 0 0 0 0 0
77.4499969 4.99992371E-2 2.79378497E-7 2.79378497E-7 0 0 0 0 0 0
77.5500031 4.99992371E-2 2.78759586E-7 2.78759586E-7 0 0 0 0 0 0
77.6499939 4.99992371E-2 2.78142835E-7 2.78142835E-7 0 0 0 0 0 0
77.75 5.00030518E-2 2.77528216E-7 2.77528216E-7 0 0 0 0 0 0
77.8500061 4.99992371E-2 2.76915728E-7 2.76915728E-7 0 0 0 0 0 0
77.9499969 4.99992371E-2 2.763054E-7 2.763054E-7 0 0 0 0 0 0
78.0500031 4.99992371E-2 2.75697232E-7 2.75697232E-7 0 0 0 0 0 0
78.1499939 4.99992371E-2 2.75091111E-7 2.75091111E-7 0 0 0 0 0 0
78.25 5.00030518E-2 2.74487121E-7 2.74487121E-7 0 0 0 0 0 0
78.3500061 4.99992371E-2 2.73885206E-7 2.73885206E-7 0 0 0 0 0 0
78.4499969 4.99992371E-2 2.73285423E-7 2.73285423E-7 0 0 0 0 0 0
78.5500031 4.99992371E-2 2.72687686E-7 2.72687686E-7 0 0 0 0 0 0
78.6499939 4.99992371E-2 2.72092024E-7 2.72092024E-7 0 0 0 0 0 0
78.75 5.00030518E-2 2.71498351E-7 2.71498351E-7 0 0 0 0 0 0
78.8500061 4.99992371E-2 2.70906753E-7 2.70906753E-7 0 0 0 0 0 0
78.9499969 4.99992371E-2 2.70317287E-7 2.70317287E-7 0 0 0 0 0 0
79.0500031 4.99992371E-2 2.69729725E-7 2.69729725E-7 0 0 0 0 0 0
79.1499939 4.99992371E-2 2.69144266E-7 2.69144266E-7 0 0 0 0 0 0
79.25 5.00030518E-2 2.6856074E-7 2.6856074E-7 0 0 0 0 0 0
79.3500061 4.99992371E-2 2.6797926E-7 2.6797926E-7 0 0 0 0 0 0
79.4499969 4.99992371E-2 2.67399713E-7 2.67399713E-7 0 0 0 0 0 0
79.5500031 4.99992371E-2 2.66822184E-7 2.66822184E-7 0 0 0 0 0 0
79.6499939 4.99992371E-2 2.66246644E-7 2.66246644E-7 0 0 0 0 0 0
79.75 5.00030518E-2 2.65673037E-7 2.65673037E-7 0 0 0 0 0 0
79.8500061 4.99992371E-2 2.65101392E-7 2.65101392E-7 0 0 0 0 0 0
79.9499969 4.99992371E-2 2.64531707E-7 2.64531707E-7 0 0 0 0 0 0
80.0500031 4.99992371E-2 2.63963898E-7 2.63963898E-7 0 0 0 0 0 0
80.1499939 4.99992371E-2 2.63398078E-7 2.63398078E-7 0 0 0 0 0 0
80.25 5.00030518E-2 2.62834106E-7 2.62834106E-7 0 0 0 0 0 0
80.3500061 4.99992371E-2 2.62272039E-7 2.62272039E-7 0 0 0 0 0 0
80.4499969 4.99992371E-2 2.61711932E-7 2.61711932E-7 0 0 0 0 0 0
80.5500031 4.99992371E-2 2.61153701E-7 2.61153701E-7 0 0 0 0 0 0
80.6499939 4.99992371E-2 2.60597346E-7 2.60597346E-7 0 0 0 0 0 0
80.75 5.00030518E-2 2.60042839E-7 2.60042839E-7 0 0 0 0 0 0
80.8500061 4.99992371E-2 2.59490179E-7 2.59490179E-7 0 0 0 0 0 0
80.9499969 4.99992371E-2 2.58939423E-7 2.58939423E-7 0 0 0 0 0 0
81.0500031 4.99992371E-2 2.58390514E-7 2.58390514E-7 0 0 0 0 0 0
81.1499939 4.99992371E-2 2.57843425E-7 2.57843425E-7 0 0 0 0 0 0
81.25 5.00030518E-2 2.57298154E-7 2.57298154E-7 0 0 0 0 0 0
81.3500061 4.99992371E-2 2.56754674E-7 2.56754674E-7 0 0 0 0 0 0
81.4499969 4.99992371E-2 2.56213042E-7 2.56213042E-7 0 0 0 0 0 0
81.5500031 4.99992371E-2 2.55673257E-7 2.55673257E-7 0 0 0 0 0 0
81.6499939 4.99992371E-2 2.55135205E-7 2.55135205E-7 0 0 0 0 0 0
81.75 5.00030518E-2 2.54598945E-7 2.54598945E-7 0 0 0 0 0 0
81.8500061 4.99992371E-2 2.54064474E-7 2.54064474E-7 0 0 0 0 0 0
81.9499969 4.99992371E-2 2.53531795E-7 2.53531795E-7 0 0 0 0 0 0
82.0500031 4.99992371E-2 2.53000877E-7 2.53000877E-7 0 0 0 0 0 0
82.1499939 4.99992371E-2 2.52471693E-7 2.52471693E-7 0 0 0 0 0 0
82.25 5.00030518E-2 2.51944272E-7 2.51944272E-7 0 0 0 0 0 0
82.3500061 4.99992371E-2 2.51418527E-7 2.51418527E-7 0 0 0 0 0 0
82.4499969 4.99992371E-2 2.50894601E-7 2.50894601E-7 0 0 0 0 0 0
82.5500031 4.99992371E-2 2.50372381E-7 2.50372381E-7 0 0 0 0 0 0
82.6499939 4.99992371E-2 2.49851865E-7 2.49851865E-7 0 0 0 0 0 0
82.75 5.00030518E-2 2.49333027E-7 2.49333027E-7 0 0 0 0 0 0
82.8500061 4.99992371E-2 2.48815923E-7 2.48815923E-7 0 0 0 0 0 0
82.9499969 4.99992371E-2 2.48300495E-7 2.48300495E-7 0 0 0 0 0 0
83.0500031 4.99992371E-2 2.47786801E-7 2.47786801E-7 0 0 0 0 0 0
83.1499939 4.99992371E-2 2.47274727E-7 2.47274727E-7 0 0 0 0 0 0
83.25 5.00030518E-2 2.46764358E-7 2.46764358E-7 0 0 0 0 0 0
83.3500061 4.99992371E-2 2.46255581E-7 2.46255581E-7 0 0 0 0 0 0
83.4499969 4.99992371E-2 2.45748595E-7 2.45748595E-7 0 0 0 0 0 0
83.5500031 4.99992371E-2 2.45243143E-7 2.45243143E-7 0 0 0 0 0 0
83.6499939 4.99992371E-2 2.44739397E-7 2.44739397E-7 0 0 0 0 0 0
83.75 5.00030518E-2 2.44237242E-7 2.44237242E-7 0 0 0 0 0 0
83.8500061 4.99992371E-2 2.43736736E-7 2.43736736E-7 0 0 0 0 0 0
83.9499969 4.99992371E-2 2.43237821E-7 2.43237821E-7 0 0 0 0 0 0
84.0500031 4.99992371E-2 2.42740555E-7 2.42740555E-7 0 0 0 0 0 0
84.1499939 4.99992371E-2 2.42244909E-7 2.42244909E-7 0 0 0 0 0 0
84.25 5.00030518E-2 2.41750826E-7 2.41750826E-7 0 0 0 0 0 0
84.3500061 4.99992371E-2 2.41258306E-7 2.41258306E-7 0 0 0 0 0 0
84.4499969 4.99992371E-2 2.40767434E-7 2.40767434E-7 0 0 0 0 0 0
84.5500031 4.99992371E-2 2.40278098E-7 2.40278098E-7 0 0 0 0 0 0
84.6499939 4.99992371E-2 2.39790353E-7 2.39790353E-7 0 0 0 0 0 0
84.75 5.00030518E-2 2.39304171E-7 2.39304171E-7 0 0 0 0 0 0
84.8500061 4.99992371E-2 2.38819496E-7 2.38819496E-7 0 0 0 0 0 0
84.9499969 4.99992371E-2 2.3833644E-7 2.3833644E-7 0 0 0 0 0 0
85.0500031 4.99992371E-2 2.37854877E-7 2.37854877E-7 0 0 0 0 0 0
85.1499939 4.99992371E-2 2.37374906E-7 2.37374906E-7 0 0 0 0 0 0
85.25 5.00030518E-2 2.36896426E-7 2.36896426E-7 0 0 0 0 0 0
85.3500061 4.99992371E-2 2.36419453E-7 2.36419453E-7 0 0 0 0 0 0
85.4499969 4.99992371E-2 2.35944015E-7 2.35944015E-7 0 0 0 0 0 0
85.5500031 4.99992371E-2 2.35470068E-7 2.35470068E-7 0 0 0 0 0 0
85.6499939 4.99992371E-2 2.34997671E-7 2.34997671E-7 0 0 0 0 0 0
85.75 5.00030518E-2 2.34526738E-7 2.34526738E-7 0 0 0 0 0 0
85.8500061 4.99992371E-2 2.3405731E-7 2.3405731E-7 0 0 0 0 0 0
85.9499969 4.99992371E-2 2.33589347E-7 2.33589347E-7 0 0 0 0 0 0
86.0500031 4.99992371E-2 2.33122876E-7 2.33122876E-7 0 0 0 0 0 0
86.1499939 4.99992371E-2 2.32657882E-7 2.32657882E-7 0 0 0 0 0 0
86.25 5.00030518E-2 2.3219431E-7 2.3219431E-7 0 0 0 0 0 0
86.3500061 4.99992371E-2 2.31732244E-7 2.31732244E-7 0 0 0 0 0 0
86.4499969 4.99992371E-2 2.31271613E-7 2.31271613E-7 0 0 0 0 0 0
86.5500031 4.99992371E-2 2.30812404E-7 2.30812404E-7 0 0 0 0 0 0
86.6499939 4.99992371E-2 2.30354686E-7 2.30354686E-7 0 0 0 0 0 0
86.75 5.00030518E-2 2.29898347E-7 2.29898347E-7 0 0 0 0 0 0
86.8500061 4.99992371E-2 2.29443458E-7 2.29443458E-7 0 0 0 0 0 0
86.9499969 4.99992371E-2 2.28990004E-7 2.28990004E-7 0 0 0 0 0 0
87.0500031 4.99992371E-2 2.28537942E-7 2.28537942E-7 0 0 0 0 0 0
87.1499939 4.99992371E-2 2.2808733E-7 2.2808733E-7 0 0 0 0 0 0
87.25 5.00030518E-2 2.27638111E-7 2.27638111E-7 0 0 0 0 0 0
87.3500061 4.99992371E-2 2.27190242E-7 2.27190242E-7 0 0 0 0 0 0
87.4499969 4.99992371E-2 2.26743808E-7 2.26743808E-7 0 0 0 0 0 0
87.5500031 4.99992371E-2 2.26298752E-7 2.26298752E-7 0 0 0 0 0 0
87.6499939 4.99992371E-2 2.25855061E-7 2.25855061E-7 0 0 0 0 0 0
87.75 5.00030518E-2 2.25412748E-7 2.25412748E-7 0 0 0 0 0 0
87.8500061 4.99992371E-2 2.24971799E-7 2.24971799E-7 0 0 0 0 0 0
87.9499969 4.99992371E-2 2.24532229E-7 2.24532229E-7 0 0 0 0 0 0
88.0500031 4.99992371E-2 2.24094009E-7 2.24094009E-7 0 0 0 0 0 0
88.1499939 4.99992371E-2 2.23657125E-7 2.23657125E-7 0 0 0 0 0 0
88.25 5.00030518E-2 2.23221619E-7 2.23221619E-7 0 0 0 0 0 0
88.3500061 4.99992371E-2 2.22787392E-7 2.22787392E-7 0 0 0 0 0 0
88.4499969 4.99992371E-2 2.22354544E-7 2.22354544E-7 0 0 0 0 0 0
88.5500031 4.99992371E-2 2.21923017E-7 2.21923017E-7 0 0 0 0 0 0
88.6499939 4.99992371E-2 2.21492854E-7 2.21492854E-7 0 0 0 0 0 0
88.75 5.00030518E-2 2.21063928E-7 2.21063928E-7 0 0 0 0 0 0
88.8500061 4.99992371E-2 2.20636352E-7 2.20636352E-7 0 0 0 0 0 0
88.9499969 4.99992371E-2 2.20210111E-7 2.20210111E-7 0 0 0 0 0 0
89.0500031 4.99992371E-2 2.19785107E-7 2.19785107E-7 0 0 0 0 0 0
89.1499939 4.99992371E-2 2.19361453E-7 2.19361453E-7 0 0 0 0 0 0
89.25 5.00030518E-2 2.18939078E-7 2.18939078E-7 0 0 0 0 0 0
89.3500061 4.99992371E-2 2.1851794E-7 2.1851794E-7 0 0 0 0 0 0
89.4499969 4.99992371E-2 2.18098137E-7 2.18098137E-7 0 0 0 0 0 0
89.5500031 4.99992371E-2 2.17679613E-7 2.17679613E-7 0 0 0 0 0 0
89.6499939 4.99992371E-2 2.17262311E-7 2.17262311E-7 0 0 0 0 0 0
89.75 5.00030518E-2 2.16846317E-7 2.16846317E-7 0 0 0 0 0 0
89.8500061 4.99992371E-2 2.16431488E-7 2.16431488E-7 0 0 0 0 0 0
89.9499969 4.99992371E-2 2.16018023E-7 2.16018023E-7 0 0 0 0 0 0
90.0500031 4.99992371E-2 2.15605766E-7 2.15605766E-7 0 0 0 0 0 0
90.1499939 4.99992371E-2 2.1519476E-7 2.1519476E-7 0 0 0 0 0 0
90.25 5.00030518E-2 2.14784976E-7 2.14784976E-7 0 0 0 0 0 0
90.3500061 4.99992371E-2 2.14376428E-7 2.14376428E-7 0 0 0 0 0 0
90.4499969 4.99992371E-2 2.13969102E-7 2.13969102E-7 0 0 0 0 0 0
90.5500031 4.99992371E-2 2.13562998E-7 2.13562998E-7 0 0 0 0 0 0
90.6499939 4.99992371E-2 2.13158131E-7 2.13158131E-7 0 0 0 0 0 0
90.75 5.00030518E-2 2.12754458E-7 2.12754458E-7 0 0 0 0 0 0
90.8500061 4.99992371E-2 2.12351978E-7 2.12351978E-7 0 0 0 0 0 0
90.9499969 4.99992371E-2 2.11950734E-7 2.11950734E-7 0 0 0 0 0 0
91.0500031 4.99992371E-2 2.1155067E-7 2.1155067E-7 0 0 0 0 0 0
91.1499939 4.99992371E-2 2.111518E-7 2.111518E-7 0 0 0 0 0 0
91.25 5.00030518E-2 2.10754109E-7 2.10754109E-7 0 0 0 0 0 0
91.3500061 4.99992371E-2 2.10357626E-7 2.10357626E-7 0 0 0 0 0 0
91.4499969 4.99992371E-2 2.0996228E-7 2.0996228E-7 0 0 0 0 0 0
91.5500031 4.99992371E-2 2.09568157E-7 2.09568157E-7 0 0 0 0 0 0
91.6499939 4.99992371E-2 2.09175184E-7 2.09175184E-7 0 0 0 0 0 0
91.75 5.00030518E-2 2.08783362E-7 2.08783362E-7 0 0 0 0 0 0
91.8500061 4.99992371E-2 2.08392706E-7 2.08392706E-7 0 0 0 0 0 0
91.9499969 4.99992371E-2 2.080032E-7 2.080032E-7 0 0 0 0 0 0
92.0500031 4.99992371E-2 2.07614832E-7 2.07614832E-7 0 0 0 0 0 0
92.1499939 4.99992371E-2 2.07227657E-7 2.07227657E-7 0 0 0 0 0 0
92.25 5.00030518E-2 2.06841577E-7 2.06841577E-7 0 0 0 0 0 0
92.3500061 4.99992371E-2 2.06456605E-7 2.06456605E-7 0 0 0 0 0 0
92.4499969 4.99992371E-2 2.06072855E-7 2.06072855E-7 0 0 0 0 0 0
92.5500031 4.99992371E-2 2.05690171E-7 2.05690171E-7 0 0 0 0 0 0
92.6499939 4.99992371E-2 2.05308623E-7 2.05308623E-7 0 0 0 0 0 0
92.75 5.00030518E-2 2.04928199E-7 2.04928199E-7 0 0 0 0 0 0
92.8500061 4.99992371E-2 2.04548854E-7 2.04548854E-7 0 0 0 0 0 0
92.9499969 4.99992371E-2 2.04170661E-7 2.04170661E-7 0 0 0 0 0 0
93.0500031 4.99992371E-2 2.03793547E-7 2.03793547E-7 0 0 0 0 0 0
93.1499939 4.99992371E-2 2.03417542E-7 2.03417542E-7 0 0 0 0 0 0
93.25 5.00030518E-2 2.03042632E-7 2.03042632E-7 0 0 0 0 0 0
93.3500061 4.99992371E-2 2.02668801E-7 2.02668801E-7 0 0 0 0 0 0
93.4499969 4.99992371E-2 2.02296064E-7 2.02296064E-7 0 0 0 0 0 0
93.5500031 4.99992371E-2 2.01924422E-7 2.01924422E-7 0 0 0 0 0 0
93.6499939 4.99992371E-2 2.0155386E-7 2.0155386E-7 0 0 0 0 0 0
93.75 5.00030518E-2 2.01184378E-7 2.01184378E-7 0 0 0 0 0 0
93.8500061 4.99992371E-2 2.00815919E-7 2.00815919E-7 0 0 0 0 0 0
93.9499969 4.99992371E-2 2.00448554E-7 2.00448554E-7 0 0 0 0 0 0
94.0500031 4.99992371E-2 2.00082269E-7 2.00082269E-7 0 0 0 0 0 0
94.1499939 4.99992371E-2 1.99717022E-7 1.99717022E-7 0 0 0 0 0 0
94.25 5.00030518E-2 1.99352826E-7 1.99352826E-7 0 0 0 0 0 0
94.3500061 4.99992371E-2 1.98989667E-7 1.98989667E-7 0 0 0 0 0 0
94.4499969 4.99992371E-2 1.98627603E-7 1.98627603E-7 0 0 0 0 0 0
94.5500031 4.99992371E-2 1.98266534E-7 1.98266534E-7 0 0 0 0 0 0
94.6499939 4.99992371E-2 1.97906516E-7 1.97906516E-7 0 0 0 0 0 0
94.75 5.00030518E-2 1.97547521E-7 1.97547521E-7 0 0 0 0 0 0
94.8500061 4.99992371E-2 1.97189536E-7 1.97189536E-7 0 0 0 0 0 0
94.9499969 4.99992371E-2 1.96832616E-7 1.96832616E-7 0 0 0 0 0 0
95.0500031 4.99992371E-2 1.96476719E-7 1.96476719E-7 0 0 0 0 0 0
95.1499939 4.99992371E-2 1.96121817E-7 1.96121817E-7 0 0 0 0 0 0
95.25 5.00030518E-2 1.95767939E-7 1.95767939E-7 0 0 0 0 0 0
95.3500061 4.99992371E-2 1.95415055E-7 1.95415055E-7 0 0 0 0 0 0
95.4499969 4.99992371E-2 1.95063151E-7 1.95063151E-7 0 0 0 0 0 0
95.5500031 4.99992371E-2 1.94712314E-7 1.94712314E-7 0 0 0 0 0 0
95.6499939 4.99992371E-2 1.94362428E-7 1.94362428E-7 0 0 0 0 0 0
95.75 5.00030518E-2 1.94013552E-7 1.94013552E-7 0 0 0 0 0 0
95.8500061 4.99992371E-2 1.93665642E-7 1.93665642E-7 0 0 0 0 0 0
95.9499969 4.99992371E-2 1.93318741E-7 1.93318741E-7 0 0 0 0 0 0
96.0500031 4.99992371E-2 1.9297282E-7 1.9297282E-7 0 0 0 0 0 0
96.1499939 4.99992371E-2 1.92627866E-7 1.92627866E-7 0 0 0 0 0 0
96.25 5.00030518E-2 1.92283892E-7 1.92283892E-7 0 0 0 0 0 0
96.3500061 4.99992371E-2 1.91940856E-7 1.91940856E-7 0 0 0 0 0 0
96.4499969 4.99992371E-2 1.91598829E-7 1.91598829E-7 0 0 0 0 0 0
96.5500031 4.99992371E-2 1.91257755E-7 1.91257755E-7 0 0 0 0 0 0
96.6499939 4.99992371E-2 1.9091766E-7 1.9091766E-7 0 0 0 0 0 0
96.75 5.00030518E-2 1.9057849E-7 1.9057849E-7 0 0 0 0 0 0
96.8500061 4.99992371E-2 1.90240257E-7 1.90240257E-7 0 0 0 0 0 0
96.9499969 4.99992371E-2 1.8990302E-7 1.8990302E-7 0 0 0 0 0 0
97.0500031 4.99992371E-2 1.89566677E-7 1.89566677E-7 0 0 0 0 0 0
97.1499939 4.99992371E-2 1.89231315E-7 1.89231315E-7 0 0 0 0 0 0
97.25 5.00030518E-2 1.88896863E-7 1.88896863E-7 0 0 0 0 0 0
97.3500061 4.99992371E-2 1.88563348E-7 1.88563348E-7 0 0 0 0 0 0
97.4499969 4.99992371E-2 1.88230771E-7 1.88230771E-7 0 0 0 0 0 0
97.5500031 4.99992371E-2 1.87899133E-7 1.87899133E-7 0 0 0 0 0 0
97.6499939 4.99992371E-2 1.87568403E-7 1.87568403E-7 0 0 0 0 0 0
97.75 5.00030518E-2 1.87238612E-7 1.87238612E-7 0 0 0 0 0 0
97.8500061 4.99992371E-2 1.86909688E-7 1.86909688E-7 0 0 0 0 0 0
97.9499969 4.99992371E-2 1.8658173E-7 1.8658173E-7 0 0 0 0 0 0
98.0500031 4.99992371E-2 1.86254667E-7 1.86254667E-7 0 0 0 0 0 0
98.1499939 4.99992371E-2 1.85928499E-7 1.85928499E-7 0 0 0 0 0 0
98.25 5.00030518E-2 1.85603227E-7 1.85603227E-7 0 0 0 0 0 0
98.3500061 4.99992371E-2 1.8527885E-7 1.8527885E-7 0 0 0 0 0 0
98.4499969 4.99992371E-2 1.84955397E-7 1.84955397E-7 0 0 0 0 0 0
98.5500031 4.99992371E-2 1.8463281E-7 1.8463281E-7 0 0 0 0 0 0
98.6499939 4.99992371E-2 1.84311133E-7 1.84311133E-7 0 0 0 0 0 0
98.75 5.00030518E-2 1.83990338E-7 1.83990338E-7 0 0 0 0 0 0
98.8500061 4.99992371E-2 1.83670394E-7 1.83670394E-7 0 0 0 0 0 0
98.9499969 4.99992371E-2 1.83351347E-7 1.83351347E-7 0 0 0 0 0 0
99.0500031 4.99992371E-2 1.8303318E-7 1.8303318E-7 0 0 0 0 0 0
99.1499939 4.99992371E-2 1.82715908E-7 1.82715908E-7 0 0 0 0 0 0
99.25 5.00030518E-2 1.82399461E-7 1.82399461E-7 0 0 0 0 0 0
99.3500061 4.99992371E-2 1.8208388E-7 1.8208388E-7 0 0 0 0 0 0
99.4499969 4.99992371E-2 1.81769195E-7 1.81769195E-7 0 0 0 0 0 0
99.5500031 4.99992371E-2 1.81455363E-7 1.81455363E-7 0 0 0 0 0 0
99.6499939 4.99992371E-2 1.81142354E-7 1.81142354E-7 0 0 0 0 0 0
99.75 5.00030518E-2 1.80830256E-7 1.80830256E-7 0 0 0 0 0 0
99.8500061 4.99992371E-2 1.80518953E-7 1.80518953E-7 0 0 0 0 0 0
99.9499969 4.99992371E-2 1.80208517E-7 1.80208517E-7 0 0 0 0 0 0
