#Energy Pol angle
0.105925372518 88.8128
0.118850222744 83.2627
0.133352143216 84.6335
0.149623565609 84.7161
0.167880401812 86.4702
0.188364908949 87.5502
0.211348903984 89.3023
0.237137370566 93.7194
0.26607250598 90.4865
0.298538261892 89.5043
0.334965439158 95.5453
0.375837404288 95.1443
0.421696503429 95.9729
0.473151258961 107.449
0.530884444231 130.418
0.595662143529 177.941
0.668343917569 160.531
0.749894209332 160.402
0.841395141645 168.93
0.944060876286 175.018
1.05925372518 177.594
1.18850222744 176.784
1.33352143216 174.931
1.49623565609 172.56
1.67880401812 172.413
1.88364908949 174.945
2.11348903984 178.592
2.37137370566 179.786
2.6607250598 177.648
2.98538261892 174.685
3.34965439158 175.691
3.75837404288 176.21
4.21696503429 173.427
4.73151258961 171.411
5.30884444231 171.515
5.95662143529 171.266
6.68343917569 174.242
7.49894209332 175.506
8.41395141645 170.692
9.44060876286 171.726
10.5925372518 174.797
11.8850222744 177.796
13.3352143216 177.015
14.9623565609 172.654
16.7880401812 173.152
18.8364908949 174.933
21.1348903984 177.654
23.7137370566 176.735
26.607250598 179.84
29.8538261892 177.675
33.4965439158 180.314
37.5837404288 198.446
42.1696503429 186.521
47.3151258961 164.552
53.0884444231 172.969
59.5662143529 180.284
66.8343917569 179.618
74.9894209332 181.626
84.1395141645 176.429
94.4060876286 171.895
