#Energy Pol angle
0.105925372518 0.358122
0.118850222744 0.404562
0.133352143216 0.44486
0.149623565609 0.401011
0.167880401812 0.309941
0.188364908949 0.285713
0.211348903984 0.339005
0.237137370566 0.334255
0.26607250598 0.279292
0.298538261892 0.252436
0.334965439158 0.232134
0.375837404288 0.17739
0.421696503429 0.153037
0.473151258961 0.185556
0.530884444231 0.063407
0.595662143529 0.110217
0.668343917569 0.164949
0.749894209332 0.285508
0.841395141645 0.429632
0.944060876286 0.539291
1.05925372518 0.752568
1.18850222744 0.949597
1.33352143216 1.00017
1.49623565609 1.16335
1.67880401812 1.3488
1.88364908949 1.3738
2.11348903984 1.38725
2.37137370566 1.41893
2.6607250598 1.4655
2.98538261892 1.50294
3.34965439158 1.62571
3.75837404288 1.84938
4.21696503429 1.92012
4.73151258961 1.98839
5.30884444231 2.03598
5.95662143529 2.0383
6.68343917569 1.89472
7.49894209332 1.93077
8.41395141645 1.94481
9.44060876286 1.86491
10.5925372518 1.44894
11.8850222744 1.276
13.3352143216 1.24351
14.9623565609 1.6627
16.7880401812 2.14723
18.8364908949 1.51754
21.1348903984 1.12009
23.7137370566 1.96675
26.607250598 2.69103
29.8538261892 2.26179
33.4965439158 1.72481
37.5837404288 1.69199
42.1696503429 1.65417
47.3151258961 1.56478
53.0884444231 1.93245
59.5662143529 2.07444
66.8343917569 1.55998
74.9894209332 1.6017
84.1395141645 1.57533
94.4060876286 1.95033
