#Energy Pol angle
0.105925372518 93.7843
0.118850222744 90.2333
0.133352143216 89.2722
0.149623565609 89.7598
0.167880401812 89.7953
0.188364908949 91.8582
0.211348903984 92.32
0.237137370566 93.2249
0.26607250598 92.4974
0.298538261892 93.5307
0.334965439158 94.0175
0.375837404288 93.006
0.421696503429 96.587
0.473151258961 104.94
0.530884444231 123.023
0.595662143529 160.55
0.668343917569 169.419
0.749894209332 173.188
0.841395141645 174.481
0.944060876286 174.576
1.05925372518 175.235
1.18850222744 174.749
1.33352143216 174.013
1.49623565609 175.321
1.67880401812 175.921
1.88364908949 175.489
2.11348903984 174.416
2.37137370566 173.616
2.6607250598 175.474
2.98538261892 177.286
3.34965439158 174.851
3.75837404288 172.177
4.21696503429 171.96
4.73151258961 172.546
5.30884444231 174.849
5.95662143529 176.369
6.68343917569 174.604
7.49894209332 174.801
8.41395141645 176.527
9.44060876286 172.979
10.5925372518 172.614
11.8850222744 173.891
13.3352143216 173.761
14.9623565609 176.21
16.7880401812 177.33
18.8364908949 176.857
21.1348903984 175
23.7137370566 174.364
26.607250598 172.071
29.8538261892 169.74
33.4965439158 172.496
37.5837404288 176.621
42.1696503429 176.604
47.3151258961 174.674
53.0884444231 176.732
59.5662143529 179.231
66.8343917569 175.867
74.9894209332 173.031
84.1395141645 176.088
94.4060876286 180.043
