#Energy Pol degree
0.105925372518 1.28732
0.118850222744 1.23898
0.133352143216 1.1819
0.149623565609 1.20855
0.167880401812 1.20605
0.188364908949 1.12262
0.211348903984 1.03116
0.237137370566 0.871533
0.26607250598 0.854438
0.298538261892 0.817705
0.334965439158 0.761661
0.375837404288 0.638255
0.421696503429 0.421046
0.473151258961 0.272762
0.530884444231 0.144071
0.595662143529 0.166939
0.668343917569 0.37858
0.749894209332 0.755716
0.841395141645 1.03582
0.944060876286 1.32783
1.05925372518 1.65534
1.18850222744 1.84161
1.33352143216 2.0828
1.49623565609 2.38163
1.67880401812 2.65422
1.88364908949 2.85804
2.11348903984 3.03886
2.37137370566 3.09551
2.6607250598 3.24597
2.98538261892 3.40008
3.34965439158 3.45846
3.75837404288 3.56066
4.21696503429 3.404
4.73151258961 3.6684
5.30884444231 3.79797
5.95662143529 3.56394
6.68343917569 3.47902
7.49894209332 3.76772
8.41395141645 3.93122
9.44060876286 4.05187
10.5925372518 4.33448
11.8850222744 4.17711
13.3352143216 3.99768
14.9623565609 4.14748
16.7880401812 4.4204
18.8364908949 4.51782
21.1348903984 3.58978
23.7137370566 3.00514
26.607250598 3.69362
29.8538261892 3.99339
33.4965439158 3.81571
37.5837404288 3.0239
42.1696503429 2.35131
47.3151258961 2.74757
53.0884444231 3.18469
59.5662143529 4.22792
66.8343917569 5.10747
74.9894209332 5.57445
84.1395141645 4.62841
94.4060876286 3.36199
