#Energy Pol angle
0.9325 3.49301
2.5975 0.813489
4.2625 0.313113
5.9275 0.169976
7.5925 0.11033
9.2575 0.080086
10.9225 0.0597928
12.5875 0.0479343
14.2525 0.0387101
15.9175 0.0323105
17.5825 0.0273736
19.2475 0.0235116
20.9125 0.0203999
22.5775 0.0183763
24.2425 0.0162897
25.9075 0.0142837
27.5725 0.0127101
29.2375 0.0114665
30.9025 0.0105878
32.5675 0.00967721
34.2325 0.00908434
35.8975 0.00879322
37.5625 0.00774408
39.2275 0.00690786
40.8925 0.00704946
42.5575 0.00618519
44.2225 0.00619578
45.8875 0.00547145
47.5525 0.0052481
49.2175 0.00488721
50.8825 0.0048183
52.5475 0.0043489
54.2125 0.00390014
55.8775 0.00425158
57.5425 0.00389619
59.2075 0.00325084
60.8725 0.00328818
62.5375 0.00327282
64.2025 0.00302007
65.8675 0.00284533
67.5325 0.00285072
69.1975 0.00267252
70.8625 0.0026044
72.5275 0.00234522
74.1925 0.00243469
75.8575 0.0024863
77.5225 0.00228152
79.1875 0.00224497
80.8525 0.00214237
82.5175 0.00205599
84.1825 0.00199287
85.8475 0.00185867
87.5125 0.00196198
89.1775 0.00168826
90.8425 0.00165049
92.5075 0.00174531
94.1725 0.00157436
95.8375 0.00148467
97.5025 0.00158892
99.1675 0
100.832 0
