# Photon    Coherent Incoher. Photoel. 
# Energy    Scatter. Scatter. Absorb.  
#
1.000E-03 3.787E-01 1.017E-02 6.044E+01 
1.100E-03 3.739E-01 1.214E-02 4.443E+01 
1.200E-03 3.693E-01 1.425E-02 3.356E+01 
1.300E-03 3.647E-01 1.650E-02 2.593E+01 
1.400E-03 3.598E-01 1.887E-02 2.044E+01 
1.500E-03 3.546E-01 2.135E-02 1.638E+01 
1.600E-03 3.492E-01 2.392E-02 1.333E+01 
1.700E-03 3.435E-01 2.656E-02 1.098E+01 
1.800E-03 3.376E-01 2.927E-02 9.143E+00 
1.900E-03 3.316E-01 3.204E-02 7.682E+00 
2.000E-03 3.254E-01 3.486E-02 6.504E+00 
2.100E-03 3.192E-01 3.771E-02 5.545E+00 
2.200E-03 3.129E-01 4.059E-02 4.757E+00 
2.300E-03 3.066E-01 4.349E-02 4.106E+00 
2.400E-03 3.003E-01 4.640E-02 3.563E+00 
2.500E-03 2.939E-01 4.931E-02 3.108E+00 
2.600E-03 2.876E-01 5.221E-02 2.725E+00 
2.700E-03 2.813E-01 5.510E-02 2.400E+00 
2.800E-03 2.750E-01 5.798E-02 2.122E+00 
2.900E-03 2.688E-01 6.082E-02 1.885E+00 
3.000E-03 2.627E-01 6.364E-02 1.681E+00 
3.100E-03 2.566E-01 6.643E-02 1.504E+00 
3.200E-03 2.506E-01 6.917E-02 1.350E+00 
3.300E-03 2.448E-01 7.188E-02 1.217E+00 
3.400E-03 2.390E-01 7.454E-02 1.100E+00 
3.500E-03 2.333E-01 7.715E-02 9.971E-01 
3.600E-03 2.277E-01 7.972E-02 9.067E-01 
3.700E-03 2.222E-01 8.224E-02 8.268E-01 
3.800E-03 2.168E-01 8.471E-02 7.560E-01 
3.900E-03 2.116E-01 8.713E-02 6.931E-01 
4.000E-03 2.064E-01 8.949E-02 6.370E-01 
4.100E-03 2.014E-01 9.180E-02 5.869E-01 
4.200E-03 1.965E-01 9.406E-02 5.419E-01 
4.300E-03 1.917E-01 9.627E-02 5.014E-01 
4.400E-03 1.870E-01 9.842E-02 4.648E-01 
4.500E-03 1.825E-01 1.005E-01 4.316E-01 
4.600E-03 1.781E-01 1.026E-01 4.014E-01 
4.700E-03 1.738E-01 1.046E-01 3.740E-01 
4.800E-03 1.696E-01 1.065E-01 3.489E-01 
4.900E-03 1.655E-01 1.084E-01 3.259E-01 
5.000E-03 1.616E-01 1.103E-01 3.048E-01 
5.100E-03 1.578E-01 1.120E-01 2.854E-01 
5.200E-03 1.540E-01 1.138E-01 2.676E-01 
5.300E-03 1.504E-01 1.155E-01 2.511E-01 
5.400E-03 1.469E-01 1.171E-01 2.359E-01 
5.500E-03 1.435E-01 1.188E-01 2.218E-01 
5.600E-03 1.402E-01 1.203E-01 2.088E-01 
5.700E-03 1.370E-01 1.218E-01 1.967E-01 
5.800E-03 1.339E-01 1.233E-01 1.855E-01 
5.900E-03 1.309E-01 1.248E-01 1.751E-01 
6.000E-03 1.280E-01 1.262E-01 1.654E-01 
6.100E-03 1.251E-01 1.275E-01 1.563E-01 
6.200E-03 1.224E-01 1.288E-01 1.479E-01 
6.300E-03 1.197E-01 1.301E-01 1.400E-01 
6.400E-03 1.171E-01 1.314E-01 1.327E-01 
6.500E-03 1.146E-01 1.326E-01 1.258E-01 
6.600E-03 1.121E-01 1.338E-01 1.194E-01 
6.700E-03 1.097E-01 1.349E-01 1.134E-01 
6.800E-03 1.074E-01 1.360E-01 1.078E-01 
6.900E-03 1.052E-01 1.371E-01 1.025E-01 
7.000E-03 1.030E-01 1.382E-01 9.758E-02 
7.100E-03 1.009E-01 1.392E-01 9.294E-02 
7.200E-03 9.880E-02 1.402E-01 8.859E-02 
7.300E-03 9.680E-02 1.412E-01 8.450E-02 
7.400E-03 9.485E-02 1.421E-01 8.065E-02 
7.500E-03 9.296E-02 1.430E-01 7.704E-02 
7.600E-03 9.112E-02 1.439E-01 7.363E-02 
7.700E-03 8.933E-02 1.448E-01 7.042E-02 
7.800E-03 8.759E-02 1.456E-01 6.739E-02 
7.900E-03 8.590E-02 1.464E-01 6.453E-02 
8.000E-03 8.426E-02 1.472E-01 6.184E-02 
8.100E-03 8.265E-02 1.480E-01 5.929E-02 
8.200E-03 8.110E-02 1.487E-01 5.688E-02 
8.300E-03 7.958E-02 1.495E-01 5.460E-02 
8.400E-03 7.811E-02 1.502E-01 5.244E-02 
8.500E-03 7.667E-02 1.509E-01 5.039E-02 
8.600E-03 7.527E-02 1.516E-01 4.845E-02 
8.700E-03 7.391E-02 1.522E-01 4.660E-02 
8.800E-03 7.258E-02 1.529E-01 4.485E-02 
8.900E-03 7.129E-02 1.535E-01 4.318E-02 
9.000E-03 7.003E-02 1.541E-01 4.159E-02 
9.100E-03 6.881E-02 1.547E-01 4.008E-02 
9.200E-03 6.761E-02 1.552E-01 3.864E-02 
9.300E-03 6.645E-02 1.558E-01 3.726E-02 
9.400E-03 6.531E-02 1.564E-01 3.595E-02 
9.500E-03 6.420E-02 1.569E-01 3.470E-02 
9.600E-03 6.312E-02 1.574E-01 3.350E-02 
9.700E-03 6.207E-02 1.579E-01 3.235E-02 
9.800E-03 6.104E-02 1.584E-01 3.126E-02 
9.900E-03 6.003E-02 1.589E-01 3.021E-02 
1.000E-02 5.905E-02 1.593E-01 2.920E-02 
1.010E-02 5.810E-02 1.598E-01 2.824E-02 
1.020E-02 5.716E-02 1.602E-01 2.732E-02 
1.030E-02 5.625E-02 1.607E-01 2.643E-02 
1.040E-02 5.536E-02 1.611E-01 2.558E-02 
1.050E-02 5.449E-02 1.615E-01 2.477E-02 
1.060E-02 5.364E-02 1.619E-01 2.399E-02 
1.070E-02 5.281E-02 1.623E-01 2.324E-02 
1.080E-02 5.200E-02 1.626E-01 2.251E-02 
1.090E-02 5.121E-02 1.630E-01 2.182E-02 
1.100E-02 5.043E-02 1.634E-01 2.115E-02 
1.110E-02 4.967E-02 1.637E-01 2.051E-02 
1.120E-02 4.893E-02 1.641E-01 1.990E-02 
1.130E-02 4.821E-02 1.644E-01 1.931E-02 
1.140E-02 4.750E-02 1.647E-01 1.874E-02 
1.150E-02 4.680E-02 1.650E-01 1.819E-02 
1.160E-02 4.612E-02 1.653E-01 1.766E-02 
1.170E-02 4.546E-02 1.656E-01 1.715E-02 
1.180E-02 4.481E-02 1.659E-01 1.666E-02 
1.190E-02 4.417E-02 1.662E-01 1.619E-02 
1.200E-02 4.354E-02 1.665E-01 1.573E-02 
